step,system_total_stopped,system_total_waiting_time,system_mean_waiting_time,system_mean_speed,2713455438_stopped,2713455438_accumulated_waiting_time,2713455438_average_speed,370205755_stopped,370205755_accumulated_waiting_time,370205755_average_speed,cluster_2713455439_370205651_370205726_stopped,cluster_2713455439_370205651_370205726_accumulated_waiting_time,cluster_2713455439_370205651_370205726_average_speed,cluster_2713455440_370205753_370205754_stopped,cluster_2713455440_370205753_370205754_accumulated_waiting_time,cluster_2713455440_370205753_370205754_average_speed,cluster_2713455441_492430579_492643882_stopped,cluster_2713455441_492430579_492643882_accumulated_waiting_time,cluster_2713455441_492430579_492643882_average_speed,cluster_370205730_370205735_5216485104_5216485107_#2more_stopped,cluster_370205730_370205735_5216485104_5216485107_#2more_accumulated_waiting_time,cluster_370205730_370205735_5216485104_5216485107_#2more_average_speed,cluster_4150407559_4150407560_491542284_492430582_#1more_stopped,cluster_4150407559_4150407560_491542284_492430582_#1more_accumulated_waiting_time,cluster_4150407559_4150407560_491542284_492430582_#1more_average_speed,joinedS_492643878_492643880_stopped,joinedS_492643878_492643880_accumulated_waiting_time,joinedS_492643878_492643880_average_speed,joinedS_492643897_541338683_stopped,joinedS_492643897_541338683_accumulated_waiting_time,joinedS_492643897_541338683_average_speed,agents_total_stopped,agents_total_accumulated_waiting_time
5.0,0,0.0,0.0,13.203255950545676,0,0.0,1.0,0,0.0,1.0,0,0.0,1.0,0,0.0,1.0,0,0.0,0.9144385290937059,0,0.0,1.0,0,0.0,1.0,0,0.0,0.9806250949249632,0,0.0,1.0,0,0.0
10.0,0,0.0,0.0,12.416346755426611,0,0.0,1.0,0,0.0,0.9962645311983475,0,0.0,0.9125302865237644,0,0.0,1.0,0,0.0,0.950572229572079,0,0.0,1.0,0,0.0,1.0,0,0.0,0.9419358922939957,0,0.0,1.0,0,0.0
15.0,0,0.0,0.0,12.65507772829707,0,0.0,0.4395464572223286,0,0.0,0.9490833482936412,0,0.0,0.9375643675198395,0,0.0,1.0,0,0.0,1.0,0,0.0,0.9229121003780079,0,0.0,1.0,0,0.0,0.8665833251076457,0,0.0,1.0,0,0.0
20.0,0,0.0,0.0,10.274976266218761,0,0.0,0.8717750679857225,0,0.0,0.8327427275785567,0,0.0,0.9148097145494538,0,0.0,0.9653910378839322,0,0.0,1.0,0,0.0,0.9554673036247889,0,0.0,0.971905465330521,0,0.0,0.729751472852215,0,0.0,0.6695117784809214,0,0.0
25.0,1,1.0,0.034482758620689655,10.132808603826588,0,0.0,1.0,0,0.0,0.9619762370782671,0,0.0,0.9382762448021293,0,0.0,0.8242605598423873,0,2.0,0.5607718477074276,0,0.0,1.0,0,0.0,0.38185603546007113,1,1.0,0.6168071390013408,0,0.0,0.8891030664166117,1,3.0
30.0,2,7.0,0.2,11.270292590664832,0,0.0,1.0,0,0.0,1.0,0,0.0,0.9481093408670267,1,1.0,0.48050124757886553,0,0.0,0.941450387510892,0,0.0,1.0,0,0.0,0.603676765181964,1,6.0,0.7545684983625971,0,0.0,0.9905054154208417,2,7.0
35.0,5,16.0,0.4,9.991928720338327,0,0.0,1.0,0,0.0,1.0,0,0.0,0.9470284185237203,2,2.0,0.13853035957809579,0,0.0,0.9949856409505983,0,0.0,1.0,0,0.0,0.9362369060053872,1,5.0,0.6588847849927288,1,1.0,0.712376929267375,4,8.0
40.0,5,20.0,0.45454545454545453,9.51918296878833,0,0.0,1.0,0,0.0,1.0,0,0.0,0.962545596466536,2,11.0,0.151582122529446,0,0.0,0.6180619652521564,0,0.0,1.0,0,0.0,0.5586393531543338,1,2.0,0.5734693216060646,2,7.0,0.5575940657725159,5,20.0
45.0,10,57.0,1.163265306122449,9.118906473230602,0,0.0,0.773775924429234,0,0.0,1.0,0,0.0,0.960401955150242,3,25.0,0.24384398806041505,0,0.0,0.9830491042071063,0,0.0,1.0,1,2.0,0.474672196725848,2,10.0,0.32610481954497833,3,19.0,0.27974071772141007,9,56.0
50.0,8,45.0,0.8181818181818182,9.266856235749742,1,1.0,0.0003857326536431078,0,0.0,1.0,0,0.0,0.70479075842638,1,9.0,0.45274242683768734,0,4.0,0.8610102140121706,0,0.0,1.0,0,0.0,0.7505820582966004,2,20.0,0.0,2,8.0,0.5556019484885294,6,42.0
55.0,8,40.0,0.6557377049180327,9.00799547983396,1,6.0,0.2003790912699829,0,3.0,0.9168777120765232,1,4.0,0.4330990211269428,0,0.0,0.8059646150037996,1,6.0,0.5917181043259631,0,0.0,1.0,1,1.0,0.5846731261366206,1,17.0,0.5803201073972574,2,3.0,0.5424967258803386,7,40.0
60.0,10,52.0,0.7878787878787878,9.027215791857351,0,0.0,0.6721088177599128,0,3.0,0.9251130050013394,2,16.0,0.5756567733963645,1,2.0,0.6029162591414016,0,8.0,0.6236897761972169,0,0.0,0.9212315850820472,1,11.0,0.4396985233750918,1,6.0,0.7127299822223602,2,13.0,0.31216267604257747,7,59.0
65.0,5,32.0,0.4507042253521127,9.015726479759524,1,2.0,0.25431008035727387,0,3.0,0.9355593454294248,0,0.0,0.6346847326860042,1,5.0,0.5488176000005894,1,9.0,0.5881221791759705,0,0.0,0.9764959142681126,0,9.0,0.3961652061265573,1,11.0,0.7782136905640789,0,0.0,0.965578730165032,4,39.0
70.0,5,50.0,0.6493506493506493,9.726304808727539,1,7.0,0.33297474506361074,0,3.0,0.949556558649986,0,0.0,0.9528894332770388,1,6.0,0.5102703791842345,1,14.0,0.6402051466513274,0,0.0,0.45031132265476864,1,9.0,0.6120027661864036,0,8.0,0.7583311278695085,0,4.0,0.7080313732337746,4,51.0
75.0,6,62.0,0.7469879518072289,10.101673897446052,0,0.0,0.933407098452397,0,3.0,0.9694459175019784,0,0.0,0.9210598220284492,1,11.0,0.09643700349808453,0,4.0,0.6749643485810269,0,0.0,0.8382060841797232,1,14.0,0.5030055083199978,1,9.0,0.7183325829129407,1,8.0,0.4873961814394059,4,49.0
80.0,8,67.0,0.7613636363636364,9.992254003907076,0,0.0,0.685661564502331,0,3.0,0.9696097767177129,0,0.0,0.9631116260941531,1,8.0,0.5079303349815968,0,0.0,0.8427276669246588,0,0.0,0.6597933364252768,0,0.0,0.8014630217597614,1,14.0,0.5706896209620598,1,9.0,0.7288846658036588,3,34.0
85.0,3,7.0,0.07692307692307693,9.505857431074421,1,3.0,0.6102248473482632,0,4.0,0.6250038990116741,0,4.0,0.9267364721287965,0,8.0,0.9426580291792283,0,0.0,0.917314606317241,0,0.0,1.0,0,0.0,0.6896164412240898,0,4.0,0.032729559868442976,0,42.0,0.8460678726098405,1,65.0
90.0,6,23.0,0.23958333333333334,9.834080194160757,0,0.0,0.6557705712487388,0,8.0,0.7154480266455162,0,3.0,0.938501123496287,0,8.0,0.873911227477615,0,1.0,0.858876744758345,0,0.0,1.0,0,0.0,0.9478447581236623,1,9.0,0.4861124590836004,0,42.0,0.7794956063225266,1,71.0
95.0,8,47.0,0.47474747474747475,9.713618380440284,1,3.0,0.44842831878821265,1,13.0,0.8066872370938764,0,7.0,0.8234932028910933,0,0.0,0.9122522555286098,0,1.0,0.732749071396149,0,0.0,1.0,0,12.0,0.4874343946744963,1,14.0,0.7215745222585531,1,51.0,0.5969473838443439,4,101.0
100.0,12,81.0,0.7941176470588235,9.208623844135186,1,12.0,0.6999942909150347,1,14.0,0.7819041106667672,0,4.0,0.9561204310470757,0,4.0,0.8456897755561966,0,1.0,0.9679260942901853,0,0.0,1.0,3,24.0,0.31061531446948526,0,0.0,0.6769704920734075,0,4.0,0.8207481501084677,5,63.0
105.0,13,93.0,0.8773584905660378,9.84120734896551,1,17.0,0.7619663840233354,0,4.0,0.9368838667892071,0,4.0,0.9398039711566896,1,10.0,0.7531635694519124,0,1.0,0.8426440645082004,0,0.0,0.9291925125250675,3,33.0,0.3841530350599472,1,5.0,0.7280777368598169,1,36.0,0.6113590769421033,7,110.0
110.0,9,77.0,0.7064220183486238,9.342667504041316,1,18.0,0.653517646900938,0,4.0,0.9537766809976996,0,8.0,0.9487888820103483,1,11.0,0.7461349939143328,0,5.0,0.6726812684511664,0,0.0,0.7546252624652853,0,6.0,0.5463996964123996,2,12.0,0.47403943759823897,2,81.0,0.6018070124300345,6,145.0
115.0,17,99.0,0.8839285714285714,8.584413745547549,2,24.0,0.37579668642366426,0,0.0,0.930793897796231,0,8.0,0.8880821959212206,2,6.0,0.26389001251443883,0,4.0,0.8909814404530351,0,0.0,0.9459758288008889,2,17.0,0.43024506199195417,4,18.0,0.4328589335563365,3,87.0,0.5105899714439058,13,164.0
120.0,19,152.0,1.3103448275862069,8.45900857784517,2,33.0,0.2997192432087943,1,6.0,0.6507306048248607,1,10.0,0.8481761155331796,4,24.0,0.2799067030718275,2,9.0,0.4451257096505699,0,0.0,1.0,4,43.0,0.49330968882873244,1,22.0,0.41465194715666953,1,52.0,0.47663165656243073,16,199.0
125.0,20,174.0,1.4745762711864407,8.52524291477969,3,49.0,0.3785783668951502,2,13.0,0.47781616810800037,1,15.0,0.8138091616959288,4,44.0,0.4970826373171158,2,12.0,0.48365012236544946,0,2.0,0.8792174633134461,2,25.0,0.4954108792499769,3,24.0,0.39200259771289714,2,22.0,0.328149392871559,19,206.0
130.0,12,68.0,0.5528455284552846,8.829880842934372,1,7.0,0.19075822193859326,2,23.0,0.470754120666211,1,10.0,0.8604967327472058,1,2.0,0.7415665910504354,0,4.0,0.8021549461793968,0,0.0,0.9754808108666608,3,10.0,0.3465052706740683,1,3.0,0.7161223106795128,3,36.0,0.23550522411084207,12,95.0
135.0,8,51.0,0.40476190476190477,9.773142922336417,1,4.0,0.4571423092005268,0,4.0,0.9380300079400622,0,8.0,0.8661341636262393,1,11.0,0.7798290175892832,0,9.0,0.716237489176726,0,1.0,0.8724893926794598,3,46.0,0.34230708517983943,0,0.0,0.7540156643244761,2,20.0,0.18538874747223055,7,103.0
140.0,9,52.0,0.416,10.350168697269295,1,9.0,0.6728359791567942,0,4.0,0.8888663535940413,1,11.0,0.8317191662600971,1,16.0,0.6363864239971793,1,15.0,0.5810362672647058,0,1.0,0.9941268938676431,2,33.0,0.48572397449376953,0,8.0,0.8720940778487766,1,15.0,0.5982626838458652,7,112.0
145.0,6,35.0,0.2713178294573643,9.585652059070794,0,4.0,0.7300190184048219,0,4.0,0.9553603250168268,0,0.0,0.7929473389263931,0,4.0,0.8255963916028916,2,13.0,0.46694954136324224,0,0.0,0.9392453671678411,1,40.0,0.5726166400889751,1,9.0,0.6932514549658387,1,15.0,0.625497349132719,5,89.0
150.0,14,61.0,0.45864661654135336,9.6169968673533,2,7.0,0.40566078408500555,0,4.0,0.47312403599795966,1,9.0,0.8096664576339129,1,10.0,0.6003694759135628,2,19.0,0.4283148488962068,0,0.0,0.6287630680915658,3,26.0,0.5384651672096956,2,16.0,0.6151073724013127,1,8.0,0.59746126877834,12,99.0
155.0,15,81.0,0.5955882352941176,8.979279015721865,4,21.0,0.352628377163898,1,9.0,0.4967151548890163,1,14.0,0.4919076621159298,3,23.0,0.3846324008182848,3,29.0,0.5077270698064383,0,21.0,0.8669168416565867,0,29.0,0.5851543777418328,2,18.0,0.5381347686734295,0,6.0,0.7608897381786861,14,170.0
160.0,15,90.0,0.656934306569343,8.35059957974946,3,34.0,0.3875642912708527,1,14.0,0.6376432409264282,2,6.0,0.31928803714924814,0,8.0,0.7962128472119734,2,23.0,0.4507773450583512,0,21.0,0.9655910757303572,1,32.0,0.3618638955383346,3,18.0,0.5191323756073398,1,8.0,0.6331531893542232,13,164.0
165.0,15,98.0,0.7050359712230215,9.323897102363771,3,37.0,0.3698094308141513,0,0.0,0.9780813045430334,0,3.0,0.6718915578375364,0,37.0,0.8231500579037678,4,28.0,0.4174780661459582,0,0.0,0.9237727064163489,3,47.0,0.5996917832978325,2,15.0,0.5093416787698213,0,4.0,0.9195220200865271,12,171.0
170.0,16,139.0,0.9928571428571429,9.321362509274168,5,65.0,0.32906855956209,0,0.0,0.9211540983539354,0,0.0,0.9722060041119157,1,49.0,0.7190425269238586,5,52.0,0.33491869506895217,0,0.0,1.0,0,8.0,0.8808684252888647,3,26.0,0.19445330209573222,0,6.0,0.9812148894651411,14,206.0
175.0,20,137.0,0.9513888888888888,9.238584860062492,3,44.0,0.5250327832624818,0,0.0,0.9865657704894082,0,0.0,0.7827752776643233,2,39.0,0.5088784988806009,7,69.0,0.31877433483035045,0,0.0,0.9918450875044705,1,7.0,0.6509956632271011,2,9.0,0.4983198989879826,0,10.0,0.8005145772840343,15,178.0
180.0,16,97.0,0.6783216783216783,9.01804221294619,2,33.0,0.47296960985501746,0,0.0,0.9357342132200298,2,12.0,0.3858554574435838,1,34.0,0.5626733017732152,4,84.0,0.31393518161471273,0,0.0,1.0,3,20.0,0.3984804690041636,1,10.0,0.7836620125798913,0,8.0,0.7127073675336252,13,201.0
185.0,15,119.0,0.8263888888888888,10.006498170714552,2,31.0,0.5886695286485688,0,0.0,0.8922647541522876,3,39.0,0.31623668499807817,2,43.0,0.5814753799982636,2,59.0,0.45374156465081955,0,1.0,0.9969107265782119,3,17.0,0.31091985973862296,1,15.0,0.8140549577564162,0,8.0,0.7741063699146505,13,213.0
190.0,14,81.0,0.5586206896551724,9.14893913407755,2,19.0,0.4688405688746302,0,3.0,0.9701415105586193,1,8.0,0.48173852410903184,3,54.0,0.6621661440110388,1,45.0,0.5765546598127934,0,0.0,1.0,2,30.0,0.36314334554122213,2,22.0,0.4064337041184282,2,14.0,0.46833342791446564,13,195.0
195.0,17,95.0,0.6506849315068494,9.02676494870089,2,23.0,0.5875465241422799,0,3.0,0.9032771437092908,0,0.0,0.9700979105999881,1,18.0,0.6012253599382722,4,58.0,0.46876475266797024,0,0.0,1.0,6,49.0,0.27049098064354316,1,3.0,0.6703909291203354,0,4.0,0.6694866410769227,14,158.0
200.0,25,161.0,1.110344827586207,8.785681063611449,4,40.0,0.4446558555071501,0,3.0,0.9285866817025298,0,0.0,0.9805589816589019,1,11.0,0.6126883442022826,7,83.0,0.2591301814148053,0,0.0,1.0,6,48.0,0.34510559484443476,2,12.0,0.36696179757733566,1,19.0,0.7326350494021,21,216.0
205.0,21,182.0,1.2465753424657535,8.357302164879457,3,43.0,0.4545191888166109,0,3.0,0.9257201654924572,0,0.0,0.9346734282307085,2,11.0,0.5632628913205835,7,89.0,0.19954901443936365,0,16.0,0.9475639369969264,2,25.0,0.3385352548880336,2,20.0,0.39660991665081896,2,28.0,0.703131733600872,18,235.0
210.0,19,151.0,1.0066666666666666,8.729382173586595,4,46.0,0.38227015424736355,0,3.0,0.9636195610267222,1,12.0,0.8000403644115462,1,9.0,0.50173522482446,2,86.0,0.25407847086614904,0,0.0,0.9832841691248773,4,29.0,0.3646972280631797,1,7.0,0.6908929278618607,2,25.0,0.47694566106689973,15,217.0
215.0,24,215.0,1.4429530201342282,8.714357177747317,4,60.0,0.46153437647650153,0,7.0,0.908957171207758,1,17.0,0.6339502247808512,4,19.0,0.49685353880298216,2,52.0,0.36270699119368094,0,0.0,0.7885190805894635,2,20.0,0.35791667863627835,2,14.0,0.2836119075422054,5,30.0,0.36971975749083874,20,219.0
220.0,23,197.0,1.3310810810810811,8.678214664552726,4,95.0,0.3686688728661398,0,4.0,0.635232283467312,5,33.0,0.4651058985670134,5,46.0,0.48822138169087315,1,38.0,0.4624714144102433,0,0.0,0.9959090139249414,1,9.0,0.33879372364995897,3,27.0,0.23880503043456072,4,41.0,0.4147709450665228,23,293.0
225.0,22,221.0,1.483221476510067,8.822443604690182,5,131.0,0.369931964697697,1,7.0,0.7075016811728607,2,28.0,0.7273407950648689,4,56.0,0.4584934327425829,3,50.0,0.505036419101348,0,0.0,1.0,3,21.0,0.5133988925378764,2,28.0,0.0,2,18.0,0.47615913722239794,22,339.0
230.0,18,204.0,1.4068965517241379,9.40974302222025,8,164.0,0.40384864235232043,0,4.0,0.6442890358203068,1,18.0,0.7373145285881813,1,66.0,0.5098912786860293,3,68.0,0.4905846807867493,0,0.0,1.0,1,10.0,0.5482246368423909,2,46.0,0.5373775507974482,1,5.0,0.5674626682563276,17,381.0
235.0,18,188.0,1.323943661971831,8.807959778577388,7,135.0,0.35851038404115315,1,8.0,0.6020856762845138,1,12.0,0.8131125564170608,1,45.0,0.5170299813195691,3,50.0,0.36314019180367074,0,0.0,0.9744315883175053,2,6.0,0.30366200369324564,2,56.0,0.6655922887192167,1,10.0,0.4667376426612585,18,322.0
240.0,16,115.0,0.7931034482758621,8.649549657277166,6,109.0,0.29062561592341496,0,4.0,0.9599797190001993,0,8.0,0.8519356486523322,2,34.0,0.5173369273982455,0,31.0,0.31774715595871383,0,0.0,0.9900562910244967,4,30.0,0.3534216896143032,1,31.0,0.7978473367791199,1,27.0,0.5936620829433437,14,274.0
245.0,18,112.0,0.7777777777777778,8.243720835243405,8,112.0,0.23772585641571103,0,0.0,1.0,1,10.0,0.7330633521545479,2,25.0,0.5090726976514515,2,7.0,0.28256407650698384,0,0.0,0.9649225202390064,3,26.0,0.31856038344314586,0,8.0,0.6033201154843003,0,17.0,0.8656186610329526,16,205.0
250.0,26,148.0,1.0068027210884354,8.679696731853957,8,93.0,0.3217118886382798,0,2.0,0.96917404915193,2,17.0,0.6359286483483039,5,35.0,0.5409973204225171,1,5.0,0.6460357055823163,0,0.0,0.7631476102339136,1,17.0,0.5260616962659855,5,29.0,0.3248790477109827,0,9.0,0.9520172721804627,22,207.0
255.0,24,192.0,1.2885906040268456,8.619534858943561,5,103.0,0.22933929985422702,0,2.0,0.9223423032829094,1,12.0,0.8518980065718567,8,69.0,0.30030290757750155,1,10.0,0.7567305251538206,0,0.0,0.9376392018962739,1,13.0,0.45917854481000087,5,36.0,0.37836242689754995,0,4.0,0.9079067009613301,21,249.0
260.0,19,207.0,1.361842105263158,8.47228025863968,7,102.0,0.18610465470539894,0,2.0,0.9615868922107543,0,8.0,0.7677624339470381,4,63.0,0.37264309770221943,1,15.0,0.588478306382446,0,0.0,1.0,1,7.0,0.4020555152736122,0,18.0,0.4798584882179647,1,6.0,0.5127187074842141,14,221.0
265.0,26,186.0,1.2236842105263157,8.434878474076596,8,112.0,0.07090802028274248,0,2.0,0.9400041823920142,1,9.0,0.8143313654999276,1,55.0,0.44480628509620146,3,24.0,0.5425767179237286,0,0.0,0.5191806968696203,3,19.0,0.2871991249015277,2,7.0,0.46148075216712525,2,19.0,0.6187076333268358,20,247.0
270.0,25,165.0,1.1073825503355705,8.673476902444074,5,116.0,0.22346779375151665,0,2.0,0.7385898774532719,2,9.0,0.6103564975868931,1,19.0,0.5465227596809,1,26.0,0.6965031764513957,0,0.0,0.9498767338244678,5,37.0,0.2873497506940879,3,15.0,0.2902235568508675,3,30.0,0.4947643460048877,20,254.0
275.0,23,178.0,1.1710526315789473,8.695348300948188,5,77.0,0.3303904489306362,1,7.0,0.7518369723359107,4,25.0,0.5837634213414439,1,22.0,0.6689888618406895,2,31.0,0.6244454900598984,0,0.0,0.5733575857477127,1,18.0,0.5769548459604583,3,21.0,0.31159426073585367,2,17.0,0.45979064466028846,19,218.0
280.0,23,229.0,1.5165562913907285,8.742697541623986,5,84.0,0.3210472781248013,1,10.0,0.6801289238854128,4,44.0,0.5605972930288851,1,27.0,0.8067726982761402,3,8.0,0.5785817303860097,0,0.0,1.0,1,2.0,0.5377328039584996,3,39.0,0.29923270127483953,1,39.0,0.5206222522580968,19,253.0
285.0,18,188.0,1.2287581699346406,8.890498222219044,4,83.0,0.3420010903120338,1,1.0,0.6136437247344975,1,19.0,0.8154228232054395,3,36.0,0.6330135339558395,2,10.0,0.49085246592508336,0,0.0,1.0,1,7.0,0.4291016086327896,1,11.0,0.5950222460311496,3,25.0,0.4842521207068549,16,192.0
290.0,19,202.0,1.303225806451613,9.478373650473696,4,79.0,0.27514340904297013,1,6.0,0.6311836947481141,0,4.0,0.9013832335235117,4,55.0,0.5552002250555513,4,32.0,0.47226450150315047,0,1.0,0.9519410314197062,2,58.0,0.5003014365825402,0,4.0,0.8342009136295082,1,15.0,0.7014785613361665,16,254.0
295.0,16,159.0,1.0127388535031847,9.541521688094745,5,104.0,0.2352371821789324,1,5.0,0.6212084818657653,0,4.0,0.8962487140825537,2,25.0,0.44708335439082314,4,31.0,0.1669994100292798,0,1.0,0.9331244902055504,1,65.0,0.7529625792815946,0,8.0,0.9509475766768007,2,67.0,0.6965792325066978,15,310.0
300.0,17,164.0,1.0649350649350648,8.831755972530779,4,91.0,0.32865656938548404,0,0.0,0.967441085845342,0,4.0,0.8949725514628278,6,39.0,0.396973840287318,1,36.0,0.415101930334771,0,0.0,0.9262634167733269,2,63.0,0.30138950235966283,0,8.0,0.916844743506119,2,97.0,0.6167881958358719,15,338.0
305.0,15,123.0,0.7834394904458599,8.843543092087709,2,36.0,0.45604089673956977,0,0.0,0.9516151054836229,1,9.0,0.7082787114815786,5,65.0,0.5014121400754475,1,23.0,0.6432364685528786,0,0.0,0.7933834185601094,1,15.0,0.27802481023869735,1,9.0,0.6964595322761163,2,50.0,0.5966326277073996,13,207.0
310.0,21,163.0,1.0382165605095541,8.443291768386207,3,48.0,0.3356018842882522,1,1.0,0.6323244967358607,3,20.0,0.5567370971672566,3,37.0,0.552403918944579,1,22.0,0.7383021929177381,0,0.0,0.9397074610359102,2,16.0,0.4345228713293004,3,12.0,0.26265214336170367,2,33.0,0.39223548485468956,18,189.0
315.0,22,138.0,0.8961038961038961,8.583479388510872,3,36.0,0.46922654462040675,0,0.0,0.7978086182482715,2,20.0,0.7097125472013395,3,31.0,0.49764036455704436,2,31.0,0.5509330432413063,0,0.0,0.987671220609363,3,23.0,0.5336581416411046,4,11.0,0.4063747110134301,3,45.0,0.06562343199528972,20,197.0
320.0,19,112.0,0.7320261437908496,8.844123505399871,3,24.0,0.37260352903895505,0,0.0,0.9409506162385468,0,8.0,0.6817158585289347,4,70.0,0.45275044753498933,0,11.0,0.7490453665725264,0,7.0,0.9921329807799966,2,20.0,0.638011124228127,3,21.0,0.565324925882233,2,16.0,0.467462791297694,14,177.0
325.0,19,124.0,0.8266666666666667,9.03716249497902,4,44.0,0.4124828850519371,1,1.0,0.0005727470528069063,1,8.0,0.6474398661058967,3,74.0,0.4865763484735147,1,11.0,0.4925254575971243,0,10.0,0.9316465895463228,1,9.0,0.645770892902683,4,45.0,0.6215023925401839,0,11.0,0.5925066542822846,15,213.0
330.0,23,189.0,1.2516556291390728,8.546622669302888,6,68.0,0.2780231660495773,0,0.0,1.0,1,1.0,0.5770441234388266,4,76.0,0.44446143335643745,3,20.0,0.3901973498571907,0,3.0,0.9550813371226371,1,12.0,0.5745832881661176,2,30.0,0.6587854890701447,2,18.0,0.6131016488293994,19,228.0
335.0,21,248.0,1.6644295302013423,8.545744005231821,5,96.0,0.28907879025499733,0,0.0,0.9877156277965132,0,4.0,0.8724844961019596,7,95.0,0.33364939834126034,2,32.0,0.44296585916845455,0,0.0,1.0,3,16.0,0.4423779409500003,1,34.0,0.6089192778423766,0,4.0,0.7377766705413936,18,281.0
340.0,23,244.0,1.5947712418300655,8.775662361844336,4,72.0,0.3621869043926429,0,8.0,0.8287422993890066,1,5.0,0.6442268102139795,7,104.0,0.351012697011198,0,27.0,0.6107067833751013,0,0.0,1.0,3,44.0,0.3949245073159313,3,11.0,0.21949508965997247,2,16.0,0.6560421792179526,20,287.0
345.0,27,275.0,1.8092105263157894,8.798668815273437,3,65.0,0.257961554870468,1,10.0,0.5815325494247899,0,4.0,0.9468773398451757,3,108.0,0.4458649079837437,1,16.0,0.8272014903909548,0,0.0,1.0,7,71.0,0.2810806823534188,5,18.0,0.3010460391872401,4,29.0,0.4073109644733501,24,321.0
350.0,26,255.0,1.6887417218543046,8.853080995882474,4,85.0,0.32682983538917165,1,7.0,0.6206682941478857,0,4.0,0.9170565530747423,4,60.0,0.5770081478817505,1,20.0,0.7075160821022419,0,0.0,0.9333394368143413,5,58.0,0.21820665273582712,3,25.0,0.43808073059661023,4,20.0,0.3623026655672573,22,279.0
355.0,24,275.0,1.8092105263157894,8.376156101244302,7,109.0,0.14153990516806225,0,4.0,0.7740023228566507,0,4.0,0.9224307322847289,4,42.0,0.3521327542760528,1,21.0,0.5453198535691663,0,0.0,1.0,3,29.0,0.39424727884762834,4,64.0,0.5870644482457691,2,14.0,0.4352466813633193,21,287.0
360.0,24,255.0,1.6776315789473684,8.25895053200867,4,73.0,0.1922699157068797,0,5.0,0.9530083540508594,1,7.0,0.6240191036436904,5,49.0,0.3340734840471644,3,33.0,0.5862317342370811,0,0.0,0.951998939579082,4,90.0,0.3717100392323935,1,44.0,0.7693592835418295,4,35.0,0.39392911849480905,22,336.0
365.0,22,230.0,1.464968152866242,7.894431061997864,1,59.0,0.31317801634565623,0,5.0,0.8185050645543998,3,18.0,0.577817873340236,8,75.0,0.337910491399241,1,13.0,0.5071287860018396,0,0.0,0.8129692862575633,4,63.0,0.10555560513321867,1,49.0,0.6921280658369328,1,13.0,0.6841255217513977,19,295.0
370.0,23,196.0,1.240506329113924,8.255906898485003,2,52.0,0.3897682197626785,1,16.0,0.7994002810952513,4,37.0,0.49933178213166113,5,50.0,0.19262831839789027,2,19.0,0.5244535522840449,0,0.0,0.9420781094619903,4,119.0,0.11229159852733453,2,19.0,0.40196592522114233,0,12.0,0.7326100735783218,20,324.0
375.0,21,219.0,1.36875,9.09940125534986,2,48.0,0.5486009258179841,1,17.0,0.7825020030305052,2,28.0,0.5493990625184433,0,12.0,0.5128586429764337,3,32.0,0.5314840099564966,0,5.0,0.9374988909706519,5,84.0,0.08258141768239712,3,27.0,0.42652516355772613,2,17.0,0.6344400739943863,18,270.0
380.0,15,206.0,1.3290322580645162,8.935746796093841,2,63.0,0.613481060060468,0,9.0,0.7757978746345437,0,14.0,0.5527001538303048,0,0.0,0.9749973889827597,1,20.0,0.4396618736871326,0,0.0,0.9770478426262504,4,35.0,0.19886560557352756,4,36.0,0.36169791987572497,0,8.0,0.9683492628131581,11,185.0
385.0,12,202.0,1.303225806451613,9.598684319815657,3,71.0,0.5693770570320063,0,9.0,0.6998070419473176,2,13.0,0.6404446799937886,0,4.0,0.8661330483417856,0,9.0,0.4603052034178225,0,0.0,0.9545319857142867,1,9.0,0.6644558074779443,3,46.0,0.5727868511180931,0,4.0,0.9263660209163902,9,165.0
390.0,14,229.0,1.5266666666666666,9.426604671614614,3,63.0,0.2783337953537167,1,14.0,0.7864265337556303,1,8.0,0.6652924302471463,0,8.0,0.8097764418992615,0,5.0,0.8132091809081287,0,0.0,0.9290644544081074,1,17.0,0.4545814887380657,5,66.0,0.5670273923668018,0,18.0,0.7243106056630568,11,199.0
395.0,14,153.0,1.0337837837837838,9.199310265734335,6,85.0,0.3489571778609129,0,4.0,0.7684315868964486,2,14.0,0.7085662974985668,0,8.0,0.8652270371686687,0,4.0,0.946176157851526,0,0.0,0.81410434291414,1,9.0,0.6850737506854214,2,19.0,0.6674166867382204,0,14.0,0.896684399828517,11,157.0
400.0,22,235.0,1.6095890410958904,8.771911992210914,6,115.0,0.42823951663322174,0,0.0,0.889328846161728,4,27.0,0.43116288566122035,2,13.0,0.5885430084731857,0,8.0,0.7619149013832296,0,0.0,0.8747125182600872,2,18.0,0.45054163319650276,5,37.0,0.3305120404976241,0,0.0,0.9449255406003534,19,218.0
405.0,29,204.0,1.3877551020408163,9.117462457485551,5,68.0,0.4474193898543026,0,1.0,0.48864643902534316,3,28.0,0.5749035857621133,4,28.0,0.47732666516416106,1,14.0,0.6751293691122114,0,0.0,0.9241484741450435,5,71.0,0.34537394375903996,9,80.0,0.37166674080230916,0,4.0,0.8735324702973973,27,294.0
410.0,17,137.0,0.9256756756756757,8.7949516701894,2,70.0,0.3603741575557274,0,1.0,0.9548580688131408,0,16.0,0.5847107492755836,2,10.0,0.48800335170958686,2,23.0,0.7125534047621467,0,0.0,1.0,4,74.0,0.43792838426329217,6,69.0,0.4498653277864348,0,14.0,0.7315949142412845,16,277.0
415.0,17,111.0,0.7655172413793103,8.958116669574212,4,51.0,0.4256050935742367,0,1.0,0.7850892686583435,1,9.0,0.6876718902618676,0,3.0,0.9261403334548001,3,22.0,0.5518761428247002,0,0.0,0.9717693511866075,1,62.0,0.45326865844810105,4,61.0,0.37700447213392485,1,19.0,0.6676200805005706,14,228.0
420.0,18,143.0,0.9862068965517241,8.71435496483462,2,30.0,0.39239308366525366,0,1.0,0.9224924347433268,1,1.0,0.4715967923165774,0,12.0,0.7304236483788054,2,27.0,0.6320754158450398,0,0.0,0.9600004035458952,3,20.0,0.3002032357555617,6,67.0,0.21123302217784898,2,26.0,0.0006993094609010975,16,184.0
425.0,26,205.0,1.385135135135135,8.808451897740868,6,58.0,0.30856134856687045,0,1.0,0.9690983324978487,2,9.0,0.5759879968575066,1,11.0,0.8260678313743173,2,30.0,0.6308961034529882,0,0.0,0.9884453016620562,4,24.0,0.2746053780714542,5,47.0,0.13074140602903503,2,36.0,0.32308329344289316,22,216.0
430.0,27,227.0,1.523489932885906,8.621887151580381,9,92.0,0.14224441443499697,0,0.0,0.6475309977209979,2,23.0,0.5904269258940866,1,10.0,0.5498675707434257,5,50.0,0.5223823182307166,0,0.0,0.8146647616974583,2,19.0,0.47648490705056973,6,54.0,0.24869315734876002,0,8.0,0.8260991924545967,25,256.0
435.0,24,248.0,1.6870748299319729,8.581765326018656,9,127.0,0.16789379867655954,1,3.0,0.45635753001292145,0,3.0,0.8109728078646055,4,22.0,0.47372253639597606,0,4.0,0.6341738897848436,0,0.0,0.9961845668888274,2,33.0,0.33905499958969076,6,77.0,0.3017185412444284,0,8.0,0.8988868086586437,22,277.0
440.0,23,215.0,1.4333333333333333,8.774427316511774,6,148.0,0.18947812759499943,1,8.0,0.4324492252012348,0,0.0,0.8592253464743537,5,54.0,0.5177755214337725,3,12.0,0.48276237271124806,0,0.0,1.0,3,29.0,0.358521947711041,2,34.0,0.4067070861822044,0,8.0,0.939844797711693,20,293.0
445.0,21,217.0,1.4863013698630136,8.42324369035814,6,160.0,0.3293694384872985,0,0.0,1.0,0,0.0,0.9228141659492792,3,25.0,0.5317082549126445,4,39.0,0.4791691002644599,0,0.0,1.0,1,19.0,0.6166149453309759,3,50.0,0.169927447081714,0,8.0,0.8552233827279496,17,301.0
450.0,22,233.0,1.606896551724138,8.803715745063933,8,153.0,0.17111740062523373,0,0.0,0.9748121014202727,0,0.0,0.9502215108388622,1,13.0,0.5890882577328699,1,25.0,0.590581036429898,0,0.0,1.0,1,40.0,0.7487137447985561,4,65.0,0.3740895734298748,0,0.0,0.7071649344996604,15,296.0
455.0,20,168.0,1.1506849315068493,8.836926118941436,10,161.0,0.2129685638919959,0,0.0,0.9801969573900596,0,0.0,0.9499255037993367,1,18.0,0.6848601523692389,1,21.0,0.7798150383643595,0,0.0,1.0,1,32.0,0.48570585042930337,2,25.0,0.5843512852981466,1,8.0,0.7977641539922481,16,265.0
460.0,27,285.0,1.9791666666666667,8.779031597989903,13,184.0,0.12215144125250905,0,0.0,0.9258273379467639,0,8.0,0.8790816231789229,1,27.0,0.7674735242596696,1,22.0,0.6597540770764585,0,0.0,1.0,3,18.0,0.2401400985391013,1,17.0,0.6906168894807423,1,13.0,0.6356859230060278,20,289.0
465.0,22,226.0,1.591549295774648,7.723218693696537,9,169.0,0.1261650073814084,0,0.0,0.69027731716908,1,11.0,0.8300434217560584,1,12.0,0.5809813167319562,0,4.0,0.5450720098568539,0,0.0,1.0,4,34.0,0.19886008635963281,2,24.0,0.45987805588387515,2,7.0,0.4388812503345975,19,261.0
470.0,28,174.0,1.2253521126760563,8.176025181877817,8,180.0,0.12753397489924043,1,2.0,0.22713571057180332,0,8.0,0.8885453134971488,4,30.0,0.4261056405110739,2,13.0,0.627685654702561,0,0.0,1.0,1,8.0,0.5262552832430177,4,11.0,0.20024089818421092,4,24.0,0.40832014081135304,24,276.0
475.0,26,267.0,1.8287671232876712,8.827726329821363,8,183.0,0.20479594677681218,2,13.0,0.3031168315434861,0,4.0,0.8721155840907265,6,59.0,0.36602978263319175,2,27.0,0.6418753366865669,0,12.0,0.938117055163243,0,4.0,0.7352364375416216,2,17.0,0.46108953741769626,4,39.0,0.4871707558046856,24,358.0
480.0,25,274.0,1.8767123287671232,7.900429742693124,7,177.0,0.05075451564433757,1,11.0,0.4025009686077279,1,11.0,0.841348240682654,4,42.0,0.33592547549829016,0,12.0,0.6580526470475845,0,7.0,0.9508962747697698,1,6.0,0.5619865496248544,2,19.0,0.2527941020817971,2,23.0,0.6496608180119722,18,308.0
485.0,10,116.0,0.7837837837837838,9.27119542711809,3,172.0,0.3046551902734851,0,4.0,0.7686857610753531,0,12.0,0.8603731300864239,0,28.0,0.3904621749103162,1,14.0,0.6228777138398145,0,0.0,1.0,0,2.0,0.5433699803407032,1,18.0,0.7675781205291822,0,8.0,0.6053572419076222,5,258.0
490.0,19,122.0,0.8531468531468531,9.662103650143798,2,112.0,0.47227176972695634,0,4.0,0.9192982856366892,2,16.0,0.7424826458308799,0,9.0,0.6907605571749982,3,28.0,0.5804433313778908,0,0.0,0.9389743245360668,5,23.0,0.25835207812789424,1,23.0,0.8296432843610744,2,18.0,0.3402327968376329,15,233.0
495.0,14,139.0,0.9928571428571429,8.751950333434227,3,58.0,0.3908964216150956,0,4.0,0.5852609606247421,3,23.0,0.5581786519750013,0,5.0,0.835703053086676,0,7.0,0.5910011826292968,0,0.0,0.9432810408056138,5,89.0,0.25110743957374837,1,28.0,0.875010752351358,0,10.0,0.7995774298994606,12,224.0
500.0,16,132.0,0.9103448275862069,9.509005128328024,3,66.0,0.38646608936231797,1,10.0,0.6826462507709682,1,30.0,0.7043323165483999,0,23.0,0.9026128730648586,3,16.0,0.5751682191770702,0,0.0,0.971059371537948,2,83.0,0.3763875635537361,2,6.0,0.6361533090378331,0,2.0,0.8800990773584791,12,236.0
505.0,11,95.0,0.6551724137931034,9.709866299728636,2,43.0,0.4863407607020291,1,15.0,0.7113206535006009,0,0.0,0.7868365796796317,0,25.0,0.8348758195925403,3,35.0,0.4716264985586583,0,0.0,1.0,0,26.0,0.6195858678103479,4,25.0,0.4923000149470907,0,27.0,0.85976828886324,10,196.0
510.0,19,137.0,0.9647887323943662,9.03776505764667,2,53.0,0.490681232562386,0,5.0,0.746977353358195,0,0.0,0.8334786471745065,1,3.0,0.6354335658492634,3,22.0,0.36860735861312127,0,0.0,0.316157890698582,2,57.0,0.6526170769980404,5,50.0,0.3355944065417247,1,40.0,0.7348785092726784,14,230.0
515.0,21,164.0,1.1232876712328768,8.779292329178512,4,67.0,0.22622066964678098,0,5.0,0.8582710810553481,0,4.0,0.9056928232437128,0,4.0,0.9389668038659286,2,13.0,0.5147192987671834,0,0.0,0.9342362068261024,3,10.0,0.48322861530471894,5,46.0,0.06360366257241605,1,30.0,0.6968340419123688,15,179.0
520.0,24,208.0,1.4149659863945578,9.479847302313356,4,49.0,0.378881697349713,0,5.0,0.9576380669473039,0,4.0,0.7720261377231598,1,10.0,0.8170683858922574,2,28.0,0.6204453036153499,0,0.0,0.614775471654274,4,23.0,0.4776855089474392,3,40.0,0.18221553759080186,4,27.0,0.4024066077274124,18,186.0
525.0,23,221.0,1.5241379310344827,8.967425297295977,1,35.0,0.4358217289033046,0,4.0,0.7680147727729659,1,8.0,0.6252349668538184,1,19.0,0.7834205186119825,1,18.0,0.7198333185784661,0,0.0,0.9309815663561583,7,98.0,0.22895780991878364,3,50.0,0.20634663270543588,3,18.0,0.2581447658398977,17,250.0
530.0,17,171.0,1.163265306122449,8.408583913945852,1,27.0,0.5069548723433525,0,4.0,0.6827588889947408,1,4.0,0.7565832276431365,0,25.0,0.6487195969240506,1,11.0,0.6730713733679304,0,0.0,1.0,5,106.0,0.2330209099607028,2,26.0,0.6846024741902249,1,14.0,0.5804178838813402,11,217.0
535.0,16,167.0,1.1283783783783783,9.30241179010273,2,16.0,0.4974085494455014,1,4.0,0.5547388514334483,0,0.0,0.9326411889216214,1,21.0,0.7443581106364284,2,25.0,0.595587845856788,0,0.0,0.9680102705182342,1,81.0,0.4865458277644746,1,13.0,0.8083524467117108,1,43.0,0.6554685147128195,9,203.0
540.0,16,173.0,1.1533333333333333,9.173455290896825,1,11.0,0.5382639735399424,2,14.0,0.47865370823961856,0,4.0,0.6259102286797161,1,10.0,0.7190084327704923,1,14.0,0.6423684050455216,0,0.0,0.911182468559989,3,89.0,0.4456517937638543,1,18.0,0.7528227286053956,1,29.0,0.7037138104019979,10,189.0
545.0,17,127.0,0.8410596026490066,9.022444515583645,4,22.0,0.4748455047948085,1,10.0,0.5628572483883195,3,12.0,0.57385760375581,1,19.0,0.7368451873890306,0,4.0,0.659513759547976,0,0.0,0.9755326281048822,3,8.0,0.2784451996225076,0,0.0,0.4220135243570593,1,28.0,0.5689971818212312,13,103.0
550.0,24,148.0,0.9866666666666667,9.070395273730783,4,21.0,0.39312029611343463,0,4.0,0.9069393107106648,3,27.0,0.45075882638437753,1,72.0,0.752956247794642,2,14.0,0.5792307299427631,0,0.0,0.9726349805101014,6,33.0,0.12377247751703795,1,3.0,0.32056231147585135,3,26.0,0.3723913944662369,20,200.0
555.0,18,143.0,0.9470198675496688,9.62912807746832,4,34.0,0.2946658538148021,0,4.0,0.9115919064461131,1,13.0,0.7065092648392024,1,73.0,0.829452985193979,1,9.0,0.7954562499896379,0,11.0,0.9277873344092301,6,94.0,0.0027464910579338025,1,5.0,0.49424830187158786,0,4.0,0.8343817579875354,14,247.0
560.0,18,131.0,0.8675496688741722,9.892214454433507,7,64.0,0.384299903620177,0,4.0,0.7258631099820505,0,0.0,0.9334499332113873,1,104.0,0.8054203941273853,1,5.0,0.7262817525255287,0,11.0,0.9169809518413361,4,72.0,0.24914512073768036,0,8.0,0.9428782217811452,1,13.0,0.6064392098416953,14,281.0
565.0,16,144.0,0.9536423841059603,9.723509840327418,6,82.0,0.3106605051729014,2,9.0,0.6166782180689631,0,0.0,0.9459760977718334,1,61.0,0.6644937810853685,2,13.0,0.4467085283525244,0,0.0,0.9299625122457397,0,7.0,0.788552754300049,0,8.0,0.8020366974337386,2,20.0,0.5306662996000918,13,200.0
570.0,15,117.0,0.785234899328859,9.210999327840012,5,82.0,0.16327665784739692,1,14.0,0.5975751495341679,0,8.0,0.9709841424809502,2,41.0,0.6112358218366802,2,19.0,0.23971690521324054,0,1.0,0.9483025910407696,0,41.0,0.7544107565638694,1,13.0,0.5608180828602914,2,15.0,0.566869943981684,13,234.0
575.0,15,134.0,0.8993288590604027,8.755230189584038,5,80.0,0.3237811711329337,0,4.0,0.47984693499179315,0,0.0,0.774466741065997,3,60.0,0.5172128421562017,1,17.0,0.5488705674593927,0,1.0,0.928208010565447,2,40.0,0.41176708460552947,2,5.0,0.22510481873308114,0,9.0,0.704589651308028,13,216.0
580.0,21,155.0,1.019736842105263,9.018122742587392,4,87.0,0.30280259056283254,2,9.0,0.32108732779529,1,30.0,0.6256739214861265,3,30.0,0.41828923045720234,1,14.0,0.5731504570023446,0,8.0,0.9363399965677036,3,54.0,0.41546819647038874,2,19.0,0.5567852085188579,2,6.0,0.3840816548228169,18,257.0
585.0,22,187.0,1.25503355704698,9.099414810814404,5,96.0,0.2735124539949169,2,19.0,0.33002623737797787,1,30.0,0.4849410259163904,3,30.0,0.5588160139834013,1,23.0,0.6068499305593412,0,17.0,0.8723240800792065,5,73.0,0.37497461618102584,2,29.0,0.5655772577178461,0,0.0,0.775769457374988,19,317.0
590.0,20,205.0,1.385135135135135,8.57418623047832,6,108.0,0.20351431684960147,1,12.0,0.14549086979251918,2,44.0,0.4867086647754853,5,48.0,0.4449962011493273,0,4.0,0.9316282560481092,0,10.0,0.9136493155588508,3,28.0,0.18580388511885748,0,8.0,0.819866497796932,1,3.0,0.5784230083740024,18,265.0
595.0,17,186.0,1.2916666666666667,8.291595562315681,6,111.0,0.31302039713634305,1,2.0,0.2729448469859413,3,55.0,0.537230451058778,3,34.0,0.3982002975342027,0,8.0,0.8072887972943584,0,1.0,0.7632438345043839,1,3.0,0.3594365856586023,1,8.0,0.5359603276077354,1,12.0,0.5241733039153015,16,234.0
600.0,17,172.0,1.1700680272108843,8.691674310296925,3,92.0,0.32800487616199386,1,7.0,0.6407004383376366,1,13.0,0.7966285989018831,1,11.0,0.6617117274285081,1,9.0,0.510022618401236,0,0.0,1.0,2,13.0,0.18854231201305505,4,21.0,0.28053463300614684,2,10.0,0.5107619005023735,15,176.0
605.0,18,190.0,1.3103448275862069,8.39926033538041,4,97.0,0.1325000997600554,0,0.0,0.5088747600586677,0,5.0,0.8988476943490288,2,17.0,0.3901455189246392,2,17.0,0.6186630704204577,0,0.0,1.0,2,11.0,0.0044432361632171305,2,12.0,0.3062639697317942,0,4.0,0.9093652009303257,12,163.0
610.0,14,196.0,1.3517241379310345,8.825853890071512,5,123.0,0.3636968261205013,0,4.0,0.7641469003221545,0,5.0,0.8937217976864126,0,8.0,0.8772069335681092,0,17.0,0.5465896105313216,0,2.0,0.9715725940589351,1,5.0,0.6326208610117187,1,11.0,0.45409928022005497,0,0.0,0.9578487717666662,7,175.0
615.0,15,186.0,1.2916666666666667,9.39522790334939,4,86.0,0.35882115142401866,0,5.0,0.940591480756827,0,5.0,0.8740895238103965,0,13.0,0.862334745087867,2,22.0,0.6778136312751478,0,3.0,0.6539779445786982,1,20.0,0.6820775772042811,2,19.0,0.45352859937227874,0,0.0,0.7869114658169204,9,173.0
620.0,16,173.0,1.2097902097902098,9.011045268398805,3,73.0,0.49061125952962087,0,5.0,0.9276435102231931,0,9.0,0.8920482779188965,1,14.0,0.7204877539842909,0,8.0,0.9332474815994093,0,5.0,0.827796754971436,1,28.0,0.6267959653228738,1,21.0,0.7453203378682667,1,1.0,0.6555370126499719,7,164.0
625.0,20,200.0,1.4184397163120568,8.340352224095122,5,59.0,0.45371127358484586,0,5.0,0.9397613444897756,0,5.0,0.7532511745295073,1,13.0,0.6933383816166843,0,12.0,0.6810312588174152,0,1.0,0.9665192324007359,0,10.0,0.5712902531152516,3,27.0,0.41945789200194683,1,6.0,0.7060224712985506,10,138.0
630.0,22,190.0,1.3286713286713288,8.506996122063285,4,44.0,0.4003468975464982,0,5.0,0.9568120833949485,1,7.0,0.75695552420999,0,6.0,0.7317068555515437,1,15.0,0.5084768594527539,0,13.0,0.9646077463179326,1,16.0,0.7945886269434423,3,42.0,0.3866979673012317,2,12.0,0.5088244453750413,12,160.0
635.0,25,171.0,1.163265306122449,8.665647978781326,4,64.0,0.3361495074623934,0,5.0,0.9276140912468043,1,14.0,0.8060331778871259,1,4.0,0.748432357655847,2,8.0,0.6518634786128652,0,18.0,0.9684003228504298,1,25.0,0.6228441222911901,2,21.0,0.1852763438183483,2,10.0,0.3768661278979925,13,169.0
640.0,20,172.0,1.178082191780822,8.253654197857163,7,79.0,0.27625281567572585,0,0.0,1.0,1,15.0,0.7758694863802318,1,13.0,0.6349166268651157,0,4.0,0.665259095486447,0,11.0,0.9460115618799659,1,23.0,0.6464611457833043,3,29.0,0.2579761258398269,0,17.0,0.8779659042947179,13,191.0
645.0,20,162.0,1.1095890410958904,8.475000845043049,7,90.0,0.17307697663672972,0,4.0,0.917719022095342,0,5.0,0.907405388651377,1,19.0,0.6698092925922272,2,5.0,0.4967570764999411,0,8.0,0.971806430325985,1,43.0,0.5651822246889754,3,40.0,0.1910059683776598,1,11.0,0.7452356585694389,15,225.0
650.0,12,82.0,0.5466666666666666,8.601187812340005,4,93.0,0.2932722111018567,0,4.0,0.9173529197208058,1,5.0,0.8072016477254974,0,18.0,0.8445060950961288,1,2.0,0.45487032090024393,0,9.0,0.9433703808418155,2,80.0,0.5060432523512305,1,14.0,0.6641631670852277,1,11.0,0.5873309803372473,10,236.0
655.0,15,104.0,0.7027027027027027,8.602204219821129,5,65.0,0.24719111519905562,0,4.0,0.8433385616583607,1,6.0,0.7388372188100789,1,31.0,0.6018984915426551,1,7.0,0.6050206236359752,0,3.0,0.975085808783677,1,88.0,0.4673210741635739,0,4.0,0.9071170315824115,2,15.0,0.4206855604760734,11,223.0
660.0,15,127.0,0.8523489932885906,8.756790754835231,4,58.0,0.2885226747657145,0,4.0,0.9548703456590374,0,0.0,0.9229949689182162,1,27.0,0.8010013892013388,1,16.0,0.7467618441761165,0,4.0,0.8590967593795633,1,65.0,0.5584977349281548,0,4.0,0.8549683811725655,3,32.0,0.4246157763316183,10,210.0
665.0,11,87.0,0.5838926174496645,9.27835243888406,5,40.0,0.3982248043409371,0,4.0,0.9571790300227607,0,0.0,0.9502815460346845,0,4.0,0.8987760349588667,0,8.0,0.5847147099944523,0,0.0,0.44022896227247044,3,92.0,0.40665316575510524,0,4.0,0.8192058414246672,2,13.0,0.47794566213624395,10,165.0
670.0,19,133.0,0.8807947019867549,9.134082369422702,5,65.0,0.34744679667273737,0,4.0,0.9866373356099233,0,4.0,0.8603387397009958,1,7.0,0.6904493599092351,1,13.0,0.5129060109608676,0,66.0,0.9175862134916656,2,89.0,0.374311188734374,3,11.0,0.42820343388251536,2,14.0,0.5880963642486116,14,273.0
675.0,20,158.0,1.0675675675675675,8.566709308045894,4,65.0,0.3385685285354646,0,8.0,0.9067579879216446,0,4.0,0.9010981413844686,1,15.0,0.6461262101223083,1,10.0,0.6059288632633769,0,70.0,0.9696342265803034,1,37.0,0.5611249644291817,5,37.0,0.5201920583230415,3,25.0,0.537707185559127,15,271.0
680.0,16,140.0,0.9210526315789473,8.986936105810303,2,64.0,0.4296506406067324,0,4.0,0.950874517807764,2,11.0,0.6657059383902157,1,14.0,0.7797128378437853,0,3.0,0.8578415705006265,0,4.0,0.6418990789890444,3,82.0,0.46206444997866886,3,37.0,0.5823741114178669,2,19.0,0.7335012757920412,13,238.0
685.0,17,163.0,1.0866666666666667,8.69286124185863,5,65.0,0.34768879832019683,0,4.0,0.5012908506553991,2,21.0,0.6846817411101636,1,18.0,0.38926740898004447,0,7.0,0.8531997065946616,0,17.0,0.9420347591110412,0,58.0,0.726840463810393,3,51.0,0.5169197081584093,2,6.0,0.6055324469119656,13,247.0
690.0,19,177.0,1.1493506493506493,8.095509316590444,3,51.0,0.40968662080580914,1,8.0,0.43763055022815356,0,8.0,0.827365512384115,1,10.0,0.6616420388087301,0,0.0,0.9381737036605422,0,5.0,0.9394209086814788,0,50.0,0.5651241624999997,6,66.0,0.32586312795035505,4,18.0,0.46192915222578335,15,216.0
695.0,26,212.0,1.3766233766233766,8.024986024392682,4,48.0,0.34025075687204714,1,13.0,0.46895668227553206,1,17.0,0.7039221569208872,0,4.0,0.7326851573146658,2,7.0,0.434900605097812,0,12.0,0.9459594850746033,3,71.0,0.31330878946963525,7,85.0,0.3092053803058034,4,18.0,0.26988114867234314,22,275.0
700.0,28,254.0,1.6601307189542485,8.308915328301543,5,56.0,0.2833739144504817,0,0.0,0.9763246594631242,4,37.0,0.6968745962713387,1,8.0,0.6824755519957346,3,25.0,0.42532176228324564,0,7.0,0.8302103630030666,3,32.0,0.34841175082571346,6,97.0,0.2205334250292208,1,15.0,0.7121276837420254,23,277.0
705.0,25,258.0,1.6538461538461537,7.952744090850629,6,77.0,0.14792405350682608,0,0.0,0.9264231462886529,4,24.0,0.509583356746625,0,0.0,0.7930749334785543,3,40.0,0.36119232575520077,0,0.0,0.9492205352368789,2,40.0,0.26032320877717957,8,138.0,0.22558244970069632,1,22.0,0.7526555209558407,24,341.0
710.0,27,243.0,1.5677419354838709,8.358688978623439,6,98.0,0.3679085838484052,0,0.0,0.9431014574030991,4,38.0,0.6505310256407305,1,5.0,0.6883377957874763,2,17.0,0.505550126561496,0,8.0,0.9540618194982277,4,75.0,0.36782069881935553,7,119.0,0.2597832184456911,2,69.0,0.6041738980414862,26,429.0
715.0,24,204.0,1.3076923076923077,8.371590831896656,6,110.0,0.3597444856765887,0,0.0,0.9669314453202622,4,58.0,0.5822251998400672,4,17.0,0.3296364465179867,0,4.0,0.619359688716907,0,4.0,0.9409612413528418,1,45.0,0.5764973660892595,1,39.0,0.5052105734220516,2,110.0,0.5891236403225787,18,387.0
720.0,25,225.0,1.4331210191082802,7.8467293323337275,5,99.0,0.3527040753188908,0,0.0,0.9571090569001889,3,45.0,0.6516836906852562,0,1.0,0.8029999114383135,2,14.0,0.5729664476156952,0,4.0,0.8097314780384695,3,36.0,0.286193482810158,2,14.0,0.4109504157743934,5,128.0,0.402620408828306,20,341.0
725.0,26,253.0,1.5911949685534592,9.088798961124782,6,106.0,0.27890121723635336,0,0.0,0.9787788792033222,0,37.0,0.713473462819422,0,1.0,0.7665515196876681,1,20.0,0.802245392353532,0,0.0,0.7955059365706254,5,97.0,0.2813031725570925,2,9.0,0.3808419544810928,6,136.0,0.48847775692156997,20,406.0
730.0,27,307.0,1.91875,9.386374945839858,7,143.0,0.19874046029485115,0,8.0,0.8489010768310397,2,23.0,0.583821071188984,1,4.0,0.39124294977242696,1,17.0,0.7780186974708367,0,0.0,0.9495285446960207,4,128.0,0.4006890649884047,3,17.0,0.4807673645510168,2,52.0,0.5887558834896742,20,392.0
735.0,22,234.0,1.471698113207547,8.717538546988758,7,126.0,0.20948186399437643,0,8.0,0.9439478190803212,3,20.0,0.47947815587295806,0,5.0,0.5222539124590824,2,30.0,0.5399572852241288,0,0.0,0.9511664609049117,0,137.0,0.40969666717955067,2,27.0,0.5374259620753177,5,38.0,0.2427409095218163,19,391.0
740.0,22,155.0,0.9872611464968153,8.158235886336298,4,116.0,0.17935109816644693,0,10.0,0.927207107249623,6,39.0,0.41629493111753135,1,10.0,0.3785131429657925,1,9.0,0.484042934850831,0,0.0,1.0,1,36.0,0.5098457411511731,1,16.0,0.6623486390637832,3,25.0,0.31391891371211683,17,261.0
745.0,25,219.0,1.394904458598726,8.941763048899384,6,79.0,0.15466976685467393,1,11.0,0.7684149643644441,7,74.0,0.478233259295505,2,23.0,0.4823607609413479,3,25.0,0.39902892625984104,0,0.0,1.0,1,46.0,0.6339853440486565,2,30.0,0.7087409844626805,1,48.0,0.537433106832109,23,336.0
750.0,28,245.0,1.5506329113924051,8.290275632294628,3,79.0,0.35514633887588365,0,10.0,0.8792275940872519,5,76.0,0.5197315048008563,2,18.0,0.6857948300784742,4,42.0,0.260849889792044,0,0.0,1.0,3,50.0,0.37307392337994455,4,43.0,0.45651517380959394,5,81.0,0.3054929089858368,26,399.0
755.0,22,183.0,1.150943396226415,8.464199381642295,3,104.0,0.19429657690157942,0,10.0,0.9517554836391849,2,59.0,0.6350476422355212,2,13.0,0.5631133151557405,2,24.0,0.5919419724038907,0,0.0,1.0,4,67.0,0.27959415078360833,4,30.0,0.49087804086209547,4,78.0,0.4928086473901217,21,385.0
760.0,13,177.0,1.120253164556962,9.012755163828073,3,115.0,0.32307290513668,1,11.0,0.79938168825493,0,32.0,0.6488505666821898,3,24.0,0.24024252070704402,0,18.0,0.7108080011829156,0,0.0,1.0,2,30.0,0.1058362365492298,3,39.0,0.3826456381086267,0,37.0,0.803794750937878,12,306.0
765.0,16,162.0,1.051948051948052,8.409253892055014,2,84.0,0.3868573295117591,0,12.0,0.5765025794705824,2,17.0,0.582595815129955,1,13.0,0.5937379039219925,0,0.0,0.8516644747441595,0,0.0,1.0,1,5.0,0.11495756015308391,7,67.0,0.17288121053677735,1,5.0,0.6977272313133533,14,203.0
770.0,17,87.0,0.5878378378378378,8.439581797512801,3,58.0,0.3911960042226702,1,15.0,0.6812231164867886,2,23.0,0.33217963886424456,0,8.0,0.8092699443752988,1,2.0,0.521890194114245,0,9.0,0.979121341996332,1,10.0,0.38793083019103164,4,32.0,0.17403314479806445,1,2.0,0.7834841909888262,13,159.0
775.0,15,100.0,0.684931506849315,9.11924451243833,5,44.0,0.5039510565508767,1,20.0,0.7537481485995715,2,21.0,0.4280036871089168,1,9.0,0.42056977863146133,2,10.0,0.5863466144904231,0,9.0,0.9462599193644355,1,2.0,0.39289780845672867,2,35.0,0.3209447666157625,1,11.0,0.7984004682130977,15,161.0
780.0,15,122.0,0.8356164383561644,8.96043912214574,5,68.0,0.43905283649507426,1,11.0,0.731316566084232,3,28.0,0.1928077090203753,0,4.0,0.7820523184551283,0,13.0,0.7793599766894115,0,0.0,1.0,0,0.0,0.5599412500408849,3,49.0,0.45176791400272304,1,39.0,0.7132898189119619,13,212.0
785.0,12,68.0,0.4755244755244755,9.253649280440547,2,64.0,0.36683875889447787,0,10.0,0.8876365990311753,2,21.0,0.00014293934758404805,0,4.0,0.8892765607077541,1,18.0,0.7056002554358646,0,0.0,0.9815022278871441,1,5.0,0.7126721536583747,1,15.0,0.5462640105482803,1,32.0,0.7739794486986188,8,169.0
790.0,15,91.0,0.6546762589928058,9.246707497727936,6,57.0,0.31951198936478037,0,10.0,0.6728640069459231,0,5.0,0.7593594203111333,0,0.0,0.9382145183370264,2,27.0,0.657263642976233,0,0.0,0.946039299134838,0,14.0,0.9194435258665705,0,0.0,0.585813996157564,0,4.0,0.8648428320155593,8,117.0
795.0,11,89.0,0.644927536231884,8.751389424498246,6,70.0,0.2691646848035198,1,5.0,0.018525278800084095,0,0.0,0.9228310401012156,0,0.0,0.7164017124876964,3,31.0,0.35496320287635297,0,0.0,0.9414770696491975,0,15.0,0.7787442816821448,0,0.0,0.6673990019049226,0,4.0,0.7928085073575586,10,125.0
800.0,17,102.0,0.7445255474452555,8.809878053278709,5,89.0,0.3116703175755603,0,0.0,0.4826126911897977,0,5.0,0.8949195230892134,0,0.0,0.9010702137708501,4,39.0,0.37050593407761995,0,0.0,0.942823438114641,3,9.0,0.29203970177064714,0,0.0,0.9331781166817961,2,37.0,0.5526254106539413,14,179.0
805.0,13,149.0,1.0875912408759123,9.746237210087239,6,103.0,0.24533477752824456,0,0.0,1.0,0,5.0,0.9297834464472322,0,4.0,0.8908081207578954,5,47.0,0.356779276993458,0,0.0,0.9620139321801566,1,9.0,0.6393819308022146,0,0.0,0.953903598195852,0,36.0,0.7855653913173999,12,204.0
810.0,11,147.0,1.0888888888888888,9.488231167414673,5,101.0,0.20581337456552962,0,4.0,0.9510353114253403,1,7.0,0.797965332667891,0,6.0,0.7859317879216482,3,37.0,0.2838309290424166,0,0.0,0.9660015882224295,0,14.0,0.7296268756730501,0,0.0,0.6335173683759211,1,52.0,0.6002117929148167,10,221.0
815.0,16,85.0,0.6390977443609023,9.16202354656284,3,64.0,0.3020286724272603,0,4.0,0.9449079855839457,0,5.0,0.9657146566020456,1,15.0,0.8115339037232462,2,29.0,0.25964632481910815,0,0.0,1.0,2,47.0,0.4018243724004113,3,11.0,0.5180577684712516,4,72.0,0.500321760364873,15,247.0
820.0,24,171.0,1.2954545454545454,8.483485957917436,5,64.0,0.20247631420540446,0,4.0,0.9784398021741276,1,7.0,0.8316163850040303,2,16.0,0.4637790618021522,3,20.0,0.23881225617029755,0,0.0,1.0,2,46.0,0.3481601624681308,4,28.0,0.37087249228116925,5,69.0,0.3186149382474261,22,254.0
825.0,15,133.0,0.9779411764705882,9.115449289164781,4,59.0,0.32781912137290303,0,4.0,0.9038813748435677,1,12.0,0.841069525494555,0,4.0,0.7306830322719964,1,12.0,0.08407185970570777,0,0.0,0.9568461917339609,1,4.0,0.4047776262308454,4,45.0,0.39523024096028764,2,53.0,0.5001296068552503,13,193.0
830.0,12,130.0,0.9774436090225563,9.110864046318426,2,45.0,0.5186511825138754,0,4.0,0.9261186277830495,0,4.0,0.8118142620522537,1,11.0,0.5292013272412666,0,0.0,1.0,0,0.0,0.6469301921744196,2,10.0,0.581738948715148,4,61.0,0.44311963379275027,2,31.0,0.5174671083047199,11,166.0
835.0,13,144.0,1.0666666666666667,9.204684958196534,3,55.0,0.5189476156312195,0,4.0,0.904730660181533,1,8.0,0.7965865393824562,2,20.0,0.5722351566631345,0,4.0,0.9649336800940541,0,1.0,0.9103462762410254,0,2.0,0.4480747576407484,4,82.0,0.46668684996558285,2,28.0,0.48816712158545267,12,204.0
840.0,18,130.0,0.9774436090225563,8.967447131101904,3,46.0,0.6427901398564896,0,4.0,0.9434549020352303,3,14.0,0.5726161598517018,0,0.0,0.9532389619880866,0,0.0,0.6892083949486996,0,1.0,0.9374410816428206,2,10.0,5.8700315150376116e-05,4,56.0,0.5056717682397324,5,50.0,0.4485972123905007,17,181.0
845.0,18,110.0,0.8396946564885496,8.54113676473192,2,26.0,0.30778731452572844,1,5.0,0.4462451372920358,3,16.0,0.574907132753671,0,0.0,0.7188955381648529,1,9.0,0.5859913663214893,0,0.0,0.6354913066957465,2,20.0,0.0,1,22.0,0.49454959886782923,6,82.0,0.4899765423452055,16,180.0
850.0,24,165.0,1.2595419847328244,8.732381652063912,6,35.0,0.28276469241130614,1,10.0,0.4505586355565026,1,10.0,0.7612490547437062,2,5.0,0.3254213573280932,0,12.0,0.8300345285498363,0,0.0,0.9833496298825769,0,16.0,0.6852597818950207,2,24.0,0.42481591796634266,7,106.0,0.34360111755040207,19,218.0
855.0,19,115.0,0.8646616541353384,8.733849359935592,4,32.0,0.4536753614744655,2,18.0,7.820044514925127e-06,2,13.0,0.5520216438086524,0,5.0,0.954236338661572,0,12.0,0.8080171485717039,0,0.0,0.9178796331045644,1,17.0,0.7855271329594673,1,30.0,0.34786368905821435,5,79.0,0.461394473442137,15,206.0
860.0,20,148.0,1.0962962962962963,8.85971380472209,4,24.0,0.4462030845156342,0,0.0,0.9904368841072048,1,3.0,0.6751569837621072,0,5.0,0.8500884649786732,1,14.0,0.7156111358121454,0,0.0,1.0,3,22.0,0.5017017185824177,3,45.0,0.4420635122326501,6,64.0,0.3120158791011864,18,177.0
865.0,20,189.0,1.3795620437956204,8.124390287606,4,44.0,0.4518409807680654,0,0.0,0.9116909997744189,0,0.0,0.9536432855963243,1,6.0,0.5838183157171113,1,12.0,0.49667407259338575,0,3.0,0.9370392409480252,0,17.0,0.5989731002189971,3,62.0,0.543343363515754,9,73.0,0.08215650241856728,18,217.0
870.0,18,200.0,1.4184397163120568,8.37852982264506,4,49.0,0.26763330687147485,0,0.0,0.7326066754545285,0,0.0,0.8915663224293624,2,18.0,0.3836769176256864,0,5.0,0.4239907901239694,0,0.0,0.6739393248672991,0,14.0,0.5965006406956073,2,49.0,0.5047631386190792,6,81.0,0.24133954275595002,14,216.0
875.0,19,247.0,1.789855072463768,9.06613700592866,2,50.0,0.40383137932086394,0,0.0,0.9737503941850537,0,0.0,0.8477902201960698,1,19.0,0.6983969220080554,1,5.0,0.43446640156965627,0,0.0,0.988529784061566,2,19.0,0.5550752031879055,1,48.0,0.6890178242410793,7,101.0,0.1852895855612601,14,242.0
880.0,18,300.0,2.2222222222222223,8.87240701422201,4,50.0,0.41642981232117127,0,0.0,0.9125028409308971,0,8.0,0.7245606098054275,1,11.0,0.8497432565329911,1,10.0,0.6047559689125788,0,5.0,0.9548829456021775,1,18.0,0.5026498055576605,1,47.0,0.7249629843813983,6,119.0,0.21762694081630107,14,268.0
885.0,17,290.0,2.116788321167883,9.268608137049862,3,31.0,0.395907094746869,0,0.0,0.8778550708223686,1,4.0,0.7226108760249148,1,2.0,0.6298649116546826,2,19.0,0.6537990338483088,0,0.0,0.9517709817299546,0,7.0,0.4901720480628534,1,52.0,0.6909977010902962,3,109.0,0.565067689267771,11,224.0
890.0,15,236.0,1.673758865248227,9.345672149351259,0,19.0,0.4515313963438,1,2.0,0.6221474920750653,0,0.0,0.7145430661147512,2,11.0,0.6041204693163845,2,29.0,0.672566615869401,0,0.0,0.9623320857621012,0,6.0,0.7103155174103658,4,11.0,0.34763529380832825,3,142.0,0.5034490619816494,12,220.0
895.0,21,209.0,1.4615384615384615,9.218474087929074,2,4.0,0.43124982829654357,0,0.0,0.7188990146547761,1,7.0,0.8145021905143992,5,33.0,0.24885997126487736,1,22.0,0.6095252651966963,0,0.0,1.0,1,23.0,0.5957025955591357,5,33.0,0.4519932490644383,4,157.0,0.45031531188515084,19,279.0
900.0,20,256.0,1.7655172413793103,8.516484779692282,1,13.0,0.6473647774101832,1,4.0,0.6195176048821214,1,12.0,0.6765393136851816,5,30.0,0.39675437311720263,0,4.0,0.5746415486739423,0,0.0,0.9105178942945038,1,30.0,0.6879798108499143,5,48.0,0.367166130332452,4,157.0,0.3946098255442109,18,298.0
905.0,17,185.0,1.2416107382550337,8.634247570099243,1,18.0,0.6405265243081176,2,11.0,0.4771765685943638,0,8.0,0.871412504975827,0,16.0,0.7722510102411451,1,10.0,0.6343486815002978,0,0.0,0.8736218322525016,1,21.0,0.4684401761287383,5,29.0,0.20876688525206644,4,120.0,0.3041287523133815,14,233.0
910.0,12,71.0,0.5,8.832833588464235,1,23.0,0.596795047567646,1,7.0,0.6493749730690389,0,8.0,0.8208285705908078,0,5.0,0.7204087039711679,0,16.0,0.6746983080475516,0,0.0,0.8099306308708487,1,25.0,0.4583190845932593,3,31.0,0.40405916522873697,3,87.0,0.4251146425720148,9,202.0
915.0,21,146.0,1.028169014084507,8.307090189803553,2,33.0,0.5195723108427099,0,0.0,0.8982744574112256,1,12.0,0.747422877458847,2,11.0,0.5602713687871589,1,18.0,0.6691285014050997,0,0.0,1.0,3,34.0,0.4474971160900118,3,34.0,0.2617193679915507,4,45.0,0.41461450924534715,16,187.0
920.0,19,138.0,0.9387755102040817,8.124136075895402,3,21.0,0.2983501759254785,0,0.0,0.8835362923935675,2,7.0,0.6219639793365678,1,6.0,0.6059170297834569,1,19.0,0.796118926034557,0,0.0,1.0,0,0.0,0.2615920446856274,4,52.0,0.2996705058036399,4,35.0,0.40902872299063725,15,140.0
925.0,13,118.0,0.7866666666666666,8.923065216476598,2,15.0,0.41967511261087215,0,7.0,0.964674821121476,0,0.0,0.7019548797747672,3,16.0,0.19900302352771188,0,12.0,0.814628641441369,0,45.0,0.8710231020138752,1,12.0,0.42911235523937175,4,53.0,0.26738320042506974,1,14.0,0.6251692692731879,11,174.0
930.0,17,134.0,0.9054054054054054,9.24787677157465,2,25.0,0.47366597903959096,0,7.0,0.928786771394072,1,4.0,0.6989219098774216,5,41.0,0.25488885103093434,0,4.0,0.6774313465899817,0,45.0,0.9733062410906043,2,25.0,0.5897345823753729,3,51.0,0.4446331350283889,2,13.0,0.5792859582434176,15,215.0
935.0,10,112.0,0.7619047619047619,9.628677343381906,2,23.0,0.5890491076652881,0,7.0,0.9683066318140646,1,3.0,0.5426165565802239,0,4.0,0.9512644055931561,1,6.0,0.6445438324454772,0,15.0,0.958913665863155,0,0.0,0.8072949000623816,3,66.0,0.49341543800036775,3,30.0,0.5209123315928361,10,154.0
940.0,11,80.0,0.547945205479452,9.35503675795398,0,9.0,0.7940971684884346,0,7.0,0.9602904310363152,1,8.0,0.7192587036572249,0,8.0,0.9212692919745759,1,13.0,0.5091816796191885,0,3.0,0.9354811898830799,1,32.0,0.599201544853844,2,43.0,0.4863471363493043,3,19.0,0.5852000242763818,8,142.0
945.0,16,84.0,0.5675675675675675,9.00868756664211,2,12.0,0.4406875900923116,0,7.0,0.9438544145033503,1,13.0,0.749634624477717,1,9.0,0.787653116810477,0,8.0,0.669119470816589,0,3.0,0.9479258778549433,5,29.0,0.4183488417183573,3,38.0,0.5417811336680924,2,10.0,0.47601058693610554,14,129.0
950.0,24,155.0,1.0472972972972974,8.093722277172645,3,21.0,0.39092135193161265,0,7.0,0.9202206649192004,1,19.0,0.778227372020429,2,15.0,0.47063927232214053,1,6.0,0.4470761503875534,0,0.0,1.0,4,38.0,0.30292406907769753,4,56.0,0.5201491052205515,4,36.0,0.3737880686687159,19,198.0
955.0,19,114.0,0.75,8.328900101536664,3,17.0,0.47170934928896396,1,8.0,0.4922628168569916,0,1.0,0.7699131473274737,1,19.0,0.5786984624643519,3,20.0,0.4745437554365716,0,0.0,0.8965686147910231,2,47.0,0.45524678215920705,3,31.0,0.505050319655894,3,33.0,0.5786505972364786,16,176.0
960.0,15,129.0,0.8431372549019608,9.610846563783447,4,30.0,0.2979994889798714,0,4.0,0.6983653573716574,2,10.0,0.7523174134495088,1,15.0,0.7136338755726542,2,23.0,0.44266025867345277,0,0.0,0.8873121509855896,3,59.0,0.4476853671050465,1,24.0,0.42048240453054664,0,21.0,0.7671648721988603,13,186.0
965.0,18,169.0,1.1342281879194631,9.065403325377837,3,35.0,0.49268710550612477,1,8.0,0.6516244216765164,2,20.0,0.7583246600527039,3,29.0,0.5867182890957322,2,12.0,0.5233225588742481,0,0.0,0.9139710000521944,4,91.0,0.4025498393675443,2,22.0,0.3161234422783727,0,0.0,0.4117750053138484,17,217.0
970.0,14,116.0,0.7945205479452054,8.880320161385212,1,33.0,0.6852094163315653,1,9.0,0.6448627578305584,0,5.0,0.863810634544191,2,10.0,0.6388595618500819,3,26.0,0.6826631425490368,0,0.0,0.9126237681797494,3,35.0,0.33569121806431795,2,32.0,0.4852857614443433,1,13.0,0.6981008680491625,13,163.0
975.0,10,75.0,0.5208333333333334,9.244816089050456,3,40.0,0.5525940391081474,0,4.0,0.9469761659898701,1,9.0,0.8318621987139563,0,1.0,0.7116863217136981,1,21.0,0.7676350934388765,0,0.0,1.0,2,19.0,0.5861138783291001,1,11.0,0.6202819279411018,0,3.0,0.9538858988488437,8,108.0
980.0,15,90.0,0.625,9.1474702707288,5,27.0,0.4404150275346684,0,4.0,0.9600741911105367,1,18.0,0.8089906879659133,2,14.0,0.6624048089195772,1,11.0,0.6137301604734051,0,3.0,0.979321310498558,3,34.0,0.49343561574004113,1,16.0,0.6981400398100328,0,3.0,0.8957312221290546,13,130.0
985.0,19,108.0,0.7297297297297297,8.373079019177007,5,33.0,0.3990650460205646,0,4.0,0.9320258311097357,1,12.0,0.539131784877558,2,12.0,0.5809344540631505,2,15.0,0.3338329528747122,0,3.0,0.9391896220666965,4,21.0,0.26008970066642645,2,23.0,0.5695341963094595,0,0.0,0.6227823102615505,16,123.0
990.0,25,159.0,1.06,8.298743474091788,8,63.0,0.28642031138235047,0,0.0,0.5052453828898,2,13.0,0.6767443019923293,1,10.0,0.6015815541981242,3,19.0,0.29970191524843387,0,0.0,0.9458628924367931,5,29.0,0.4005806027751916,1,7.0,0.68256989946272,2,14.0,0.6411314904666785,22,155.0
995.0,32,264.0,1.7483443708609272,8.312566812480197,9,86.0,0.18337335228075405,1,4.0,0.3320836308356608,2,23.0,0.7519427033257775,6,33.0,0.3552846170526817,1,14.0,0.5888679996072637,0,0.0,0.9186734618687468,5,51.0,0.46732845657971916,1,12.0,0.5559281386854952,3,23.0,0.4721744187223205,28,246.0
1000.0,25,246.0,1.618421052631579,8.097437073542418,8,120.0,0.20447088705199032,2,12.0,0.31583113863792595,0,5.0,0.9553385839452315,2,26.0,0.6270132599185119,1,15.0,0.744540045384729,0,0.0,1.0,3,42.0,0.40658008482212754,2,22.0,0.3450625819280681,3,11.0,0.24058752171135725,21,253.0
1005.0,17,170.0,1.1111111111111112,8.072228882159143,5,118.0,0.1807555847516405,1,8.0,0.4739654928903094,1,7.0,0.6729514043531988,0,5.0,0.8601428895694797,0,8.0,0.6124288926705729,0,0.0,1.0,3,25.0,0.4443372094869431,2,18.0,0.5324831177165097,2,19.0,0.468795243742062,14,208.0
1010.0,17,184.0,1.1948051948051948,8.650058456666011,5,116.0,0.2865489889505125,0,0.0,1.0,4,19.0,0.5794565752741924,1,6.0,0.5352873062686365,0,8.0,0.7485932619400103,0,0.0,1.0,2,26.0,0.39410702242138146,1,21.0,0.4350727820003056,2,29.0,0.5248755043425463,15,225.0
1015.0,18,193.0,1.2532467532467533,8.571968244343866,6,130.0,0.23906547386223923,0,0.0,1.0,1,9.0,0.8052846665537422,2,7.0,0.3248847484026068,0,12.0,0.737376175425898,0,0.0,1.0,4,26.0,0.3989853365377274,2,30.0,0.437267622059453,1,7.0,0.7375747107840632,16,221.0
1020.0,16,153.0,0.9807692307692307,9.139983692759042,9,168.0,0.23699497088731947,0,0.0,1.0,0,4.0,0.842543882706786,2,13.0,0.5720560072832448,0,8.0,0.933350784944713,0,0.0,0.9064834915634102,3,71.0,0.22853043083947658,1,9.0,0.3641576631430619,1,8.0,0.7732848460319003,16,281.0
1025.0,19,207.0,1.3269230769230769,8.838804661291364,9,186.0,0.3434898489635698,0,0.0,1.0,1,8.0,0.8032799042437612,3,29.0,0.5495852647518461,1,14.0,0.641497827050355,0,0.0,0.9629112028311038,1,60.0,0.29844667973084404,1,18.0,0.5671926492142841,1,17.0,0.704036547064995,17,332.0
1030.0,17,190.0,1.2418300653594772,8.872294557632408,5,196.0,0.25308615339192625,0,0.0,1.0,0,8.0,0.8492852550708709,1,6.0,0.652970659368305,2,15.0,0.6359392898685711,0,0.0,0.8901325997209872,4,75.0,0.2523906800927521,1,23.0,0.6531259898536202,1,6.0,0.7306800448498718,14,329.0
1035.0,19,230.0,1.5032679738562091,9.088006211175076,6,174.0,0.2376938126204055,0,0.0,1.0,0,4.0,0.9194343625366775,2,12.0,0.6677647988514321,0,4.0,0.7531922090109293,0,0.0,0.9829321339294496,4,88.0,0.49450990910849785,0,8.0,0.8504657298319455,2,18.0,0.5195663093070185,14,308.0
1040.0,19,239.0,1.5620915032679739,9.122938787129456,8,159.0,0.2772087498629113,0,0.0,1.0,0,4.0,0.9221979107280575,2,33.0,0.6622279640657844,1,8.0,0.5360832550004221,0,2.0,0.8929074773340655,1,80.0,0.6663184435175425,0,4.0,0.8763150398487937,3,26.0,0.5491096381808674,15,316.0
1045.0,25,221.0,1.4539473684210527,8.314356926758645,10,148.0,0.1999653460861042,0,0.0,0.9758017013389931,0,8.0,0.8369278329842551,2,47.0,0.7177015624529868,3,21.0,0.37217614522279097,0,2.0,0.9690231652182482,2,73.0,0.4535673778609994,0,4.0,0.9312244359249989,2,22.0,0.5522224761336686,19,325.0
1050.0,33,298.0,1.9350649350649352,7.920069855356056,13,160.0,0.10657933480967427,0,4.0,0.9539796587990039,0,8.0,0.8412568188978372,2,57.0,0.6926137700223371,2,22.0,0.6287022368889493,0,1.0,0.9489921841833224,4,44.0,0.21748587872569672,2,6.0,0.3950414029432337,1,18.0,0.750554852276898,24,320.0
1055.0,31,378.0,2.3773584905660377,7.648633218761796,11,179.0,0.17976363222873584,0,4.0,0.8716134326315745,2,12.0,0.6331758867271027,2,56.0,0.6437028633658063,0,11.0,0.7446805809091674,0,0.0,1.0,2,54.0,0.1967013340950567,4,25.0,0.33827768474003833,1,47.0,0.698098651855786,22,388.0
1060.0,29,336.0,2.1265822784810124,8.07474337517805,6,192.0,0.21359824433474275,0,4.0,0.9692500636381024,2,21.0,0.5823410934093947,1,5.0,0.6071250740667185,0,0.0,0.8804101473305962,0,0.0,0.9900115251331706,3,32.0,0.49070357668241393,5,47.0,0.42488146078461914,3,60.0,0.552016277046149,20,361.0
1065.0,27,276.0,1.7142857142857142,7.921854376642973,5,149.0,0.24351788829516188,0,4.0,0.9507537685780776,2,16.0,0.718905219873482,3,22.0,0.5957428473150058,1,5.0,0.5739020820922668,0,0.0,0.9782437866362585,1,10.0,0.5331852406892634,2,22.0,0.5771611647786762,5,69.0,0.387815802962156,19,297.0
1070.0,31,341.0,2.1180124223602483,8.470728619942355,6,152.0,0.27889760938520336,0,4.0,0.8122460196883089,2,22.0,0.7404506003834983,6,48.0,0.4635858398416324,1,14.0,0.6252590592666579,0,0.0,0.9412579809608692,2,18.0,0.5751972563460056,1,19.0,0.7315119254764803,4,76.0,0.3978989956375362,22,353.0
1075.0,26,326.0,2.0123456790123457,7.692220384689967,5,143.0,0.21016308826100288,0,4.0,0.9377303566209209,0,2.0,0.6804545233167211,5,26.0,0.35070963279145384,1,23.0,0.7210031487425812,0,0.0,1.0,3,32.0,0.5482655864032835,1,9.0,0.6533065093313576,6,93.0,0.32539257046123304,21,332.0
1080.0,22,187.0,1.1333333333333333,7.8158453654121,5,151.0,0.3830557375723193,0,4.0,0.8187770779649448,1,7.0,0.7686410140203705,3,12.0,0.3738948954713712,1,18.0,0.6992782543971274,0,0.0,1.0,1,30.0,0.4229597670277869,2,18.0,0.39695534556428225,3,59.0,0.4856456381024566,16,299.0
1085.0,23,252.0,1.5272727272727273,9.133953198332744,6,103.0,0.30204862916919034,1,12.0,0.7238890048096024,1,12.0,0.8065065139381861,3,35.0,0.5300937891814496,2,27.0,0.7607193104874164,0,1.0,0.8659637446912741,1,28.0,0.41500746366373503,3,32.0,0.5160577706301628,1,5.0,0.7077125190424951,18,255.0
1090.0,13,142.0,0.8606060606060606,9.32209415683193,6,96.0,0.19255147614638765,1,17.0,0.7764062747098498,0,2.0,0.8635140809112242,1,25.0,0.7253486621400571,2,25.0,0.6487084080601401,0,1.0,0.975490603715774,1,33.0,0.434745505893891,1,17.0,0.7616271919796069,1,10.0,0.6663751589944772,13,226.0
1095.0,16,108.0,0.6428571428571429,9.569182083640873,6,109.0,0.30129857750140393,0,4.0,0.7356248999664173,1,4.0,0.84387808012482,1,15.0,0.550504333432959,2,13.0,0.538664858531159,0,0.0,1.0,2,52.0,0.5755944295943268,1,23.0,0.7474956916033818,3,55.0,0.46420097170121905,16,275.0
1100.0,20,181.0,1.0773809523809523,9.254526808344684,7,128.0,0.3983781011344235,1,7.0,0.6732687280234857,1,13.0,0.8578446162434168,3,32.0,0.48673222863442067,1,12.0,0.6684481875859251,0,0.0,0.972979020518421,0,60.0,0.5356025888079892,1,27.0,0.7721748707562796,3,71.0,0.40907841886297663,17,350.0
1105.0,22,236.0,1.4478527607361964,8.48256506362495,6,152.0,0.2773544958413547,1,12.0,0.7082331473819302,0,4.0,0.9248942611563814,2,20.0,0.5641596384763553,3,20.0,0.4978159435509028,0,0.0,0.9956962140169046,2,62.0,0.3575542688290401,1,28.0,0.8096477562060548,5,91.0,0.23597431181974737,20,389.0
1110.0,19,212.0,1.325,9.056544985008959,6,169.0,0.1954110867019662,2,4.0,0.43379187752665915,0,4.0,0.867502076943885,1,11.0,0.7002487705972459,3,30.0,0.5615149980490489,0,1.0,0.9424453827212225,1,8.0,0.6474218858669502,1,33.0,0.6839720941379451,3,70.0,0.23371406005577033,17,330.0
1115.0,22,247.0,1.54375,8.588370719124004,7,154.0,0.2073486691582751,3,16.0,0.3829998668551756,3,12.0,0.605251153000786,1,16.0,0.7086828415643454,1,28.0,0.533681089949197,0,0.0,1.0,2,7.0,0.3800066239543313,1,38.0,0.3108463248119192,1,59.0,0.48423547507705667,19,330.0
1120.0,26,263.0,1.6540880503144655,8.366369065475732,10,140.0,0.08676524197615121,3,35.0,0.47358423846247016,1,11.0,0.8653384088655042,2,27.0,0.6652070623286364,2,18.0,0.496843253040569,0,0.0,1.0,2,15.0,0.582338520872592,1,9.0,0.38505356069394986,2,9.0,0.5897629945267208,23,264.0
1125.0,26,246.0,1.5471698113207548,8.352660336579467,11,139.0,0.11136132696913029,3,50.0,0.39521385633036527,0,4.0,0.9500773800021909,2,9.0,0.637303682430904,2,9.0,0.41993622827967153,0,0.0,1.0,1,19.0,0.6811027768442075,3,23.0,0.5559428991360816,0,4.0,0.8632376028554073,22,257.0
1130.0,28,311.0,1.9559748427672956,8.217797852497931,12,185.0,0.13228154481603166,2,30.0,0.42777246318274853,0,8.0,0.8818722594453364,3,18.0,0.6029468778609416,3,18.0,0.40492480851762036,0,2.0,0.9430995621832555,1,11.0,0.7122629188589131,3,38.0,0.5083269535034166,2,24.0,0.5778119550516101,26,334.0
1135.0,31,306.0,1.9741935483870967,7.9708854328256535,9,129.0,0.19399520128109168,1,12.0,0.6389916801253993,0,8.0,0.9128391689510101,6,41.0,0.2412053961034081,5,40.0,0.47483301697170716,0,2.0,0.9536319027820063,2,18.0,0.484275874111821,2,21.0,0.6643669124101809,3,22.0,0.38225902389647093,28,293.0
1140.0,20,198.0,1.2692307692307692,8.479673512891646,3,84.0,0.3702407198282268,1,17.0,0.5711353678066331,0,4.0,0.9279156954529203,4,27.0,0.32688422698828057,5,69.0,0.3178270360694142,0,0.0,0.9901886366910191,2,8.0,0.4324410898569011,3,12.0,0.4218610118848251,0,4.0,0.5954638303278962,18,225.0
1145.0,22,211.0,1.3612903225806452,8.996330817873499,4,80.0,0.30320964356933605,0,12.0,0.7863672348947444,1,5.0,0.6322915866799527,2,3.0,0.4409024910166414,4,73.0,0.4029629357919142,0,0.0,0.9557198677809006,2,12.0,0.3254239492441133,2,19.0,0.3564558114702944,2,10.0,0.002969090048885084,17,214.0
1150.0,24,224.0,1.4451612903225806,9.499137418887926,5,108.0,0.19405450844555858,1,15.0,0.6838487027987061,0,4.0,0.8833334222519261,3,25.0,0.5201539252595317,0,41.0,0.6877053755310724,0,8.0,0.8570180116728616,5,32.0,0.37660949047606257,4,24.0,0.28170549974835896,2,20.0,0.0,20,277.0
1155.0,14,180.0,1.1764705882352942,9.804604497835712,5,101.0,0.25762240456099067,1,16.0,0.7415944165519492,0,4.0,0.942563675934849,1,20.0,0.6090693171151056,0,13.0,0.5445895798189394,0,8.0,0.9433104362177696,2,20.0,0.613011348054932,3,38.0,0.4272967564059794,0,7.0,0.957309178020028,12,227.0
1160.0,8,110.0,0.7333333333333333,8.984235471844734,2,50.0,0.6034772308780203,0,4.0,0.9456173388471355,1,5.0,0.5282515135220148,2,17.0,0.6228246964693032,0,12.0,0.7121946715963183,0,6.0,0.9613561140303355,0,6.0,0.5912534810858789,3,57.0,0.42311147765370555,0,4.0,0.8928396944197473,8,161.0
1165.0,15,107.0,0.6903225806451613,8.255540135222397,2,49.0,0.35530137081158003,0,4.0,0.592296707343431,1,8.0,0.6221365506094299,5,32.0,0.4484473036486278,0,8.0,0.9532611339524596,0,0.0,1.0,2,13.0,0.4809268075754454,2,28.0,0.2762936301205961,1,3.0,0.6237375358597571,13,145.0
1170.0,20,151.0,0.9805194805194806,7.690648476026809,4,65.0,0.1969680110680134,1,9.0,0.7661587765631543,2,8.0,0.3502369546438718,3,17.0,0.3324118647391463,0,8.0,0.7381647984827635,0,0.0,0.796589084291756,1,63.0,0.47366159309754324,3,50.0,0.3296643263037803,1,6.0,0.7298823915576867,15,226.0
1175.0,31,196.0,1.264516129032258,7.904934449510462,4,56.0,0.4100523118738402,0,4.0,0.648370497342335,3,26.0,0.33995784993673184,1,10.0,0.4395753455855834,1,10.0,0.43119908767862575,0,2.0,0.9599907891971007,3,68.0,0.4685696215082107,4,55.0,0.41133819493282203,3,14.0,0.5650333325817909,19,245.0
1180.0,28,212.0,1.3766233766233766,8.276611244251006,3,42.0,0.5036322736500409,2,9.0,0.001184672178720018,1,17.0,0.6973611945707047,2,27.0,0.647537843373934,2,20.0,0.5761444365308762,0,6.0,0.9887467791356435,4,39.0,0.29768770302881414,3,24.0,0.5422560353640622,4,29.0,0.5249331472654892,21,213.0
1185.0,25,223.0,1.4866666666666666,8.22597041132283,4,59.0,0.3158017047767801,2,19.0,5.337236109896152e-06,0,5.0,0.9622450529826121,2,36.0,0.5787795016900527,0,8.0,0.864074550533282,0,0.0,1.0,3,10.0,0.22203406909670537,1,19.0,0.45570079849936207,2,11.0,0.3878490713018018,14,167.0
1190.0,22,233.0,1.5533333333333332,8.6126724295785,1,22.0,0.6880454275133581,1,16.0,0.45386091975165715,0,5.0,0.9063485925913632,2,32.0,0.4674754229216071,0,8.0,0.7795890573411155,0,1.0,0.9591141163082304,1,4.0,0.4810153454760788,4,37.0,0.43649095231864726,2,18.0,0.0,11,143.0
1195.0,21,154.0,1.0,8.394865128515292,0,12.0,0.5669446871327694,0,4.0,0.9646152018272575,1,10.0,0.8222740922009482,3,35.0,0.4336527302625217,1,9.0,0.6252463443145065,0,3.0,0.8344614236253187,2,13.0,0.3288265252251859,4,25.0,0.5176089618173508,2,32.0,0.35819626661368426,13,143.0
1200.0,13,96.0,0.6114649681528662,8.770364095986166,1,9.0,0.48474228076603704,0,4.0,0.8434919189333238,1,15.0,0.7921150082753939,6,51.0,0.42874151566880925,0,12.0,0.709996919496181,0,7.0,0.7596728713073874,0,32.0,0.3680280965100112,2,26.0,0.5590429469748179,1,21.0,0.7215805102651478,11,177.0
1205.0,13,89.0,0.5705128205128205,8.885168278882455,2,25.0,0.5454863031815236,0,4.0,0.9385283082031961,2,23.0,0.707121505211806,3,40.0,0.5052801637422728,0,8.0,0.5506766397349117,0,0.0,0.981276099939336,3,50.0,0.3870962143216993,3,30.0,0.295745652005473,0,0.0,0.7627747208301442,13,180.0
1210.0,16,109.0,0.689873417721519,9.098361354722014,2,33.0,0.3986026806326003,0,4.0,0.8661869084610447,1,14.0,0.758365668873796,0,28.0,0.6739361011252499,3,25.0,0.5829371814525885,0,0.0,0.8930047692486435,4,82.0,0.40845788403014666,3,35.0,0.41321248104395863,1,19.0,0.8344327066771531,14,240.0
1215.0,14,131.0,0.8291139240506329,9.425890640979551,5,53.0,0.23564858445742065,0,4.0,0.30837734973129166,1,9.0,0.5634217720725276,0,5.0,0.6117916786562102,1,23.0,0.5969544037835017,0,0.0,0.9620800819875152,2,46.0,0.5877010627977152,2,41.0,0.6670357650563962,0,15.0,0.8099813774566951,11,196.0
1220.0,21,138.0,0.8846153846153846,8.893546014118415,5,49.0,0.2639623111368271,0,0.0,1.0,5,28.0,0.40952894195894424,1,11.0,0.5966333303206783,1,22.0,0.5673799044227237,0,0.0,0.9640604524783589,1,40.0,0.6117870932360944,2,51.0,0.695729109070021,3,24.0,0.2981687856730599,18,225.0
1225.0,19,157.0,1.026143790849673,8.685521058472636,4,42.0,0.36432847530813733,0,0.0,1.0,3,25.0,0.40414664327911376,0,8.0,0.8944476466122301,1,15.0,0.5224789775753371,0,8.0,0.9597798874305843,1,37.0,0.4880224658463037,2,46.0,0.49699715718098497,5,32.0,4.067037766661521e-06,16,213.0
1230.0,17,179.0,1.1776315789473684,8.691940956394797,4,55.0,0.41623184441569966,0,0.0,0.9637030409251747,1,4.0,0.6648003949603755,0,8.0,0.7880049428909293,3,32.0,0.3857714144543956,0,41.0,0.9019475993595426,1,50.0,0.40103261582575,4,61.0,0.4797642839908847,2,18.0,0.0,15,269.0
1235.0,21,150.0,0.967741935483871,8.073267244607933,3,40.0,0.5675851497236664,0,4.0,0.9250726362421031,3,15.0,0.32834550657489053,3,19.0,0.4322917589160252,2,11.0,0.3438743619558042,0,32.0,0.7692667834714693,2,20.0,0.47514975583794195,8,85.0,0.3010710495796603,0,0.0,0.8849940668229107,21,226.0
1240.0,24,144.0,0.9230769230769231,8.743667764614523,5,61.0,0.38435987787245207,0,4.0,0.886517599013647,0,0.0,0.9496461505375441,5,21.0,0.49589014799835657,2,12.0,0.6766828436349298,0,27.0,0.8290574879788258,4,43.0,0.36145199631136316,6,54.0,0.288505913062941,0,1.0,0.8376681431019086,22,223.0
1245.0,20,202.0,1.2625,9.607281949751833,7,85.0,0.2766523479639257,0,4.0,0.9485815304358816,0,0.0,0.9613903966636341,0,16.0,0.6889046081233448,2,28.0,0.5994829775021692,0,0.0,0.8754854099187915,3,44.0,0.5007695655740614,6,86.0,0.3620914406729969,0,0.0,0.889400838398117,18,263.0
1250.0,21,221.0,1.389937106918239,8.952139559410387,7,89.0,0.4389991945784667,0,4.0,0.9616749515788248,0,0.0,0.942464850111666,0,4.0,0.39946784066542496,2,14.0,0.6087854531569383,0,0.0,0.9782698617258466,1,31.0,0.474382951981447,7,119.0,0.3322447420637208,0,4.0,0.913302223558857,17,265.0
1255.0,23,188.0,1.2129032258064516,8.35167824523364,4,87.0,0.2908138198512547,0,4.0,0.8946068050550172,0,0.0,0.8476216956897783,1,14.0,0.5836748712599509,1,12.0,0.5992034442181272,0,0.0,0.9972935210835988,4,36.0,0.30858264037054717,8,101.0,0.023884138046525207,0,5.0,0.9471199245325828,18,259.0
1260.0,22,172.0,1.0955414012738853,8.725529907103635,7,73.0,0.38775305929407683,0,4.0,0.9355329784519616,0,0.0,0.8998827983086745,1,26.0,0.8360625503527576,3,25.0,0.4154314599502512,0,0.0,0.9522674009233437,3,60.0,0.3695388014099756,2,69.0,0.4167078622799381,0,5.0,0.8049080436363608,16,262.0
1265.0,22,187.0,1.1761006289308176,8.467637496758439,9,89.0,0.26865548659262184,0,4.0,0.9142651112768586,0,0.0,0.8544523862785073,2,36.0,0.7920705500249672,1,13.0,0.6088405281547825,0,4.0,0.7798699323235491,0,27.0,0.49435673737836056,2,38.0,0.5228965978106542,2,12.0,0.26602771745528503,16,223.0
1270.0,24,193.0,1.2138364779874213,8.554952943184334,8,89.0,0.26526241150928764,0,0.0,1.0,0,0.0,0.8118509550714496,2,44.0,0.6833823077178325,2,19.0,0.6916287475396143,0,0.0,0.9534379973498219,2,29.0,0.4607856063978877,2,18.0,0.3461634740350011,3,14.0,0.23129552732226027,19,213.0
1275.0,24,179.0,1.11875,8.507776714129696,9,126.0,0.28442648540389787,0,0.0,0.9182445800111045,1,5.0,0.8311270327252787,5,31.0,0.5354687453800419,2,33.0,0.5860622807394793,0,0.0,0.9517496959958481,3,33.0,0.41002032737090693,2,10.0,0.42799547617055095,1,41.0,0.6402547290035583,23,279.0
1280.0,26,240.0,1.4814814814814814,7.971196129633238,12,172.0,0.28600458831319664,0,0.0,0.9110011210202027,1,5.0,0.8243996320384931,5,40.0,0.37525085005961845,3,28.0,0.5151115524079201,0,0.0,1.0,1,52.0,0.6153053013817696,2,24.0,0.498311838461555,1,76.0,0.5973203452048328,25,397.0
1285.0,28,269.0,1.6503067484662577,7.8315876247103935,12,221.0,0.17665395889257515,0,0.0,0.9448426422075793,0,4.0,0.8491619492545235,10,86.0,0.29991547623277254,0,24.0,0.5891026100611348,0,4.0,0.966978288268456,2,98.0,0.39614628926292206,1,8.0,0.7577735260217657,1,64.0,0.7113885063666741,26,509.0
1290.0,28,355.0,2.191358024691358,8.314807055537583,13,247.0,0.13811884591898885,0,0.0,0.9389809773684334,0,4.0,0.8847003952184411,7,72.0,0.43626063260455145,0,14.0,0.6097531159709862,0,6.0,0.9472991267134401,2,22.0,0.4521520896573327,1,13.0,0.6018201597707519,1,38.0,0.7298475784083088,24,416.0
1295.0,33,414.0,2.524390243902439,8.329228227638032,15,307.0,0.13629844276926945,0,0.0,0.48720862175319835,2,9.0,0.7224955618868588,1,50.0,0.5573024494081618,2,14.0,0.6546151305970578,0,19.0,0.9288231535854373,3,19.0,0.45081930454748553,2,15.0,0.3697342758614403,1,28.0,0.29107318094592455,26,461.0
1300.0,28,427.0,2.587878787878788,8.564483341150746,11,355.0,0.17757762677725164,0,0.0,0.7674323955291652,1,6.0,0.7428412302384545,2,46.0,0.6292429838215315,0,10.0,0.9460438447468346,0,19.0,0.924171773937346,3,30.0,0.4385781775202478,3,24.0,0.32863100251167815,0,0.0,0.8873146328416148,20,490.0
1305.0,26,508.0,3.0419161676646707,8.606565435165011,12,385.0,0.2663183076131683,1,3.0,0.6493127208954556,0,0.0,0.7472499982882466,3,40.0,0.5553985135819342,0,6.0,0.7828626834875634,0,2.0,0.8562046666541845,3,36.0,0.44861021814494795,1,15.0,0.7154782281429298,0,5.0,0.9029894470724142,20,492.0
1310.0,28,390.0,2.3493975903614457,7.753669807011763,11,278.0,0.3359906557554329,1,8.0,0.49542508306110017,1,4.0,0.8039479899095117,3,29.0,0.36470486996373497,2,12.0,0.3007055336236534,0,1.0,0.7442260815519857,3,34.0,0.3436641455170054,2,21.0,0.6392651873678238,1,6.0,0.5672790171729577,24,393.0
1315.0,25,231.0,1.4085365853658536,7.841824895965435,5,173.0,0.3301025448404337,0,0.0,0.9087201559092757,0,0.0,0.8089365597965752,7,61.0,0.309879865218232,2,15.0,0.35711366833021174,0,0.0,1.0,3,39.0,0.3787556832959921,3,28.0,0.43726849913883575,2,6.0,0.4920292121119309,22,322.0
1320.0,27,264.0,1.6,8.343533207984386,6,97.0,0.31547304743487625,0,0.0,0.9731765557940781,0,0.0,0.766509506702201,11,112.0,0.2671059167043021,1,13.0,0.5991782246274441,0,0.0,0.4581177404875513,4,37.0,0.41673712852991707,2,32.0,0.3221546058013633,0,0.0,0.8027475923507026,24,291.0
1325.0,27,281.0,1.7453416149068324,8.509007963045283,9,108.0,0.21818263878240918,0,0.0,0.935037222745032,2,5.0,0.6839723481115098,8,115.0,0.38185810864210074,1,14.0,0.5854128546318991,0,1.0,0.7406886529406593,3,34.0,0.44265865657606407,2,36.0,0.5524421630144715,0,0.0,0.7161840358509257,25,313.0
1330.0,19,151.0,0.9207317073170732,8.863705806622349,6,117.0,0.17245549337022228,0,0.0,0.4452305477591451,1,2.0,0.7572589230875723,4,105.0,0.35049864082479576,1,9.0,0.7371793145877024,0,0.0,0.9268208362842734,4,41.0,0.21997207704700175,2,46.0,0.6760857907178516,0,4.0,0.9469421565345497,18,324.0
1335.0,14,134.0,0.8322981366459627,9.017294674185196,3,99.0,0.41288807464625493,1,4.0,1.1820959079947676e-05,1,8.0,0.6970621100635194,1,71.0,0.3952117834393257,0,4.0,0.834383394721574,0,0.0,0.8857021908668243,5,125.0,0.21169529978888987,2,16.0,0.5337947353223583,1,7.0,0.5467798994183105,14,334.0
1340.0,20,136.0,0.84472049689441,8.873238137143973,3,98.0,0.5584531537897097,1,9.0,0.48827234676984177,2,14.0,0.6629465113625868,1,44.0,0.5593292489755102,1,8.0,0.5859779425364555,0,15.0,0.9454853019993912,2,85.0,0.4944044184017908,3,13.0,0.21804667980066908,1,6.0,0.31153438169612346,14,292.0
1345.0,20,157.0,0.98125,8.446502777625586,4,97.0,0.323619682757333,0,0.0,0.961634434373377,0,0.0,0.6477229394645205,3,41.0,0.5400574883389215,0,4.0,0.10011011498233661,0,15.0,0.9408962839938293,1,54.0,0.709723251657469,5,42.0,0.329496368022575,3,21.0,0.5013187382206138,16,274.0
1350.0,26,189.0,1.1595092024539877,7.704973927181354,5,76.0,0.1850609954807837,1,1.0,0.001782485509151887,2,15.0,0.634843150024993,4,32.0,0.36711299675164544,1,4.0,0.4885171180510022,0,0.0,1.0,1,28.0,0.41400810969265944,4,43.0,0.47980778707543825,4,37.0,0.5226905356776833,22,236.0
1355.0,34,222.0,1.3788819875776397,7.57815905974481,7,83.0,0.24876018165672573,1,6.0,0.0,2,21.0,0.6494692985125897,6,47.0,0.3755485643522129,1,9.0,0.49223616594180813,0,1.0,0.9363178196096865,3,57.0,0.3248175925195755,2,46.0,0.5740136550906523,3,35.0,0.3842370630982594,25,305.0
1360.0,40,329.0,2.05625,7.28498067573328,7,108.0,0.2223414390064383,0,0.0,1.0,1,12.0,0.8157466996482265,10,86.0,0.14077238367218126,0,4.0,0.6631730699355005,0,0.0,0.9352962901916302,6,86.0,0.20047479165531273,2,53.0,0.4778371979951854,3,33.0,0.35844073673312965,29,382.0
1365.0,33,340.0,2.125,7.275723779699129,7,125.0,0.20461704104181488,0,0.0,1.0,0,4.0,0.8480303138477886,7,88.0,0.2178158486835119,0,4.0,0.935794300222734,0,0.0,0.9897632069650123,7,117.0,0.4145234364465917,1,5.0,0.6301516879433564,4,33.0,0.1934837241287845,26,376.0
1370.0,26,290.0,1.7901234567901234,8.08167214224278,6,138.0,0.2719191324720331,0,0.0,0.9754932421983071,1,6.0,0.8357003264590984,4,96.0,0.27018849620398805,0,16.0,0.786119077459544,0,5.0,0.9775360804407325,5,83.0,0.4532777287269001,2,12.0,0.6806230100609607,2,26.0,0.5701293471675726,20,382.0
1375.0,22,277.0,1.73125,8.212312442063512,7,168.0,0.30857468422980067,0,0.0,1.0,0,4.0,0.8831727588952537,4,78.0,0.326633201981258,0,8.0,0.569152524822557,0,5.0,0.9765666397635784,3,75.0,0.42252711198745074,3,22.0,0.6193368910527984,1,30.0,0.5699614766484973,18,390.0
1380.0,25,308.0,1.9130434782608696,7.4569424878638655,6,156.0,0.1737749775385758,0,0.0,1.0,1,12.0,0.8316032736139535,2,51.0,0.276324486890632,2,17.0,0.3366404507475343,0,9.0,0.943956481972862,4,64.0,0.36767729353324674,2,16.0,0.6878418509509376,3,46.0,0.4312569082594513,20,371.0
1385.0,27,242.0,1.475609756097561,7.822352601926501,2,115.0,0.1751779073383109,0,0.0,1.0,2,17.0,0.7631396001162399,3,49.0,0.5212616817168779,4,44.0,0.41487885752867243,0,0.0,1.0,4,47.0,0.3512842029667077,4,30.0,0.3950975483496228,2,28.0,0.32929665232933675,21,330.0
1390.0,25,289.0,1.7839506172839505,8.092540619679385,1,62.0,0.5570316406141202,0,4.0,0.9467286562617148,2,18.0,0.6733036582421413,4,68.0,0.49278494192042926,0,8.0,0.9775189716423909,0,0.0,1.0,2,80.0,0.4447587900274811,6,57.0,0.37227106002637755,2,24.0,0.5897804225158341,17,321.0
1395.0,29,241.0,1.4968944099378882,7.880384659580894,2,47.0,0.5020834643340653,0,4.0,0.944621369976082,4,25.0,0.5844920178798414,6,78.0,0.33982077058493815,0,8.0,0.7996570616857365,0,0.0,1.0,4,97.0,0.4639298991013922,5,55.0,0.3785989074997339,2,31.0,0.5920907811440493,23,345.0
1400.0,22,164.0,1.0123456790123457,8.14809099230792,3,29.0,0.3888397414823517,0,4.0,0.9482591949994803,6,45.0,0.49570468307901383,2,70.0,0.5158046422165414,1,5.0,0.49244380522695486,0,0.0,1.0,2,57.0,0.40221443385122707,3,35.0,0.486291393399984,3,42.0,0.3419589932396578,20,287.0
1405.0,25,177.0,1.0925925925925926,8.036121641708595,6,62.0,0.38628523877674825,0,4.0,0.9618757287671232,3,32.0,0.566349706880369,2,31.0,0.4532183217371476,0,12.0,0.6647534670284558,0,0.0,1.0,3,56.0,0.21173885351343846,4,47.0,0.43044229181338883,3,32.0,0.36583886539108734,21,276.0
1410.0,26,192.0,1.1636363636363636,8.38560147387843,8,96.0,0.26718005334432554,0,4.0,0.9744082351174834,3,34.0,0.6569973068942218,3,35.0,0.4062200711095346,0,8.0,0.895945078625701,0,0.0,1.0,2,42.0,0.19707668407312298,3,40.0,0.5318688418910275,1,54.0,0.6258377787814448,20,313.0
1415.0,36,240.0,1.437125748502994,8.196316790537935,8,102.0,0.18897668267020196,0,4.0,0.787469540266368,3,40.0,0.6441395252216583,4,38.0,0.5149904286864155,1,18.0,0.6999536357213713,0,0.0,1.0,2,18.0,0.5420243534781167,4,31.0,0.5051121315091607,2,72.0,0.6265163723452126,24,323.0
1420.0,34,282.0,1.6491228070175439,8.075013221348767,4,111.0,0.2463905059709249,1,3.0,0.4464192736547547,2,31.0,0.765071298111096,5,60.0,0.3297164708303524,0,12.0,0.7702601743271839,0,4.0,0.8325253964693873,3,9.0,0.49073119926558745,5,33.0,0.384139332075767,1,26.0,0.6192639304680335,21,289.0
1425.0,31,324.0,1.9058823529411764,8.333992690007896,3,80.0,0.3648470809094683,0,7.0,0.8772244255745953,0,21.0,0.9000952580670034,5,58.0,0.3568860406750345,2,17.0,0.6513230777369294,0,0.0,0.9305909344709238,3,22.0,0.4573044504401165,4,32.0,0.30211974521708435,1,10.0,0.6085013823204843,18,247.0
1430.0,29,324.0,1.9058823529411764,8.047381683350796,6,66.0,0.2193552308649231,1,13.0,0.7875677725424416,0,13.0,0.7394764402571472,1,54.0,0.4506209206191377,3,31.0,0.5108481771407498,0,0.0,0.9747305192772441,2,35.0,0.5094142461525288,2,24.0,0.4071302515895768,2,13.0,0.5792792297631918,17,249.0
1435.0,26,274.0,1.6023391812865497,8.727466232455228,5,76.0,0.43959085328893166,1,18.0,0.8030803010626705,1,6.0,0.6944269400705618,0,26.0,0.600454596882973,4,36.0,0.49613578810849884,0,0.0,1.0,2,66.0,0.5857270854794665,3,32.0,0.4370135117222263,3,36.0,0.6428015125362356,19,296.0
1440.0,18,148.0,0.8757396449704142,8.638228196170202,6,83.0,0.16758331137983012,0,11.0,0.9343875634152624,1,7.0,0.7852847727924259,0,13.0,0.7277607628140144,1,37.0,0.6198874504697962,0,0.0,1.0,2,84.0,0.39540689827535025,1,1.0,0.4946894925957145,4,47.0,0.2532373446686476,15,283.0
1445.0,29,214.0,1.2588235294117647,8.351215287152858,5,80.0,0.18818969634372035,0,11.0,0.9450030601378538,1,12.0,0.791024183789806,0,4.0,0.8963135088009191,3,30.0,0.5697941611786953,0,2.0,0.6636509508953276,5,89.0,0.41082220006957626,1,6.0,0.3872905689665247,5,68.0,0.16207856505132776,20,302.0
1450.0,23,228.0,1.3333333333333333,9.02685922674194,4,87.0,0.27888026127401994,0,11.0,0.9281714588806027,0,8.0,0.8303604632403537,0,4.0,0.9107436527866359,4,39.0,0.5844466827232453,0,2.0,0.9415223336007121,4,87.0,0.4683283160602774,2,8.0,0.48390099487343086,2,25.0,0.6261765082494165,16,271.0
1455.0,24,267.0,1.608433734939759,8.653341473935726,5,119.0,0.26595683204498627,1,13.0,0.7366652418728723,1,11.0,0.7835692547120626,0,0.0,0.9470165942157592,0,4.0,0.5862302716592207,0,0.0,1.0,5,86.0,0.2733514381626862,0,4.0,0.7164844571934007,0,4.0,0.9193283441903263,12,241.0
1460.0,24,229.0,1.387878787878788,8.541576834356077,5,105.0,0.29750802325591513,3,19.0,0.5420486132776431,1,16.0,0.7761343533357564,0,8.0,0.9677203839549579,4,22.0,0.4542052040297303,0,0.0,1.0,4,119.0,0.3442039998193014,1,6.0,0.6147727696096805,1,27.0,0.6837628162765328,19,322.0
1465.0,23,131.0,0.808641975308642,8.12267827826882,2,115.0,0.28876672988130303,4,37.0,0.5756492560999337,0,4.0,0.8814195231653211,0,12.0,0.9583973510828415,6,51.0,0.275693336654295,0,1.0,0.9938859985931444,1,126.0,0.33642539683651157,1,5.0,0.7795372882542775,3,26.0,0.23589298965824826,17,377.0
1470.0,19,154.0,0.9506172839506173,8.271631624115377,3,82.0,0.2754190664821508,2,23.0,0.38868652907389634,0,4.0,0.8104859219165493,1,14.0,0.6663981429534077,4,48.0,0.4128868452933295,0,47.0,0.9009411165206038,3,116.0,0.3313229182103276,0,0.0,0.49744789715997983,2,67.0,0.4390962976525924,15,401.0
1475.0,22,141.0,0.8867924528301887,8.642784610189857,5,80.0,0.3050177701981446,3,13.0,0.4982324464816335,1,9.0,0.7381741216402505,1,12.0,0.6248403473942915,1,46.0,0.362039013572077,0,84.0,0.8682298561868557,2,21.0,0.4474596120138529,3,12.0,0.3734724425245869,2,33.0,0.5798409290150158,18,310.0
1480.0,23,223.0,1.4113924050632911,8.627411969199418,4,91.0,0.3951033348778186,2,22.0,0.5526662192050791,0,4.0,0.6902476587970183,2,22.0,0.7158826528721084,1,18.0,0.4090830217177078,0,38.0,0.8981698954232551,3,31.0,0.3078563521550782,3,27.0,0.33679007049012444,2,43.0,0.4727073374863765,17,296.0
1485.0,25,244.0,1.5844155844155845,7.534106749149059,6,100.0,0.34529125674748634,1,19.0,0.6335238938706313,1,9.0,0.7124449649909687,1,14.0,0.7456255155875494,0,8.0,0.39550138124147816,0,0.0,0.9669039644696997,4,49.0,0.3182070454137325,3,19.0,0.37748406914995447,0,11.0,0.6025553131452702,16,229.0
1490.0,27,233.0,1.484076433121019,8.063964854743059,4,57.0,0.3842428655105532,1,15.0,0.7384494251419106,1,14.0,0.7223760065324886,2,13.0,0.5979244296511481,3,24.0,0.292532407500272,0,0.0,1.0,4,51.0,0.19237181939308787,1,6.0,0.6121317439457464,1,16.0,0.5183897993018927,17,196.0
1495.0,22,131.0,0.8451612903225807,7.88342499781219,3,50.0,0.4003130983384194,1,20.0,0.791880083274329,0,0.0,0.932376196015134,5,36.0,0.4202610255839267,3,43.0,0.41500188263015886,0,0.0,0.9114285349786629,3,21.0,0.1466579347886615,2,6.0,0.2907106544009057,1,17.0,0.2631960320362782,18,193.0
1500.0,15,110.0,0.7284768211920529,8.294831272964467,4,52.0,0.3930745172290213,0,4.0,0.8367882295933815,0,3.0,0.9226078551821906,2,22.0,0.6224929262003347,2,39.0,0.6350459557425685,0,0.0,0.9366769323064053,2,94.0,0.3344743274520554,2,12.0,0.4762017309195358,0,0.0,0.9881738546419795,12,226.0
1505.0,21,127.0,0.8355263157894737,8.406636639158776,3,55.0,0.36873581598326155,1,10.0,0.7462062951714934,0,3.0,0.6770752925419546,0,12.0,0.7455376735884514,0,30.0,0.6224117602576416,0,1.0,0.7712812162054972,6,105.0,0.23507487464742374,2,12.0,0.5262467736285483,0,2.0,0.9166572169750205,12,230.0
1510.0,22,176.0,1.135483870967742,8.575353677863248,3,51.0,0.19221650594863043,1,15.0,0.6059373953195238,0,4.0,0.8375611844370991,1,7.0,0.7781174150930202,0,8.0,0.8048186902783641,0,0.0,0.9867700865403171,5,38.0,0.220619629945683,2,20.0,0.5542354123249584,0,8.0,0.8257079638532363,12,151.0
1515.0,23,252.0,1.6470588235294117,8.414420570480456,4,50.0,0.13679806320667914,0,7.0,0.9592565993619397,0,4.0,0.6853625768502758,0,0.0,0.7654089922493552,0,8.0,0.8912382747063372,0,0.0,0.9312515075885633,7,66.0,0.27029140497622817,1,20.0,0.5752819053926331,0,6.0,0.9636858171259115,12,161.0
1520.0,30,327.0,2.1233766233766236,8.175289847175891,3,56.0,0.10340435732174125,0,3.0,0.9527459002972821,1,8.0,0.7782871990741295,3,7.0,0.5444308520684936,1,9.0,0.6602208419239977,0,20.0,0.870944278365442,3,77.0,0.44316851326529827,3,32.0,0.47130286733204135,0,4.0,0.9205814244880968,14,216.0
1525.0,24,338.0,2.1528662420382165,8.436435557051803,2,45.0,0.25434347174528893,0,3.0,0.930314656706845,0,8.0,0.7138447965099824,4,27.0,0.4468936068045633,1,10.0,0.5519991526183181,0,20.0,0.9165921017429328,1,43.0,0.4382852496659356,4,27.0,0.556101861452903,0,4.0,0.9068070449288658,12,187.0
1530.0,14,173.0,1.0949367088607596,8.343898275651885,2,46.0,0.34831738781507265,0,3.0,0.9667942351493416,1,16.0,0.7987739717721407,2,7.0,0.6137276011360056,3,23.0,0.5394924893344996,0,0.0,1.0,1,66.0,0.4949913738668356,1,15.0,0.5677924188737163,0,4.0,0.968395792714023,10,180.0
1535.0,15,165.0,1.0576923076923077,8.387675599751033,1,36.0,0.5468091199136795,0,3.0,0.9834472094988883,2,22.0,0.7020302505024706,0,3.0,0.850240342391599,2,26.0,0.35406673292893115,0,52.0,0.9758650070743999,4,77.0,0.35352587431499277,4,30.0,0.42056810046458953,0,4.0,0.924589472877162,13,253.0
1540.0,20,170.0,1.1111111111111112,8.668091378626887,1,47.0,0.7832545203775435,0,0.0,0.566121917991251,2,17.0,0.7270259778914645,0,9.0,0.8548038736182834,2,24.0,0.4524781598885895,0,47.0,0.9442311571750187,6,83.0,0.26267440479171184,6,51.0,0.17255240503033537,0,4.0,0.8932194124972596,17,282.0
1545.0,18,175.0,1.1290322580645162,8.874733063566383,3,56.0,0.45548391268593164,1,2.0,0.0004273681774249859,2,17.0,0.7260257303484474,0,8.0,0.6832926886006947,2,25.0,0.5414610806305046,0,3.0,0.813698553068872,6,89.0,0.23518924512735087,3,31.0,0.1884423361858078,0,6.0,0.8864361754400456,17,237.0
1550.0,21,154.0,0.9871794871794872,8.575658227168452,3,23.0,0.34607965754465964,0,0.0,0.08397393448006528,2,27.0,0.6639391364148294,2,9.0,0.6818331151633894,0,4.0,0.6825777182229705,0,0.0,0.930990747781383,4,63.0,0.39111323450549185,4,52.0,0.10955481553461201,1,10.0,0.6458429698436353,16,188.0
1555.0,13,101.0,0.643312101910828,8.672822903324985,2,28.0,0.5611249977872469,0,0.0,0.5972255727717004,0,4.0,0.8043390337156301,0,8.0,0.5360468842772591,0,0.0,0.7804619423248405,0,10.0,0.911784214509909,0,39.0,0.43422651754226876,3,61.0,0.006941482049361094,2,18.0,0.5652918891488338,7,168.0
1560.0,20,99.0,0.6305732484076433,9.20388304267427,3,30.0,0.3537081031494399,0,0.0,0.9267410295410343,0,8.0,0.8840063281962279,4,21.0,0.5176227869665587,0,4.0,0.6909179433951469,0,10.0,0.9456564423582131,3,26.0,0.4529944099299816,2,28.0,0.28041094648288495,1,1.0,0.7168835909623859,13,128.0
1565.0,20,112.0,0.7133757961783439,8.897405399250587,4,35.0,0.309470467865791,0,0.0,0.9596265555254324,0,4.0,0.9187862822197843,4,49.0,0.41255041329131803,0,8.0,0.7690929599634978,0,2.0,0.9851698617011692,3,16.0,0.48711474024890333,0,7.0,0.724880127095992,1,10.0,0.751277049746596,12,131.0
1570.0,21,160.0,1.0,8.960111902292095,3,44.0,0.362858835569845,0,0.0,0.9220699935502209,0,0.0,0.8434189107460345,2,24.0,0.47644763822747876,0,12.0,0.6457787342577077,0,67.0,0.9458680291236525,4,23.0,0.48229351673347637,0,7.0,0.8779433937336851,1,11.0,0.7465707951151044,10,188.0
1575.0,26,251.0,1.56875,8.832628921647089,4,58.0,0.29080013817446015,0,0.0,0.729215875501484,0,0.0,0.956668602721312,2,20.0,0.6768812336526117,1,19.0,0.7148572287808737,0,0.0,1.0,5,46.0,0.3321977340843196,1,8.0,0.8019511323991302,0,0.0,0.931459394834347,13,151.0
1580.0,27,235.0,1.4779874213836477,8.290033380315009,4,48.0,0.37766814021675915,1,2.0,0.5261871334741085,0,4.0,0.9456962686111267,3,16.0,0.6199844247273615,0,13.0,0.8474293398188654,0,5.0,0.9296036391553267,3,38.0,0.3750008277557037,2,18.0,0.44968362576442855,2,2.0,0.5688047504437299,15,146.0
1585.0,16,100.0,0.625,8.34610171059831,0,33.0,0.5852248926232693,0,0.0,0.8727930900522932,0,26.0,0.846059682747632,2,15.0,0.29429734711502875,1,11.0,0.48816421431687645,0,0.0,1.0,1,42.0,0.43340602676720147,6,42.0,0.4338203667111633,2,12.0,0.5382334581175452,12,181.0
1590.0,25,124.0,0.7848101265822784,8.349299398239344,2,16.0,0.5964348953840177,1,1.0,0.3515490310913075,2,31.0,0.6232308606762881,5,24.0,0.3796112087475841,4,29.0,0.29959999242268137,0,0.0,1.0,3,64.0,0.5102076463107863,5,46.0,0.46879962221376587,0,8.0,0.7283501788057383,22,219.0
1595.0,20,151.0,0.9805194805194806,8.432898036132162,3,20.0,0.5662117087971014,2,11.0,0.0,2,41.0,0.4983610589287373,6,52.0,0.15434079853877836,1,17.0,0.5526128879241896,0,0.0,1.0,1,70.0,0.4806294501324599,2,27.0,0.5584759556729376,0,8.0,0.9261056361925158,17,246.0
1600.0,16,119.0,0.7391304347826086,8.521840877502086,4,39.0,0.5279280238095935,0,0.0,1.0,2,45.0,0.5935752043839925,2,31.0,0.5245824488140506,0,9.0,0.6121764339208718,0,6.0,0.964973902569052,2,59.0,0.2784580098111657,3,25.0,0.5879595886818171,0,18.0,0.7486076584070072,13,232.0
1605.0,19,126.0,0.7875,9.394430991241155,5,54.0,0.4727394333439499,0,0.0,0.877963125548727,0,17.0,0.8261357203483568,1,2.0,0.7816049380309249,1,12.0,0.7681501174615654,0,6.0,0.9373963804722418,5,82.0,0.3160276390462541,4,16.0,0.36305033684618976,1,16.0,0.6153600127589449,17,205.0
1610.0,23,202.0,1.286624203821656,8.463709219134598,5,79.0,0.3651322544965016,0,0.0,0.9713711203786201,0,4.0,0.8599393854058685,2,9.0,0.5557115657878724,1,17.0,0.7508564347683636,0,0.0,1.0,2,52.0,0.44035697806542357,7,37.0,0.04738216435050991,2,25.0,0.4612325470476689,19,223.0
1615.0,27,227.0,1.4645161290322581,7.544323040514074,6,69.0,0.24819934529364818,0,3.0,0.8063989817781219,1,5.0,0.7837836289870728,0,0.0,0.5788025260795343,1,13.0,0.5566233335155611,0,0.0,1.0,1,90.0,0.5066430584650531,9,76.0,0.13005594203623896,4,40.0,0.480305162645618,22,296.0
1620.0,26,246.0,1.5769230769230769,8.072779480889654,6,89.0,0.21848506887343383,0,3.0,0.9372802212112151,0,8.0,0.9132054632262734,3,13.0,0.5072944206685693,0,4.0,0.8433012289159946,0,1.0,0.9172689670367838,2,122.0,0.3748212931043678,4,53.0,0.3989461049794949,2,30.0,0.43769768528008085,17,323.0
1625.0,28,310.0,1.9745222929936306,8.560806335015767,6,104.0,0.20805453016173303,0,7.0,0.8631940724015981,0,4.0,0.8947735918169151,5,35.0,0.33970597799696195,0,12.0,0.7337259998613938,0,1.0,0.9690266023525358,2,140.0,0.455349254861971,4,77.0,0.5072871049561345,2,25.0,0.47199606803111227,19,405.0
1630.0,28,306.0,1.9615384615384615,8.42414210370363,4,70.0,0.43858976837457764,0,7.0,0.9490113308932273,2,8.0,0.7128237016999015,3,18.0,0.39923109736352413,0,16.0,0.8853051177515036,0,1.0,0.9749936181613393,4,152.0,0.3891165278919964,5,99.0,0.36662432066409795,2,27.0,0.5111779357390794,20,398.0
1635.0,25,258.0,1.6125,8.651255838279159,1,42.0,0.4380504208747846,0,7.0,0.9503587278590496,1,6.0,0.7978183322002848,1,8.0,0.5243564285233769,0,16.0,0.8229067678645072,0,1.0,0.9536929755851442,6,147.0,0.27627391260244305,5,70.0,0.3734642068612427,2,8.0,0.006814876585407611,16,305.0
1640.0,22,211.0,1.3354430379746836,8.796364534462048,3,19.0,0.3076517572124392,0,7.0,0.9101299190145387,1,2.0,0.6256496829591982,2,15.0,0.5573436519054421,1,17.0,0.7681638096139307,0,0.0,1.0,3,56.0,0.41368592868700305,2,26.0,0.4746377446104882,0,2.0,0.7318273838952581,12,144.0
1645.0,18,147.0,0.9423076923076923,8.577040436140484,4,32.0,0.21335470269005546,0,7.0,0.8137510921874815,3,14.0,0.35801083907015546,0,16.0,0.7335965337694601,1,18.0,0.5565197687766984,0,0.0,0.9195283229200579,1,36.0,0.5217966202397233,4,33.0,0.3830581987040451,0,4.0,0.9574397389154534,13,160.0
1650.0,19,117.0,0.73125,8.642338899353081,3,44.0,0.44982834189302867,0,7.0,0.7424495035482017,4,27.0,0.4793905012505237,1,18.0,0.6958164184605156,0,13.0,0.6925949105374452,0,22.0,0.9743788729207032,3,36.0,0.36715561953283504,3,35.0,0.38288909292140844,0,48.0,0.817391038841257,14,250.0
1655.0,20,148.0,0.9367088607594937,8.377933442971042,3,65.0,0.5148168704006536,2,14.0,0.2549415920179612,1,22.0,0.517460850658957,3,69.0,0.47816588409773236,1,14.0,0.6705569585087745,0,18.0,0.9259854903023884,3,46.0,0.3425037216056104,4,42.0,0.4235460228229343,1,57.0,0.7324700425833842,18,347.0
1660.0,26,214.0,1.3717948717948718,8.116943727911769,4,85.0,0.38085641655280544,3,28.0,0.3815714670665976,4,23.0,0.31926952464984243,2,70.0,0.6945989793261386,2,17.0,0.28248387163155414,0,33.0,0.9591868485047542,2,44.0,0.523465332861147,6,68.0,0.3151114547220012,2,61.0,0.41841311823857913,25,429.0
1665.0,27,214.0,1.3986928104575163,7.784004338052523,6,93.0,0.3330378511790332,1,16.0,0.6445683472684225,2,26.0,0.6842647248535534,1,62.0,0.6014619239266487,4,24.0,0.16732617559441318,0,13.0,0.9687570696658456,4,25.0,0.41010614893727704,4,55.0,0.39288020698923337,2,37.0,0.525416071132858,24,351.0
1670.0,21,205.0,1.385135135135135,8.362981576707616,5,115.0,0.20589191626001557,0,0.0,0.6093197553114067,1,15.0,0.7381338515488585,1,17.0,0.4667898004555747,0,26.0,0.4139719413430894,0,4.0,0.9585953238240948,4,48.0,0.11830290729446559,6,53.0,0.2503404245018181,1,16.0,0.6973525161778753,18,294.0
1675.0,26,297.0,1.966887417218543,9.155718446915202,7,125.0,0.20061821078012296,1,4.0,0.0,1,13.0,0.8357481057802881,2,24.0,0.6436134217856171,0,7.0,0.7570772097254966,0,0.0,0.9941030173181352,3,77.0,0.4616240738154947,6,87.0,0.34929461308411847,2,28.0,0.7575975357139831,22,365.0
1680.0,18,253.0,1.6866666666666668,9.138376203939355,7,145.0,0.06947678078361808,0,0.0,1.0,0,4.0,0.9104492268441674,0,9.0,0.7288892757860106,0,4.0,0.8717022766504621,0,0.0,1.0,0,65.0,0.6575932020824534,5,63.0,0.420226094601394,0,16.0,0.668567124515672,12,306.0
1685.0,21,257.0,1.7364864864864864,9.155974113137095,4,151.0,0.2276601254406071,0,0.0,1.0,0,8.0,0.9532986844980695,3,17.0,0.5787399259354713,1,10.0,0.6825513318072838,0,1.0,0.9668327613545271,1,42.0,0.40777453664325775,3,45.0,0.6121061681091946,3,23.0,0.2258418996107343,15,297.0
1690.0,26,361.0,2.390728476821192,8.538163673496957,5,140.0,0.14637568705571946,0,0.0,1.0,0,4.0,0.8644182919805702,7,49.0,0.3432587741545891,2,14.0,0.6172473635432243,0,1.0,0.959217020796802,1,8.0,0.5103737301143777,3,56.0,0.5596168258654398,3,38.0,0.24739445376512958,21,310.0
1695.0,25,304.0,2.0,8.074672186508469,4,89.0,0.18199432456080886,0,0.0,1.0,0,0.0,0.8215743392798468,6,38.0,0.3365571953894985,4,28.0,0.5287565556165371,0,0.0,1.0,2,24.0,0.37399352438002975,1,16.0,0.44987701860020335,2,16.0,0.5645790341327688,19,211.0
1700.0,19,159.0,1.0392156862745099,8.554298178134966,4,51.0,0.3767930912109693,0,0.0,1.0,1,7.0,0.7284422213023362,1,16.0,0.5735923567327963,1,22.0,0.6145346176016303,0,0.0,1.0,4,102.0,0.32482619118122197,3,12.0,0.0815245074009105,0,10.0,0.8792919699905848,14,220.0
1705.0,20,210.0,1.4583333333333333,8.803454334044131,4,71.0,0.463328248689586,0,4.0,0.9593420091750895,2,14.0,0.6543940522340758,2,29.0,0.5451309082820925,2,18.0,0.4567726063574149,0,0.0,1.0,1,107.0,0.5485764267889531,6,42.0,0.23683596284826847,0,10.0,0.8875581005785289,17,295.0
1710.0,21,176.0,1.2137931034482758,8.178780504561072,3,31.0,0.4983928480637445,0,4.0,0.9431202656344826,0,4.0,0.7853089944510836,3,24.0,0.6028407867130389,4,33.0,0.38841076111676365,0,0.0,1.0,1,103.0,0.5130427802284746,3,32.0,0.4762590938134865,0,10.0,0.7817193416239775,14,241.0
1715.0,17,156.0,1.0758620689655172,8.782103515191347,2,20.0,0.39415809629479986,0,6.0,0.8950493851706316,1,9.0,0.8118996080156667,2,16.0,0.5066718962271493,2,23.0,0.3644638086493788,0,0.0,1.0,3,139.0,0.4804264332817494,1,19.0,0.5580322685603935,1,5.0,0.4920694149652371,12,237.0
1720.0,23,213.0,1.4391891891891893,8.424808918989529,4,37.0,0.45210793245642916,0,6.0,0.9286343977610529,1,14.0,0.7398271077141861,6,41.0,0.10708233906843452,3,28.0,0.5559952054106749,0,0.0,1.0,1,68.0,0.4581542418332781,1,5.0,0.16902385395761663,2,18.0,0.7272351061704402,18,217.0
1725.0,22,219.0,1.5,8.416179309671852,6,77.0,0.402968560146661,0,6.0,0.9121119249992866,1,5.0,0.6519165915801083,3,27.0,0.23694517343361363,5,50.0,0.4151694519160539,0,0.0,1.0,1,42.0,0.4769458805243882,1,3.0,0.38208795159247005,0,6.0,0.7899619535169607,17,216.0
1730.0,18,122.0,0.8243243243243243,9.378098492364403,4,86.0,0.3388436506687364,1,3.0,0.6502404254683829,1,10.0,0.7184368355432923,0,11.0,0.800875966979532,4,56.0,0.42306762268094456,0,0.0,0.9835546027358769,5,32.0,0.3737814085355213,0,0.0,0.8300445658608505,1,11.0,0.6442204216051046,16,209.0
1735.0,20,128.0,0.8707482993197279,8.507843074503159,7,99.0,0.17791536421178275,1,8.0,0.4936279781456416,1,15.0,0.3386847320278919,0,4.0,0.8849262394050866,1,55.0,0.5120473585642354,0,0.0,0.9364668896837964,3,29.0,0.331831052310174,0,0.0,0.9479462571715447,2,12.0,0.4401323416807789,15,222.0
1740.0,27,164.0,1.1006711409395973,8.550836900765868,7,104.0,0.20340397666101925,1,13.0,0.4964790706558142,2,13.0,0.3938139805702634,0,4.0,0.9129780790491515,3,42.0,0.6256729247161691,0,0.0,0.8135313415404593,4,32.0,0.39104656333141596,0,0.0,0.9536958445887059,1,10.0,0.8177005513286437,18,218.0
1745.0,17,136.0,0.912751677852349,8.79616873589521,3,94.0,0.34537237675219906,0,0.0,1.0,2,15.0,0.5908379131928129,0,15.0,0.857780920835623,3,27.0,0.5240272983669317,0,0.0,1.0,4,37.0,0.31004933083714387,0,8.0,0.8200025489679217,1,19.0,0.6342306577154002,13,215.0
1750.0,22,161.0,1.0733333333333333,8.465511338034405,4,98.0,0.31530942248350613,0,0.0,1.0,2,20.0,0.4292761926579102,0,16.0,0.880005283663212,2,29.0,0.418651231231407,0,0.0,1.0,4,68.0,0.40585635558974603,2,11.0,0.6347197106106092,4,42.0,0.4671029054796913,18,284.0
1755.0,19,105.0,0.7142857142857143,8.582604369211388,4,47.0,0.3918679600494949,0,0.0,0.9272404728623395,1,5.0,0.7077917337687337,1,15.0,0.7561321181704058,4,37.0,0.3705145800437027,0,0.0,1.0,3,52.0,0.37992668988419864,3,24.0,0.552740246984751,2,26.0,0.6845853871173472,18,206.0
1760.0,18,89.0,0.6095890410958904,8.481743813490054,2,18.0,0.45529290286927393,0,4.0,0.9323866245615042,1,11.0,0.7037345867299899,1,12.0,0.7688828218951356,1,13.0,0.6379524004404127,0,0.0,1.0,5,82.0,0.20913142081122332,4,30.0,0.3366696493292344,1,12.0,0.802124577986145,15,182.0
1765.0,19,135.0,0.9121621621621622,8.533877792814048,3,28.0,0.4268270290939445,0,8.0,0.9112458519997253,1,13.0,0.7622782020932777,1,25.0,0.7833865202980118,0,0.0,0.6631438251483878,0,2.0,0.9433778746867953,4,69.0,0.2464056160313119,2,24.0,0.5015098333092173,1,17.0,0.6161670954082976,12,186.0
1770.0,13,116.0,0.7837837837837838,8.192796819692564,3,32.0,0.49950917753620244,0,8.0,0.9085909047642607,2,20.0,0.7333187898205626,0,8.0,0.5831230166435578,0,5.0,0.6747294032308898,0,0.0,1.0,0,29.0,0.38610465506186925,2,30.0,0.4498084122385149,2,10.0,0.12421813908131507,9,142.0
1775.0,13,95.0,0.625,9.179497957281978,1,26.0,0.3714736397084027,0,8.0,0.9526973209404151,0,12.0,0.8383975196385043,3,20.0,0.5482732642142303,0,9.0,0.8826707698980816,0,0.0,1.0,1,28.0,0.4722102467580635,4,50.0,0.48492696799265544,1,4.0,1.8505376103950945e-05,10,157.0
1780.0,19,131.0,0.8618421052631579,8.859834993830624,5,28.0,0.2627731497589992,0,8.0,0.8988257155259638,1,17.0,0.7397721082597449,6,47.0,0.40243604542985073,1,10.0,0.6833113890983011,0,4.0,0.9633784155752708,2,13.0,0.32959505583165455,2,55.0,0.5183051404407554,1,13.0,0.6189024714053776,18,195.0
1785.0,22,173.0,1.138157894736842,8.740733317985526,5,35.0,0.24438211893699816,0,4.0,0.8968079322096568,3,28.0,0.6154854199454699,3,26.0,0.49013946812777714,2,19.0,0.7171928895353401,0,1.0,0.9980384329971272,3,24.0,0.23477122817189858,4,72.0,0.5841811440664098,0,4.0,0.9353711787846877,20,213.0
1790.0,13,165.0,1.0927152317880795,8.704531157862611,3,57.0,0.33995745635952823,0,4.0,0.8293932963041186,1,21.0,0.7836191059131232,0,0.0,0.913341310545861,0,8.0,0.7073595372924036,0,3.0,0.8833877386597595,3,44.0,0.42113285822464297,4,96.0,0.3821683679912032,0,4.0,0.7036960440257942,11,237.0
1795.0,20,115.0,0.7615894039735099,8.371439559896677,3,48.0,0.43324984622793333,0,0.0,0.4997186713537462,2,14.0,0.6555120675089179,0,8.0,0.793796651098049,4,20.0,0.5177155284768953,0,18.0,0.9378298694781213,2,26.0,0.28139763332862944,6,40.0,0.1618533621799814,1,8.0,0.6118909544813586,18,182.0
1800.0,23,193.0,1.2866666666666666,8.468431286469434,4,65.0,0.28955229547199884,0,0.0,1.0,3,22.0,0.6168563487420411,0,10.0,0.8306784254341577,4,40.0,0.39684149422905235,0,16.0,0.8884124605883068,2,20.0,0.399012887431184,8,77.0,0.2075427174195073,0,0.0,0.04087579266774765,21,250.0
1805.0,24,233.0,1.5328947368421053,8.502419768198312,3,59.0,0.4082801777996923,0,4.0,0.9739092259344725,1,14.0,0.8073837093320284,1,11.0,0.7452525007352159,4,41.0,0.5128464539446215,0,4.0,0.9478678474350009,3,32.0,0.310219600957265,9,121.0,0.25998187432279085,0,4.0,0.9779627333282055,21,290.0
1810.0,20,175.0,1.1217948717948718,8.842209338125047,2,43.0,0.4305743829623024,0,4.0,0.9710363565974004,0,7.0,0.8675547524572695,1,12.0,0.6616328821147784,2,38.0,0.4272093287789833,0,0.0,0.9807826869132786,2,29.0,0.5374924277824881,7,115.0,0.39537243773641284,0,4.0,0.9251264707028861,14,252.0
1815.0,15,127.0,0.8300653594771242,8.525226343755637,2,47.0,0.5299768144299154,0,4.0,0.9412959844884848,1,9.0,0.7469180769861281,1,19.0,0.724549295539612,3,28.0,0.4753442602860588,0,0.0,1.0,0,25.0,0.642139168873061,3,88.0,0.4738775444991606,0,0.0,0.9093098543180511,10,220.0
1820.0,19,155.0,1.019736842105263,8.442990158299962,2,43.0,0.044832726077910875,0,4.0,0.923435296123695,0,6.0,0.9284917623463339,2,21.0,0.7012280958730039,1,19.0,0.6533485726980386,0,23.0,0.9465684308245144,3,23.0,0.4136442753613501,5,59.0,0.2922635391727629,0,0.0,0.4628507763913013,13,198.0
1825.0,18,166.0,1.0849673202614378,8.696463746321628,3,58.0,0.27079394776118854,0,5.0,0.928602555794743,0,2.0,0.8606893660331477,2,31.0,0.5448740755675622,1,17.0,0.823558349426378,0,26.0,0.9450392329026236,2,14.0,0.6448427439813195,3,41.0,0.25987609960766195,1,4.0,0.4950705792503434,12,198.0
1830.0,16,162.0,1.0188679245283019,9.287883147589403,3,73.0,0.2593824508691059,0,1.0,0.9383079266958032,1,6.0,0.8432674843416477,3,9.0,0.48553739167561677,1,22.0,0.7232126621855781,0,9.0,0.754323846078443,0,67.0,0.6844900830704631,4,30.0,0.33347894175564513,1,21.0,0.7940209959156989,13,238.0
1835.0,13,183.0,1.1656050955414012,8.920608712501298,3,88.0,0.43383897398375915,0,1.0,0.9221013031733896,0,6.0,0.6803127569376491,2,10.0,0.5522861210782285,0,12.0,0.5920802508383474,0,0.0,0.793467852078872,1,79.0,0.40075474604133626,3,41.0,0.3372539889079628,0,12.0,0.8202063160192261,9,249.0
1840.0,16,140.0,0.9032258064516129,8.765196797132818,2,46.0,0.3337376993332705,0,1.0,0.9434813143854826,1,5.0,0.829756848046162,3,27.0,0.3896769427557373,0,8.0,0.6004992640059884,0,45.0,0.9445462885642145,3,81.0,0.4038378015857955,0,4.0,0.8723686254204437,1,11.0,0.8352923087941314,10,228.0
1845.0,21,88.0,0.567741935483871,8.6605013409945,2,32.0,0.5683517395511072,0,1.0,0.9392782696622878,2,11.0,0.6426125349116342,2,8.0,0.5616109704596477,1,21.0,0.5576005566245161,0,46.0,0.9770234361273943,3,81.0,0.46296044184051843,0,4.0,0.8684490941280186,1,8.0,0.6346420282280247,11,212.0
1850.0,19,88.0,0.5714285714285714,8.532646956874526,2,21.0,0.5010027655425248,0,1.0,0.7372015146701449,0,0.0,0.950703170577388,0,4.0,0.9369450406760125,0,14.0,0.8142945519489239,0,3.0,0.9128671447474851,4,60.0,0.44896717976549927,0,4.0,0.9036576223852536,3,8.0,0.36814794925025396,9,115.0
1855.0,18,117.0,0.7358490566037735,9.051501919035115,1,13.0,0.498882296869672,0,3.0,0.48267107243210494,0,0.0,0.8697568515079643,0,4.0,0.9017979385500902,0,14.0,0.9226624533989581,0,6.0,0.9369061062896231,2,73.0,0.49448814626848986,0,0.0,0.47173537841099916,2,26.0,0.5457048435252946,5,139.0
1860.0,20,105.0,0.65625,8.723192111608068,1,9.0,0.7303636327359397,1,7.0,0.45710388776237826,1,3.0,0.7733837392232891,1,10.0,0.7592108540425806,0,14.0,0.7199649356975006,0,15.0,0.9341145863678322,1,77.0,0.6126401348465117,1,7.0,0.4662278489215641,2,24.0,0.5792227532454832,8,166.0
1865.0,27,210.0,1.3291139240506329,8.287563532133344,1,14.0,0.6881639946298299,0,3.0,0.9566049992533274,1,5.0,0.730809997191533,2,16.0,0.6554358018437109,0,6.0,0.4496585621333665,0,23.0,0.9789351035518622,3,90.0,0.4590748787985085,1,8.0,0.6588368639183357,2,33.0,0.6739182116523104,10,198.0
1870.0,19,182.0,1.1592356687898089,8.035785793319713,1,15.0,0.39451580808857417,0,3.0,0.9181441366744125,1,6.0,0.6463996944252398,0,6.0,0.6416985247173108,1,7.0,0.5302012835085772,0,13.0,0.9034186826299774,3,109.0,0.38797957882760414,0,0.0,0.9308741939177654,1,12.0,0.6861024509591567,7,171.0
1875.0,20,139.0,0.8853503184713376,7.9708689201802505,2,8.0,0.14796824156543678,0,3.0,0.966037755645377,2,15.0,0.5663599651374214,2,9.0,0.5500931093351422,1,14.0,0.6276689923413523,0,13.0,0.9719613015592672,3,118.0,0.32466922070188464,1,7.0,0.6318526157394347,2,18.0,0.5715290299753283,13,205.0
1880.0,33,246.0,1.5471698113207548,7.413634696507261,4,27.0,0.202392673677787,0,3.0,0.8389695451743492,0,4.0,0.8464621446566513,3,24.0,0.5162380669216217,0,4.0,0.7621903107609934,0,0.0,0.931166813886488,5,122.0,0.29077322154455254,4,20.0,0.457995887942804,3,47.0,0.3845323858879958,19,251.0
1885.0,30,298.0,1.8395061728395061,7.9570937089250835,4,60.0,0.3158046241768837,1,2.0,0.6442169066842448,0,4.0,0.9303221852106114,1,10.0,0.7290502744397066,1,9.0,0.7165741021304992,0,13.0,0.9739697852789524,3,45.0,0.5306752078152321,2,16.0,0.7135076622539587,3,44.0,0.4396236321433309,15,203.0
1890.0,13,195.0,1.21875,9.008481177689386,3,60.0,0.13230807256623855,1,11.0,0.5157463384145319,0,4.0,0.9659700587653596,1,2.0,0.6318468662428354,1,26.0,0.6884271495623085,0,13.0,0.9205418564245067,1,54.0,0.47355591447338125,0,4.0,0.7819277034953515,0,29.0,0.6131107433665565,7,203.0
1895.0,19,163.0,1.044871794871795,8.947736885946178,2,55.0,0.5237378540563074,1,6.0,0.6191666103685344,0,12.0,0.7820134730416584,3,19.0,0.6780033589028065,0,16.0,0.8293644186961862,0,10.0,0.9445698394760831,4,72.0,0.3302165581581986,1,7.0,0.7034312613333462,1,17.0,0.6628833401637648,12,214.0
1900.0,22,110.0,0.7284768211920529,8.683639322819873,3,34.0,0.3910123739685347,0,4.0,0.965855563895748,1,15.0,0.5704510172975844,2,26.0,0.5185031058228262,0,16.0,0.8382754982837389,0,0.0,0.9994429889073184,6,102.0,0.29522418031234693,2,3.0,0.5762874398447518,2,15.0,0.5945703297132511,16,215.0
1905.0,20,97.0,0.6339869281045751,9.180291659014458,2,33.0,0.5999895824164111,0,4.0,0.9451724998640265,2,24.0,0.5658989931793947,3,58.0,0.5059998460761089,3,23.0,0.631484072924689,0,0.0,0.930682607452761,5,78.0,0.2490120377174964,2,10.0,0.6284541144233019,2,10.0,0.3278391521543797,19,240.0
1910.0,24,174.0,1.1225806451612903,8.725992646247317,1,32.0,0.5659203427631222,0,8.0,0.9384282197293503,1,21.0,0.662537097200748,4,69.0,0.5459758051926829,2,17.0,0.5609888615902102,0,0.0,0.8881666935632312,5,80.0,0.16302794206840984,4,22.0,0.4734260248504585,5,42.0,0.29799686535216857,22,291.0
1915.0,24,179.0,1.1401273885350318,8.389873801596316,3,42.0,0.320743145153863,0,4.0,0.9697842448607357,1,10.0,0.481819452851884,2,56.0,0.4839411172022393,3,17.0,0.5367868099448588,0,0.0,0.9394321010254181,2,78.0,0.347693807296042,1,20.0,0.6244155612528296,5,67.0,0.34673506010135796,17,294.0
1920.0,24,201.0,1.25625,8.487684074352414,4,61.0,0.3884253537097115,0,4.0,0.9413615603290157,2,19.0,0.5584258170794338,0,30.0,0.729863209508669,5,46.0,0.3908733498716433,0,0.0,0.9325999329347628,1,52.0,0.5727343600533756,2,30.0,0.6104234779547203,4,59.0,0.3793471056571057,18,301.0
1925.0,12,107.0,0.6772151898734177,8.735738917546337,3,47.0,0.42698647734537354,0,4.0,0.8038691985649284,0,0.0,0.9057432082585257,1,19.0,0.4976248819406347,4,35.0,0.49740646663916455,0,41.0,0.9389149148660323,2,91.0,0.3031732678887149,2,40.0,0.536994827465531,0,12.0,0.6973305476958421,12,289.0
1930.0,18,118.0,0.7283950617283951,9.278493334965003,2,40.0,0.5180898567727212,1,9.0,0.6102024071688857,0,0.0,0.936974477375911,2,18.0,0.5388483137803871,1,26.0,0.6019295662194171,0,0.0,0.9907147386579139,5,85.0,0.26570273882414525,2,46.0,0.5666853352440652,1,5.0,0.7084856490472623,14,229.0
1935.0,20,139.0,0.8633540372670807,9.092678860548912,3,39.0,0.3812611644481117,1,14.0,0.5857093733399331,0,0.0,0.7972553161801302,2,18.0,0.6293312511112641,4,23.0,0.5078260737321414,0,41.0,0.9975819357694954,3,94.0,0.32762869592671817,2,23.0,0.683023452522996,1,14.0,0.5316481532080465,16,266.0
1940.0,18,141.0,0.8924050632911392,8.783407039719208,5,61.0,0.2514838337583279,1,11.0,0.4516710903656731,0,4.0,0.9694776296364687,2,27.0,0.69089667869125,2,17.0,0.5623250371488079,0,0.0,1.0,4,105.0,0.41298452129461666,0,8.0,0.7389118501597813,1,17.0,0.7568357195680127,15,250.0
1945.0,29,188.0,1.1604938271604939,8.039099162644364,4,42.0,0.037073879007368894,0,4.0,0.9450054506359309,0,8.0,0.8852932427003531,4,36.0,0.3255776949028081,3,21.0,0.3390322591784552,0,0.0,0.9391246299985294,3,50.0,0.47911720027348903,1,18.0,0.6365344158073675,2,30.0,0.7672907119485074,17,209.0
1950.0,29,174.0,1.0740740740740742,7.858853928273261,4,37.0,0.3748683627137526,0,4.0,0.9462192034954475,1,6.0,0.8392349877590063,5,31.0,0.4265816489455552,6,38.0,0.13716073363168077,0,5.0,0.9815844236768321,1,30.0,0.5213690709134259,3,18.0,0.6167094007368086,3,42.0,0.5757496289598041,23,211.0
1955.0,22,206.0,1.3037974683544304,8.203608925843737,5,62.0,0.4316105108421325,0,0.0,0.9948734859461918,1,15.0,0.8725235561816376,1,22.0,0.6207169305836735,4,35.0,0.14458267774275177,0,0.0,1.0,3,56.0,0.34559282277518344,1,14.0,0.563998981628113,2,47.0,0.49076900320072725,17,251.0
1960.0,21,151.0,0.9556962025316456,8.513829885929255,3,32.0,0.548720955447937,0,0.0,0.9259711810683371,0,8.0,0.8243149874228274,1,14.0,0.6432374173806861,1,24.0,0.6606559756291549,0,17.0,0.9409524088509443,2,60.0,0.3354386526467177,1,12.0,0.5017560347264296,3,30.0,0.607324894252638,11,197.0
1965.0,25,183.0,1.150943396226415,8.621325787465981,2,25.0,0.41747055737246186,0,0.0,0.857095559795844,3,16.0,0.5864833489426087,1,25.0,0.7012103962828852,1,18.0,0.7724253669686462,0,17.0,0.963691444344436,3,64.0,0.26950399788446,3,12.0,0.5404087097352445,3,32.0,0.4361559235751294,16,209.0
1970.0,28,223.0,1.4113924050632911,8.546680871025124,4,33.0,0.3460738097830974,0,0.0,0.968367639048581,6,43.0,0.4173741218593369,1,29.0,0.7131671574332002,0,12.0,0.7199661121688009,0,0.0,1.0,4,72.0,0.19466382050481174,4,31.0,0.5088978825159831,5,39.0,0.3450167176727617,24,259.0
1975.0,23,249.0,1.537037037037037,8.504346849109186,4,43.0,0.2503162454176638,0,0.0,0.9712816850528675,3,25.0,0.6112925909234701,2,41.0,0.6313559346160871,2,15.0,0.5139647090786162,0,0.0,0.9852178048150241,3,81.0,0.43611012099831864,4,51.0,0.419228828896812,1,55.0,0.46717421412098414,19,311.0
1980.0,18,56.0,0.345679012345679,9.034722867083184,2,49.0,0.3738396428003134,0,0.0,0.8943434474801992,0,0.0,0.8113992046272761,4,34.0,0.4173302846188516,4,30.0,0.4334493355256585,0,5.0,0.9245531239250315,3,123.0,0.5168581260920381,0,8.0,0.7173292981600518,2,50.0,0.43713326453028395,15,299.0
1985.0,23,99.0,0.61875,8.725232088277053,2,38.0,0.3570669789800836,0,0.0,0.8867563166613711,1,1.0,0.5596063391330204,2,38.0,0.3555442078803227,3,35.0,0.410869769442324,0,5.0,0.9500367495073332,2,115.0,0.5706339870913532,3,17.0,0.44309302168083037,5,61.0,0.001138481719104192,18,310.0
1990.0,23,163.0,1.0382165605095541,8.751554601055574,3,39.0,0.30126042904486305,0,0.0,0.8992968512294568,0,0.0,0.9451363998515363,2,32.0,0.5178339990363627,1,27.0,0.600997871048915,0,0.0,0.7364374654788199,4,113.0,0.5119547737353811,4,34.0,0.40490904106554576,2,51.0,0.23941830621830495,16,296.0
1995.0,18,150.0,0.9554140127388535,8.94411655403557,3,35.0,0.4367750295480622,0,0.0,0.9271780603787128,0,4.0,0.8264116703983359,3,40.0,0.5640915450417098,1,27.0,0.7943158640036578,0,0.0,0.8357053890958327,5,90.0,0.24197855807385033,3,24.0,0.3862251811495044,0,22.0,0.850079363033046,15,242.0
2000.0,15,123.0,0.7834394904458599,9.37779050204612,1,28.0,0.5585412572904649,0,4.0,0.7993718995518634,1,11.0,0.7681331747597784,1,19.0,0.6790097309082058,0,11.0,0.7999591087975713,0,0.0,1.0,6,76.0,0.298828813979755,2,22.0,0.461820710190444,0,0.0,0.9494950678283899,11,171.0
2005.0,19,180.0,1.1320754716981132,9.091676033676608,1,33.0,0.5929804741870672,1,8.0,0.6925740282864945,1,12.0,0.8148634618775126,2,8.0,0.7072273433615653,1,21.0,0.38236020908699475,0,0.0,1.0,5,129.0,0.39714978152564245,2,24.0,0.5943128313508872,0,4.0,0.7527694736977404,13,239.0
2010.0,27,221.0,1.38125,8.508885481566377,1,6.0,0.5761043934086186,1,13.0,0.6046931010275912,1,13.0,0.8459673618341363,4,26.0,0.3529665561219764,4,37.0,0.48407598326098533,0,0.0,1.0,5,102.0,0.30132956769627456,2,17.0,0.6198772451239408,1,8.0,0.6186978774960484,19,222.0
2015.0,20,200.0,1.2658227848101267,8.20990839188346,2,15.0,0.4795574543053806,0,4.0,0.9386816373779991,1,5.0,0.7462309062122958,3,24.0,0.6106601223787438,2,35.0,0.6083478234863638,0,0.0,1.0,1,85.0,0.49187274064446374,3,19.0,0.5348862694076933,0,8.0,0.9345109726245097,12,195.0
2020.0,20,207.0,1.335483870967742,8.108039138547817,3,27.0,0.32416079243169876,0,0.0,0.9456695223828933,0,0.0,0.8480002637540218,1,9.0,0.4622408931964565,1,5.0,0.6231009430544616,0,0.0,1.0,3,77.0,0.41778586590512656,5,44.0,0.3789283503435323,0,22.0,0.8342515763799174,13,184.0
2025.0,28,294.0,1.8846153846153846,8.180079126171703,3,39.0,0.43173154876152314,0,0.0,0.34070445660722637,1,9.0,0.7882284360790996,2,23.0,0.6001808442735548,3,14.0,0.6086937615521656,0,0.0,1.0,3,38.0,0.28871441327549313,4,49.0,0.37818676427015474,1,26.0,0.6380195234125249,17,198.0
2030.0,26,294.0,1.8846153846153846,8.212495153257226,3,52.0,0.48553792212985936,0,0.0,0.22089903087650134,1,10.0,0.7533516364102054,2,22.0,0.6010816909374583,2,7.0,0.44799183431395284,0,0.0,1.0,3,41.0,0.41554260153195444,5,51.0,0.25542103544500583,1,23.0,0.6811040733077333,17,206.0
2035.0,20,306.0,1.9490445859872612,8.748595181857647,3,63.0,0.5215562334853657,0,0.0,0.685267799376635,0,0.0,0.8186522234760586,2,32.0,0.339627755256504,1,12.0,0.481953099560096,0,0.0,1.0,3,52.0,0.4723927922549041,4,67.0,0.08754849047534075,0,28.0,0.9246717139970649,13,254.0
2040.0,31,332.0,2.1012658227848102,8.458002121583633,4,48.0,0.25340272959393745,0,0.0,0.8958922195279295,2,4.0,0.3290912185729446,6,57.0,0.11888004183879096,2,21.0,0.6252520629199791,0,0.0,0.9926348073689116,2,43.0,0.5777590635650731,2,25.0,0.39773682390321813,0,40.0,0.6943841173094938,18,238.0
2045.0,27,342.0,2.150943396226415,8.282775423340173,2,38.0,0.3905523624742522,0,0.0,0.9119126748817976,4,21.0,0.20477140111960354,4,50.0,0.2648256638762795,2,23.0,0.5161177420510371,0,0.0,0.8468265467100475,2,46.0,0.529333616776885,2,34.0,0.577335167679107,0,36.0,0.6615946420535642,16,248.0
2050.0,27,390.0,2.4683544303797467,8.142883234965193,2,24.0,0.36282896866438186,0,0.0,0.9576339093466881,2,17.0,0.6219616080343416,0,33.0,0.6589102487338788,1,19.0,0.32154509763157024,0,0.0,0.9347837347325105,4,38.0,0.4079423440234077,2,45.0,0.665346170671402,2,66.0,0.5799532606239046,13,242.0
2055.0,33,409.0,2.638709677419355,7.54572661064819,5,47.0,0.26683317579261434,0,0.0,0.5855388017663536,2,12.0,0.44233782123601173,0,24.0,0.8143113542068373,1,15.0,0.4951591050703476,0,0.0,1.0,5,43.0,0.35997528335125767,2,29.0,0.4878208371880217,3,75.0,0.5726151719908346,18,245.0
2060.0,31,352.0,2.2138364779874213,7.725788818622326,5,83.0,0.33371336333008517,2,6.0,0.23691139130352304,3,24.0,0.4671491446333156,1,11.0,0.760224879008922,1,20.0,0.49157915962471815,0,0.0,1.0,3,40.0,0.44383644588896637,1,8.0,0.538956040792957,1,26.0,0.769518884290632,17,218.0
2065.0,31,349.0,2.1411042944785277,7.918342631670435,6,103.0,0.3576986695284364,2,15.0,0.4461666508246949,2,13.0,0.6273267345905028,1,16.0,0.8650308763402712,3,24.0,0.3236170396853464,0,5.0,0.9767841725927262,3,43.0,0.5103800409928984,3,19.0,0.44162685885854924,3,52.0,0.59652944460903,23,290.0
2070.0,31,318.0,1.950920245398773,7.927948696649823,6,87.0,0.2974400643147747,0,10.0,0.5708492359368471,0,5.0,0.8422691056435817,1,12.0,0.7292753997044098,0,4.0,0.9814341912197861,0,5.0,0.9886229074088375,4,38.0,0.2733502938227818,1,12.0,0.7498986205268141,6,74.0,0.42001568956212837,18,247.0
2075.0,21,143.0,0.8719512195121951,8.175187158874845,2,77.0,0.41316358128996633,1,8.0,0.685582520467997,0,0.0,0.8670643761929512,1,25.0,0.7534604239730357,0,4.0,0.6169385054443188,0,7.0,0.9322893613254328,4,39.0,0.30589209433010295,1,1.0,0.4725003358227882,3,23.0,0.39153787795601985,12,184.0
2080.0,22,181.0,1.103658536585366,8.623229476574128,3,60.0,0.2702307994835527,0,4.0,0.8653765420511693,0,4.0,0.9321445144064603,2,29.0,0.5725694005993295,1,13.0,0.4972621356262274,0,7.0,0.995473131380511,5,198.0,0.21636101997457285,2,17.0,0.5962769343709905,1,5.0,0.6309014663147826,14,337.0
2085.0,26,254.0,1.5582822085889572,9.20946120947074,4,56.0,0.35624128063608124,1,5.0,0.719004822965676,1,1.0,0.8423079069323711,2,39.0,0.46381813344567613,2,18.0,0.6349815708527726,0,8.0,0.8251786403357146,4,198.0,0.4578506708554774,1,12.0,0.6511085303554689,2,14.0,0.6611330130425078,17,351.0
2090.0,19,210.0,1.2650602409638554,9.126578318065338,3,56.0,0.4425241071535879,1,10.0,0.6941027627639376,1,6.0,0.8079518315110176,4,52.0,0.18222438682040426,0,4.0,0.7577152261330136,0,8.0,0.9364702360040889,0,64.0,0.5820139760527236,2,25.0,0.5905428044998351,0,55.0,0.6932900877659592,11,280.0
2095.0,16,161.0,0.9698795180722891,8.86592561589766,2,53.0,0.6079853856006461,0,8.0,0.8853375927333275,0,0.0,0.8061646573921283,3,39.0,0.28722310502485104,0,4.0,0.4472632435650348,0,0.0,0.950831799964436,1,16.0,0.5423102710051028,3,36.0,0.24765334303113726,1,103.0,0.6124254464059846,10,259.0
2100.0,21,205.0,1.2576687116564418,9.373201192983537,2,46.0,0.6769823502318708,0,8.0,0.7728873148475788,1,5.0,0.7843023149496774,1,30.0,0.6633464736048891,1,9.0,0.6432105121396119,0,0.0,1.0,3,22.0,0.49463278243231074,3,34.0,0.027127059476684014,3,113.0,0.5735794276404111,14,267.0
2105.0,23,257.0,1.5962732919254659,8.358227318870751,1,41.0,0.4767817030074672,1,12.0,0.7160198278324807,2,13.0,0.601587999395466,1,13.0,0.7696453073014158,1,18.0,0.6428185732144511,0,10.0,0.923672352602914,3,14.0,0.4185012619347625,1,28.0,0.2995069910434426,1,114.0,0.5565991791366411,11,263.0
2110.0,21,180.0,1.139240506329114,7.456505965738129,3,48.0,0.35858446708632236,0,4.0,0.6048570534275656,2,7.0,0.4929533839116529,1,5.0,0.3527075393673068,0,12.0,0.6815174119874913,0,11.0,0.8429899606108577,1,60.0,0.43594813263234206,1,41.0,0.6659084334976904,3,129.0,0.5113805403819148,11,317.0
2115.0,24,188.0,1.2129032258064516,8.226233615696456,4,115.0,0.4545945395294401,1,7.0,0.6897023169637805,0,8.0,0.7470372980672391,1,13.0,0.39253527347723055,2,16.0,0.6461244295958778,0,10.0,0.9439348204973069,2,36.0,0.5211689951388376,1,46.0,0.7060566777498611,7,156.0,0.43329142153014044,18,407.0
2120.0,18,182.0,1.1895424836601307,8.65676939193902,3,144.0,0.5408180603303199,1,12.0,0.5437973580844008,0,4.0,0.9275227629133781,2,19.0,0.46449530286911406,2,26.0,0.46485579711426084,0,9.0,0.9307170731252752,1,26.0,0.6490098265236466,0,0.0,0.6828110183492481,5,167.0,0.5414486805564921,14,407.0
2125.0,15,129.0,0.8486842105263158,8.191258085871524,2,129.0,0.5093423581425753,2,9.0,0.004911975887405952,0,0.0,0.855189139117234,0,4.0,0.7305525233491744,2,21.0,0.19809358458259568,0,0.0,1.0,0,17.0,0.5671697603200366,3,11.0,0.3705280468178836,3,114.0,0.37429484671851115,12,305.0
2130.0,26,216.0,1.4025974025974026,8.377850110711352,4,124.0,0.36812500732760167,2,20.0,0.3073397389265818,0,0.0,0.9387391823789363,1,7.0,0.5540458889672658,0,12.0,0.21757484401482913,0,1.0,0.9280410516860744,1,26.0,0.6154082335596219,4,28.0,0.45357107116068396,6,54.0,0.31291838773257186,18,272.0
2135.0,29,216.0,1.3935483870967742,8.800349260464634,5,45.0,0.42322219019699686,2,30.0,0.317304036076491,0,0.0,0.9335814498633102,4,17.0,0.48422798717818416,0,4.0,0.9918800277918827,0,0.0,0.9262498119642968,2,29.0,0.6817373472740581,1,13.0,0.7649634506892021,5,29.0,0.4206174670403945,19,167.0
2140.0,16,163.0,1.0382165605095541,8.685254088523847,4,61.0,0.3979382477599282,0,8.0,0.5319909121837998,0,0.0,0.8878562954709096,1,9.0,0.8024444158317051,0,12.0,0.6727115670706579,0,36.0,0.949367122535341,2,46.0,0.3733595522371849,0,12.0,0.6432268939897144,3,29.0,0.27875211520791066,10,213.0
2145.0,23,227.0,1.4367088607594938,8.658249691109019,7,86.0,0.19204495982425615,0,4.0,0.9086280572764432,0,0.0,0.8248956952587444,0,4.0,0.7475467936782351,0,12.0,0.7484677902701113,0,5.0,0.9308541903378772,2,47.0,0.4238545109643969,1,13.0,0.7107613257803819,7,55.0,0.116823356945082,17,226.0
2150.0,25,279.0,1.74375,8.981956570237562,7,86.0,0.27052552197096136,0,4.0,0.8711266832789883,1,4.0,0.7569057102350185,1,7.0,0.6463736734147902,0,12.0,0.9166540277100943,0,5.0,0.8475228826911757,1,57.0,0.5699074060570598,4,19.0,0.5578507594023316,4,44.0,0.40458920756972017,18,238.0
2155.0,24,276.0,1.7468354430379747,8.63385832767033,4,89.0,0.20453434494555303,0,8.0,0.9376734838530659,1,17.0,0.8236957333780673,1,6.0,0.7560583201296386,0,16.0,0.702831713127933,0,1.0,0.9592043211782146,3,63.0,0.46990012698797096,3,31.0,0.4609780333192867,0,34.0,0.669741211333941,12,265.0
2160.0,30,390.0,2.4683544303797467,8.678736951932407,5,68.0,0.32736194954232983,0,4.0,0.8908201490773466,0,4.0,0.6398798863822516,1,12.0,0.6440204000251952,1,10.0,0.6570094735818107,0,1.0,0.9556200075527546,2,127.0,0.4818748052144238,7,64.0,0.38668637258215866,0,14.0,0.881810441304636,16,304.0
2165.0,28,404.0,2.525,8.333582480872465,5,71.0,0.23946680838436182,0,4.0,0.954473845129964,1,9.0,0.7402272029708468,2,26.0,0.7010404935816987,1,15.0,0.5063157969415211,0,0.0,0.9359725610305254,1,110.0,0.7133874671809736,6,69.0,0.41467423462448266,2,4.0,0.6618973951975379,18,308.0
2170.0,23,359.0,2.1890243902439024,8.511372825458233,4,72.0,0.1765903336472467,0,4.0,0.9587200853850482,1,14.0,0.6937652732899484,1,9.0,0.7058402831581099,0,4.0,0.7109444703242694,0,0.0,0.9529396429467901,2,32.0,0.45628687632230663,2,50.0,0.41747624629223934,3,15.0,0.3717699953709347,13,200.0
2175.0,22,253.0,1.5521472392638036,8.910576213241429,6,46.0,0.2958657091115111,0,4.0,0.9071857622284931,0,4.0,0.9147671435728907,1,5.0,0.5527382980215924,1,21.0,0.6824898887171548,0,0.0,0.8355403247090396,1,97.0,0.4467323986209141,4,47.0,0.4267150060173383,1,1.0,0.6891907023080308,14,225.0
2180.0,25,263.0,1.603658536585366,8.819510600467934,4,41.0,0.4731911079997765,0,4.0,0.8987740452084989,0,4.0,0.7641071603724982,5,23.0,0.4289013003281706,2,31.0,0.7582971275174945,0,0.0,0.8509071590606414,1,97.0,0.4681743651072797,4,71.0,0.5353316270689895,0,4.0,0.7964085112358958,16,275.0
2185.0,19,208.0,1.2307692307692308,8.76811449497308,2,60.0,0.33461898318896255,0,0.0,0.940090809512805,1,13.0,0.7205897928540239,2,19.0,0.5185627448130253,0,16.0,0.7365276531219888,0,0.0,1.0,3,122.0,0.5047442733102615,4,80.0,0.627372183988533,1,9.0,0.7395687779090544,13,319.0
2190.0,21,262.0,1.5411764705882354,9.082427176855454,3,61.0,0.37837318965949046,0,0.0,0.9558060226519554,0,12.0,0.7381735087525494,1,8.0,0.48543669214004037,1,16.0,0.5785233571483583,0,0.0,0.9566643004510519,4,125.0,0.4242824390696933,4,106.0,0.6530093308659556,0,2.0,0.755828009631771,13,330.0
2195.0,24,214.0,1.2588235294117647,8.592060942109578,3,64.0,0.16326106554562492,0,0.0,0.883802021879978,0,8.0,0.8697458756361747,3,23.0,0.5610683780335262,2,17.0,0.6880125061589957,0,8.0,0.94046671374035,2,191.0,0.41457429059422035,4,64.0,0.5493907298432703,0,0.0,0.809288806278502,14,375.0
2200.0,24,164.0,0.9761904761904762,8.376888625563026,4,73.0,0.3830434482019552,1,1.0,0.004485111787230466,1,14.0,0.8214144352087169,1,28.0,0.7813503700477563,1,5.0,0.6735522929338913,0,8.0,0.97867341491889,3,163.0,0.25149376764668463,7,90.0,0.38826531680659754,0,0.0,0.761478921791251,18,382.0
2205.0,26,250.0,1.4880952380952381,8.322317435325473,4,79.0,0.3943743470205742,0,0.0,1.0,0,8.0,0.8900413850894134,2,51.0,0.6193167870583227,3,19.0,0.43875967433055163,0,8.0,0.7131328531749379,5,217.0,0.3978088331311364,9,127.0,0.37712193081032264,0,17.0,0.582007717389386,23,526.0
2210.0,32,309.0,1.8727272727272728,7.55344309046509,4,57.0,0.32139037073139026,0,0.0,0.9374014002000259,1,11.0,0.6580887829188403,3,60.0,0.48174337197017997,5,39.0,0.36344920887665405,0,46.0,0.9794497675266727,3,39.0,0.33583413821428837,7,135.0,0.3255080550979861,2,28.0,0.6786362579550995,25,415.0
2215.0,22,258.0,1.5636363636363637,8.14624442081018,3,65.0,0.3837917486477558,0,0.0,0.9886708708721416,3,22.0,0.6128783705766463,0,22.0,0.6314976776668436,4,44.0,0.32833465782301213,0,12.0,0.9931891027722812,1,1.0,0.5134767807520131,4,133.0,0.42094277969809285,2,38.0,0.6295853909005572,17,337.0
2220.0,20,251.0,1.56875,8.105125320927726,4,74.0,0.18675289608311135,0,0.0,1.0,2,10.0,0.6125320895464051,2,24.0,0.556484755092697,1,42.0,0.48497110193835763,0,48.0,0.9805996830221533,1,7.0,0.5807388190379181,4,130.0,0.40393954415790884,2,10.0,0.6052157997803869,16,345.0
2225.0,25,259.0,1.5889570552147239,8.594709315311745,5,98.0,7.302900546296887e-06,0,0.0,1.0,3,20.0,0.6475585178418641,2,38.0,0.7309224313352415,1,17.0,0.7076578872797108,0,13.0,0.9320018385137159,0,2.0,0.5258297549591716,8,105.0,0.2859182792552444,2,13.0,0.4880280434409384,21,306.0
2230.0,28,224.0,1.3493975903614457,8.804754668297598,4,61.0,0.13346259270334615,0,0.0,0.9979180274536105,4,40.0,0.666289580680731,2,30.0,0.7707065869351134,1,26.0,0.6413594951614047,0,39.0,0.9444490404853688,1,13.0,0.5005798598684368,7,85.0,0.4113294025862147,6,38.0,0.34982146662297453,25,332.0
2235.0,25,198.0,1.2,8.516123328457702,2,60.0,0.3428974059321628,0,0.0,0.9270038301879121,1,26.0,0.7521330187240242,0,19.0,0.718416936994419,2,29.0,0.530632619347508,0,42.0,0.8841736768522641,5,41.0,0.20053568784013012,7,93.0,0.38560189980886495,4,53.0,0.283887606215986,21,363.0
2240.0,22,202.0,1.216867469879518,9.055421746738471,2,60.0,0.32761868804257316,0,0.0,0.016408644529888095,1,7.0,0.7802392586511308,0,21.0,0.8910255829435763,4,48.0,0.5650596394200309,0,16.0,0.9603196060420913,2,32.0,0.23739114594560617,7,78.0,0.4266011785330624,3,38.0,0.22622946611127018,19,300.0
2245.0,20,154.0,0.9390243902439024,8.751178445050746,1,37.0,0.40613565006279345,1,5.0,0.0,2,17.0,0.7883496282485662,0,17.0,0.733225285856184,1,9.0,0.6091251012170196,0,0.0,0.9363338349540464,0,20.0,0.48895713064025326,5,30.0,0.3567501863240882,5,62.0,0.3960028915153723,15,197.0
2250.0,14,83.0,0.49404761904761907,8.622481017721311,2,9.0,0.5771916343415656,0,0.0,0.6716863679370733,2,6.0,0.6335918864956449,1,9.0,0.6490357766280518,1,16.0,0.6087687233738248,0,17.0,0.9182985216689437,1,16.0,0.5558926435610287,3,40.0,0.3742307481886926,1,37.0,0.6491244939033954,11,150.0
2255.0,20,81.0,0.47368421052631576,9.100579061227824,3,25.0,0.5031680525080287,0,4.0,0.9179282381756687,1,14.0,0.6311891569018759,1,9.0,0.7485930260381987,3,26.0,0.625656459150574,0,29.0,0.9686193521721862,1,5.0,0.49056551261266557,3,21.0,0.4264918541052755,1,22.0,0.7164523595175447,13,155.0
2260.0,20,123.0,0.7235294117647059,9.14665819848291,2,29.0,0.5756026328206002,0,4.0,0.9684863465123394,3,17.0,0.542960306173744,1,6.0,0.5640990682459153,3,28.0,0.5575845862966986,0,28.0,0.919961691977703,3,14.0,0.427037470939406,3,36.0,0.5794951594457158,2,28.0,0.5594124284331641,17,190.0
2265.0,20,149.0,0.8816568047337278,8.771082355486056,2,26.0,0.5350425919611292,0,4.0,0.9792399614028924,1,7.0,0.7311837044424042,3,22.0,0.3826769716822956,1,33.0,0.5648674334056326,0,8.0,0.9290969719454096,4,30.0,0.18576055844511352,3,47.0,0.599032587097863,2,38.0,0.6136475153685611,16,215.0
2270.0,16,124.0,0.7469879518072289,8.584111094865362,4,43.0,0.4291340668007518,0,4.0,0.8346220853362993,1,6.0,0.6737262817448441,0,17.0,0.7922310078325376,1,24.0,0.660929657194385,0,1.0,0.9780057074593731,4,35.0,0.34435632897838653,2,28.0,0.5857562434538207,2,37.0,0.5761052230406007,14,195.0
2275.0,21,148.0,0.9192546583850931,9.05457884353595,6,60.0,0.2997646503256642,0,4.0,0.9388859669869373,1,11.0,0.45515113893267206,1,20.0,0.6374852049770048,2,38.0,0.6274105362430055,0,0.0,1.0,0,11.0,0.7356327622628276,2,16.0,0.5140592428756522,3,70.0,0.38158744008493906,15,230.0
2280.0,23,140.0,0.8588957055214724,8.434562126295477,3,71.0,0.3238370147719281,0,4.0,0.8283389033510011,1,9.0,0.7052735244643709,6,29.0,0.525402901332391,0,16.0,0.6815782022850426,0,0.0,0.665534887765463,1,14.0,0.621633031171502,2,21.0,0.3417983312411549,3,58.0,0.36375449617244265,16,222.0
2285.0,23,170.0,1.0429447852760736,8.38178298851445,4,64.0,0.26004439954183595,1,5.0,0.4833221176046768,0,4.0,0.9456596537949048,6,37.0,0.3049731732501273,2,8.0,0.4949723992888805,0,0.0,0.9171535484246239,1,14.0,0.6032631131432287,1,21.0,0.48798874500707823,0,35.0,0.751292131776305,15,188.0
2290.0,34,225.0,1.355421686746988,8.090912003273685,6,49.0,0.02015579208972821,2,14.0,0.4768948645241337,0,4.0,0.9724546685789339,5,39.0,0.604584447946833,6,40.0,0.37289398233904375,0,0.0,0.8814661540384572,2,20.0,0.6457164955023098,2,34.0,0.6092541756433005,0,0.0,0.7099601092568447,23,200.0
2295.0,26,229.0,1.396341463414634,8.132373020782214,6,64.0,0.13948511179468764,0,3.0,0.9397666902817031,0,8.0,0.6636949977088975,5,62.0,0.4056583907567019,4,48.0,0.5018111752758517,0,0.0,1.0,3,65.0,0.3762312722990753,3,47.0,0.6484537369912722,1,1.0,0.6159049204733774,22,298.0
2300.0,22,184.0,1.1288343558282208,8.017326826099989,6,89.0,0.31632311679650055,0,3.0,0.9229621305235531,0,4.0,0.8297711915334918,5,46.0,0.2501800567571131,0,36.0,0.5389294035729675,0,1.0,0.9874127113651338,2,75.0,0.450476865496335,1,25.0,0.5862027681082703,1,10.0,0.5307109938733664,15,289.0
2305.0,20,185.0,1.1280487804878048,8.639791933393317,5,98.0,0.28190129577360956,0,3.0,0.9381274847553264,0,4.0,0.7062317386699729,3,25.0,0.4827656929864492,1,12.0,0.40045167853256425,0,1.0,0.9512726979527824,1,34.0,0.6548025567234071,2,31.0,0.3916824569539229,3,23.0,0.6049098966630977,15,231.0
2310.0,25,212.0,1.3006134969325154,8.65006758143198,5,104.0,0.3968232890188552,0,3.0,0.9395333317903769,1,13.0,0.8308411974470464,4,33.0,0.5623487275273377,1,12.0,0.45891671711603077,0,0.0,0.9310656331303417,2,58.0,0.4458006854311017,5,45.0,0.28191487933164106,2,6.0,0.4717031547556492,20,274.0
2315.0,23,229.0,1.43125,8.446545873100515,7,145.0,0.2998017128096413,1,5.0,0.48062807944141117,0,4.0,0.9081751520507024,4,24.0,0.46229096785321394,3,19.0,0.3689964775952773,0,0.0,0.9647402164240019,1,30.0,0.23325912827399245,2,18.0,0.5137123922712822,0,0.0,0.7438654810716541,18,245.0
2320.0,22,209.0,1.3144654088050314,8.71973813222391,5,92.0,0.3702182032483937,1,14.0,0.60549112390709,0,4.0,0.9225264061163275,3,25.0,0.4421892437752149,4,47.0,0.3778075642826688,0,0.0,0.9039549506487777,0,27.0,0.8453520874386755,1,10.0,0.6505755241734145,1,5.0,0.6054312252345763,15,224.0
2325.0,22,224.0,1.391304347826087,8.949283958582543,2,51.0,0.33657717157856654,0,4.0,0.960655692534951,0,12.0,0.9241773988498517,6,43.0,0.39351528083638015,3,50.0,0.5932398782486062,0,17.0,0.9972239049466203,0,43.0,0.8388056108025556,1,11.0,0.663416939666879,2,8.0,0.44901542423279,14,239.0
2330.0,22,238.0,1.4968553459119496,8.963449354660135,4,51.0,0.4217420375832082,0,4.0,0.9299293807748048,0,8.0,0.8420133560086039,4,33.0,0.4040782072551671,0,36.0,0.700711217586148,0,0.0,1.0,0,20.0,0.537255957640533,2,17.0,0.7051322204059425,4,26.0,0.18298655379701367,14,195.0
2335.0,20,206.0,1.271604938271605,9.060049979033336,3,61.0,0.47685069541936415,0,4.0,0.9754086249490399,1,8.0,0.8459147119085826,1,23.0,0.6159292274322381,0,12.0,0.7439795115728679,0,0.0,1.0,2,26.0,0.5452254265313095,2,23.0,0.30327242098494395,4,65.0,0.2824524820487468,13,222.0
2340.0,20,136.0,0.8662420382165605,8.358827952225827,2,45.0,0.3347563608174006,0,0.0,0.38021218800458706,1,13.0,0.8155741985987582,3,22.0,0.6613591251924581,2,12.0,0.4142586354262773,0,0.0,1.0,4,42.0,0.4415471529811471,2,7.0,0.4169507666843398,3,60.0,0.4603109325356889,17,201.0
2345.0,22,125.0,0.78125,7.670217190173977,4,46.0,0.29878692872274226,1,4.0,0.005016004038433987,0,4.0,0.9201494351766358,1,5.0,0.5817128317989344,4,25.0,0.4020716732728123,0,0.0,0.9579451553230645,3,58.0,0.279795629831677,2,21.0,0.4516735047967741,0,25.0,0.52661602934059,15,188.0
2350.0,32,189.0,1.173913043478261,8.12676522776324,4,31.0,0.27570196159036936,2,18.0,0.32837882582237987,0,4.0,0.9400150561852646,5,19.0,0.3930486191444547,4,47.0,0.3080150940936218,0,0.0,0.7312295058078768,2,45.0,0.5243115447817686,3,35.0,0.6170170041514886,1,13.0,0.705397045364706,21,212.0
2355.0,29,235.0,1.4417177914110428,8.497799599484614,5,52.0,0.2695368517689762,0,4.0,0.9166323805637501,0,4.0,0.7316291378804587,6,49.0,0.3525120421453086,3,41.0,0.47376907455612755,0,4.0,0.7160046016910009,3,90.0,0.506772542008867,2,27.0,0.6394825206435646,0,0.0,0.9432513585968305,19,271.0
2360.0,20,185.0,1.1635220125786163,8.66620976920414,7,95.0,0.3946993216980268,0,4.0,0.9701505983206262,1,7.0,0.8566427796672267,3,28.0,0.27662258920120936,0,25.0,0.5674579582648897,0,5.0,0.9372450919758608,2,59.0,0.37002747296438715,3,39.0,0.5856251377484722,0,3.0,0.9275401277784419,16,265.0
2365.0,18,142.0,0.8875,8.777012889499392,4,70.0,0.4436098267637335,0,4.0,0.5630104933226382,1,1.0,0.6955886816134753,1,9.0,0.5878883818469104,2,16.0,0.5381707859060254,0,1.0,0.9188805951608551,2,61.0,0.5631176322558681,4,56.0,0.3622119971083607,0,3.0,0.7246595321258715,14,221.0
2370.0,22,138.0,0.8679245283018868,8.779862114891685,4,58.0,0.40391027491419623,0,4.0,0.4651626836834065,2,10.0,0.788632527291226,1,6.0,0.7849771143013061,0,12.0,0.8546101331313106,0,0.0,1.0,3,93.0,0.41082824107437066,4,38.0,0.37965038145882724,0,0.0,0.010980881932526818,14,221.0
2375.0,27,212.0,1.308641975308642,8.765813618220866,5,83.0,0.3705000997560461,0,4.0,0.7090616440481352,1,7.0,0.662448288774318,1,15.0,0.7545970671455359,0,16.0,0.6150016261730361,0,0.0,1.0,1,88.0,0.42153242776770933,6,30.0,0.24153533269577782,1,9.0,0.44989900426036844,15,252.0
2380.0,35,300.0,1.8633540372670807,8.237922492421344,7,88.0,0.16909247473956662,0,4.0,0.7668491700472221,2,16.0,0.7356789276084863,1,24.0,0.6435917380620374,2,16.0,0.4994732537662063,0,3.0,0.9424076529546368,1,67.0,0.3854209149091699,6,63.0,0.31604201817008176,1,14.0,0.6277992002914797,20,295.0
2385.0,24,242.0,1.5220125786163523,8.453658270753232,5,88.0,0.25191016468706856,0,0.0,0.2425493151418554,1,21.0,0.6636088051582819,1,10.0,0.586924834932441,2,18.0,0.5351312658803337,0,3.0,0.9753400744637521,2,19.0,0.4841566451015228,3,36.0,0.30529038531544433,1,19.0,0.4223822067029803,15,214.0
2390.0,21,261.0,1.6838709677419355,8.431400764313059,4,65.0,0.20991328166585319,1,4.0,0.5373196873067657,1,6.0,0.7827945867774276,2,23.0,0.26459911494045407,2,28.0,0.4432352548473525,0,0.0,1.0,1,46.0,0.7463472772935827,2,25.0,0.4136170885844046,0,11.0,0.6826603104310295,13,208.0
2395.0,30,350.0,2.3178807947019866,8.38280656358123,7,66.0,0.2338419472102127,1,9.0,0.42973587701761434,0,0.0,0.741193057740242,4,45.0,0.6028815580194248,2,29.0,0.4969134868637224,0,0.0,0.9630602605059565,1,71.0,0.6484782294737332,2,16.0,0.6521394482032815,2,18.0,0.628463588727458,19,254.0
2400.0,32,368.0,2.4210526315789473,8.094768184730643,7,59.0,0.10679609075481863,1,2.0,0.0004237970304313815,1,8.0,0.7073779409282259,3,37.0,0.6576765703936546,1,24.0,0.6997563356483438,0,0.0,0.9852828539382636,2,96.0,0.5194838090349334,0,4.0,0.9449038455993077,2,22.0,0.38879619015320427,17,252.0
2405.0,24,248.0,1.6533333333333333,8.252062589826973,10,105.0,0.06455263711361181,0,0.0,0.859106529209622,0,4.0,0.8915976349343222,1,33.0,0.6178419186760049,0,16.0,0.8237866617000292,0,0.0,1.0,1,57.0,0.4294286898917013,1,9.0,0.6610867593014255,0,0.0,0.7128650238468048,13,224.0
2410.0,21,140.0,0.9210526315789473,8.44551853369712,6,78.0,0.2068253517955237,0,0.0,0.9567658593159568,0,4.0,0.8435096970413457,2,23.0,0.6744551198067409,1,9.0,0.5921633676651724,0,0.0,1.0,5,39.0,0.1499121250653652,2,16.0,0.5411920478332248,0,0.0,0.9366816996909682,16,169.0
2415.0,21,216.0,1.3935483870967742,8.803056275105034,4,80.0,0.17775716459210586,0,0.0,0.9040188222031628,1,6.0,0.8009408340324224,2,25.0,0.6928750322357826,1,11.0,0.7101005025003099,0,2.0,0.9289158551474939,5,67.0,0.22762398749529245,3,23.0,0.4863340048745864,0,13.0,0.8846730586055989,16,227.0
2420.0,20,252.0,1.6258064516129032,8.845911724323846,4,96.0,0.20924507426069472,0,0.0,0.9552407132324208,0,4.0,0.8510833930616555,1,9.0,0.6395229147372402,2,9.0,0.42857158500955406,0,2.0,0.8894943797260618,4,135.0,0.4623501473902587,1,26.0,0.4168251428257163,0,17.0,0.8579537389011473,12,298.0
2425.0,22,229.0,1.440251572327044,8.784352321614493,3,86.0,0.443263555866967,0,0.0,0.9533963274838008,1,8.0,0.7505828907964678,1,6.0,0.49063395793420517,5,31.0,0.32920472545585805,0,0.0,0.9625131072811576,0,101.0,0.5048773767819837,2,27.0,0.3336241532065958,0,17.0,0.5725600210551228,12,276.0
2430.0,23,168.0,1.0838709677419356,8.867477037719906,1,69.0,0.45768496914064527,0,0.0,0.7908197130435992,2,14.0,0.5839537079839308,4,25.0,0.5761801421193581,4,28.0,0.44525632524747416,0,0.0,0.9579998184296554,2,159.0,0.2782851984166185,0,2.0,0.7092558437576967,2,20.0,0.6959986498009069,15,317.0
2435.0,22,129.0,0.8431372549019608,8.54663533806564,3,26.0,0.45523059347033,1,3.0,0.5001122109580396,0,4.0,0.8946141013364755,3,29.0,0.4947086542265418,0,29.0,0.5201913243367523,0,0.0,0.8742668455707254,4,100.0,0.34980771084619194,2,8.0,0.5863713854125392,3,35.0,0.4166673303042158,16,234.0
2440.0,19,95.0,0.6168831168831169,8.706740118671966,2,21.0,0.5255999586307022,1,8.0,0.6521305977801837,1,1.0,0.6646729816379796,1,35.0,0.6295069716513562,1,14.0,0.4322131378223572,0,0.0,1.0,4,105.0,0.36948095876400777,3,21.0,0.567387306037716,4,29.0,0.2927220920669709,17,234.0
2445.0,18,93.0,0.6,8.381319291234549,2,19.0,0.336228468054308,0,0.0,0.7550459305052725,4,15.0,0.5773185364706622,1,18.0,0.5486969805265237,1,9.0,0.6327867977887601,0,0.0,1.0,6,128.0,0.2928928856044453,1,2.0,0.2734726225038601,1,24.0,0.6050067881323961,16,215.0
2450.0,17,96.0,0.6357615894039735,8.825151746327448,3,24.0,0.44550050237013306,1,3.0,0.3123782231190945,0,4.0,0.8324641085994213,2,24.0,0.531516614101626,0,8.0,0.6798087517880925,0,0.0,1.0,5,140.0,0.3275564427285762,1,9.0,0.5768223665638417,2,14.0,0.2417382054263676,14,226.0
2455.0,14,90.0,0.6040268456375839,9.711876620190813,4,50.0,0.5514886486556282,2,13.0,0.025284019463650633,0,0.0,0.9375799611993384,1,15.0,0.7016379316493463,1,9.0,0.6467504649818447,0,0.0,0.9910082093829481,3,156.0,0.41892547875818903,1,5.0,0.7944673779468198,2,19.0,0.3014385998144141,14,267.0
2460.0,17,132.0,0.8859060402684564,9.771127579727644,3,44.0,0.41385576616760467,2,14.0,0.0,1,5.0,0.815994138508752,2,22.0,0.5534741759219626,1,13.0,0.7458202054127505,0,1.0,0.9742697772692679,6,185.0,0.3793818137634539,1,5.0,0.7552717178036358,1,14.0,0.4689243102626341,17,303.0
2465.0,16,138.0,0.9261744966442953,9.351723528878328,2,37.0,0.3344133833189821,0,5.0,0.37047555358933093,0,0.0,0.8741064659461287,3,30.0,0.2829970239753368,1,14.0,0.7372692371760294,0,4.0,0.9370687927405648,5,186.0,0.3739699264111485,1,10.0,0.2889518994575861,2,20.0,0.3048833783724082,14,306.0
2470.0,18,130.0,0.8904109589041096,8.84356061653161,3,34.0,0.2532549670284127,0,0.0,0.9935419771485345,1,4.0,0.7377251941850059,2,21.0,0.4673958783932821,1,15.0,0.4559943879154618,0,2.0,0.8521216678997208,4,154.0,0.3221447248494177,6,36.0,0.2572772238135219,0,4.0,0.9467543865035468,17,270.0
2475.0,15,103.0,0.7357142857142858,8.958827407311329,3,65.0,0.2316581265624609,0,0.0,0.9562691740227822,1,13.0,0.7996712100751079,0,0.0,0.7322095902331097,0,1.0,0.4579487309657871,0,2.0,0.9938793860850689,6,109.0,0.3457732314291112,3,31.0,0.5198028474342793,0,4.0,0.9140893807315674,13,225.0
2480.0,18,116.0,0.8169014084507042,9.61828225841508,3,31.0,0.39325120386575774,0,0.0,0.6549191060233632,0,4.0,0.7636716262207566,1,13.0,0.7510244299016602,2,13.0,0.6095908855077956,0,0.0,0.9648139161145806,6,100.0,0.3023733922403219,3,46.0,0.6571158454165639,0,4.0,0.9216953337093589,15,211.0
2485.0,20,167.0,1.176056338028169,9.178723067729168,5,40.0,0.422083535353016,1,3.0,0.5778386667174217,2,11.0,0.5877327947420873,1,18.0,0.7671768544755088,2,30.0,0.6655115544994641,0,0.0,0.9416243463848198,4,87.0,0.4267555275773077,3,61.0,0.5573466085722141,0,4.0,0.7229088986964487,18,254.0
2490.0,20,163.0,1.1164383561643836,8.45155056188441,3,25.0,0.43772819060566814,0,0.0,0.9312008702791413,5,40.0,0.4802205145865987,0,14.0,0.6482827074647037,1,25.0,0.7233146172195731,0,0.0,1.0,6,105.0,0.2209111533452047,1,22.0,0.6102414695148985,2,13.0,0.5842395934252326,18,244.0
2495.0,14,86.0,0.593103448275862,8.764862794989373,2,29.0,0.4846371771250501,0,0.0,0.904689629100635,2,20.0,0.6132584690565807,3,26.0,0.6258773125999826,1,12.0,0.7100188385967053,0,0.0,0.47640457692836385,6,108.0,0.1521103606796401,0,0.0,0.3969547443485096,0,0.0,0.776514994261479,14,195.0
2500.0,15,77.0,0.5273972602739726,9.361906600346657,3,29.0,0.5461642602161567,0,0.0,0.969440902495362,0,13.0,0.8228682628575472,4,46.0,0.5482223767212716,1,17.0,0.5571817619595794,0,0.0,0.953334481383911,1,85.0,0.36211962073607734,2,15.0,0.587108927011082,1,3.0,0.4782163239417945,12,208.0
2505.0,16,104.0,0.7272727272727273,9.489379338788737,3,31.0,0.46742280445269074,0,0.0,0.9137703550115504,0,8.0,0.9241615749475616,3,33.0,0.5527360761364821,1,22.0,0.7663293320795086,0,0.0,1.0,2,49.0,0.4836349618645972,2,13.0,0.6444139478775461,3,15.0,0.3364867163175654,14,171.0
2510.0,14,90.0,0.6164383561643836,9.664998216889321,1,18.0,0.45557721976411025,0,0.0,0.7904624799838609,0,8.0,0.7978348065288114,1,25.0,0.6175851819201456,1,28.0,0.6304608259344663,0,1.0,0.9204632532959888,3,32.0,0.4270328717045934,4,30.0,0.4462456685480583,4,28.0,0.3179451716700073,14,170.0
2515.0,15,93.0,0.6241610738255033,9.037010428645386,2,25.0,0.6597001373826162,1,2.0,0.4843226720475755,1,13.0,0.7270748338123743,2,20.0,0.4977290926841372,1,7.0,0.5154091318593679,0,0.0,0.9363260966077049,3,31.0,0.23218103558062514,3,42.0,0.3292355916260433,0,27.0,0.5131664916832068,13,167.0
2520.0,20,132.0,0.9103448275862069,8.681278075216907,2,27.0,0.33394064885829944,2,5.0,0.3165440624127179,3,24.0,0.6676021892732064,3,35.0,0.4519818438507302,2,11.0,0.5464721536078511,0,0.0,0.7333272537160037,4,50.0,0.10730160036126453,3,29.0,0.5502448118984882,0,11.0,0.8606601881190529,19,192.0
2525.0,20,168.0,1.1666666666666667,8.537125170166709,5,30.0,0.2809866234443195,1,8.0,0.4954293277930319,0,4.0,0.5743996523561333,4,46.0,0.3450231690879203,3,25.0,0.45720676999612214,0,0.0,1.0,2,29.0,0.14784107647731914,4,49.0,0.5472923588375592,0,4.0,0.749573213762601,19,195.0
2530.0,22,177.0,1.2206896551724138,8.822610496489933,4,50.0,0.29769515332948626,1,13.0,0.731944309975791,4,18.0,0.49808394421389285,2,24.0,0.6060474410682726,4,27.0,0.4208056365736989,0,0.0,1.0,0,0.0,0.840965494192742,6,69.0,0.4101891476531913,1,12.0,0.6134945123961139,22,213.0
2535.0,19,162.0,1.125,9.105475319469333,5,89.0,0.28981219253726065,0,0.0,0.9436792946145307,4,42.0,0.5511277306136374,1,7.0,0.7050312590941313,1,28.0,0.4574207726146093,0,0.0,1.0,0,8.0,0.6123715658756023,7,60.0,0.28239289208821294,0,0.0,0.9550476552870864,18,234.0
2540.0,20,166.0,1.177304964539007,8.429434521371727,5,103.0,0.23746622061916323,0,3.0,0.6893160734225041,2,30.0,0.692189876505245,2,14.0,0.5325650350093554,2,23.0,0.6277065788426581,0,0.0,0.9806922020120308,1,8.0,0.41014020246920335,3,45.0,0.3680328794788849,0,0.0,0.6516412890329475,15,226.0
2545.0,15,161.0,1.158273381294964,8.577695843813322,4,119.0,0.42432469411110285,2,10.0,0.49809944048433374,1,21.0,0.5246557064325198,0,4.0,0.942012618155671,1,22.0,0.6462584994342386,0,0.0,0.9986581417012745,1,10.0,0.45429837540741796,3,37.0,0.5378664452030127,1,9.0,0.6900692875919724,13,232.0
2550.0,17,189.0,1.3897058823529411,8.688509195811568,5,117.0,0.2759592940741463,1,10.0,0.7135874631030541,3,22.0,0.5313145196854598,0,4.0,0.7718673640794497,1,20.0,0.702946993121701,0,3.0,0.9514295702655765,2,16.0,0.4585142454163508,3,25.0,0.36093235270181007,1,13.0,0.703079600039054,16,230.0
2555.0,21,163.0,1.1726618705035972,8.869301592313663,6,98.0,0.11904051303932243,0,3.0,0.8199200357175461,3,18.0,0.5988861877449059,1,5.0,0.587318737437568,2,26.0,0.652896847912389,0,0.0,0.9712814645698881,1,22.0,0.7295227752935369,5,31.0,0.27220258969216565,1,12.0,0.7048756580457877,19,215.0
2560.0,20,160.0,1.1428571428571428,8.811381142181336,7,99.0,0.14787923496088573,1,4.0,0.6473495297222077,1,19.0,0.7513220363810555,2,19.0,0.6366878661499006,1,10.0,0.5449359264873491,0,0.0,0.823963842789875,1,24.0,0.5158512980658259,5,56.0,0.39082525465044554,1,11.0,0.667562761941055,19,242.0
2565.0,20,191.0,1.3450704225352113,8.521401694802542,8,106.0,0.1718396122803274,0,3.0,0.49061212781858476,2,20.0,0.5853580985357801,1,14.0,0.41173662797687116,2,11.0,0.44083311464676844,0,0.0,0.956644521361435,3,35.0,0.4481201902378264,2,25.0,0.5370413987074729,2,19.0,0.40051740787771556,20,233.0
2570.0,19,197.0,1.3873239436619718,8.847380116903794,6,98.0,0.27272671923308045,1,5.0,0.3794598140931667,1,9.0,0.8253398162448703,2,16.0,0.4660298270957386,3,36.0,0.48367022171083895,0,3.0,0.9410262492723278,1,11.0,0.6014350695050728,2,35.0,0.6094334080211451,3,32.0,0.3942312595235596,19,245.0
2575.0,12,140.0,0.9655172413793104,8.821487134182286,2,99.0,0.35376838069409317,1,10.0,0.5048539543105701,1,5.0,0.766206502238724,3,33.0,0.6528029466885615,1,37.0,0.6627797668289557,0,0.0,0.9652853515553281,1,15.0,0.6540289371022456,2,23.0,0.44498114448170156,1,8.0,0.37707167769498917,12,230.0
2580.0,19,148.0,1.0,8.901224358500333,2,65.0,0.2963544630616133,0,0.0,0.9536580209695356,3,11.0,0.6017415791134647,2,18.0,0.5122694156179255,2,22.0,0.729391519631148,0,0.0,0.9507895728890823,2,21.0,0.5142128040930141,3,11.0,0.16362857080225734,2,14.0,0.594900838526168,16,162.0
2585.0,21,155.0,1.0333333333333334,8.97378898093297,4,55.0,0.25766162099422407,0,0.0,0.8624294785148156,0,4.0,0.776747441300032,2,14.0,0.2477609987003896,2,32.0,0.4203748183648435,0,9.0,0.9597247845868493,3,16.0,0.41146234407394766,6,36.0,0.21552716432546803,4,27.0,0.4174870063843764,21,193.0
2590.0,23,214.0,1.4657534246575343,9.045644100368232,4,47.0,0.22343621175193124,0,0.0,1.0,1,9.0,0.7606577078019718,3,24.0,0.24062907197653866,3,30.0,0.2140088276347016,0,12.0,0.82046325746875,2,14.0,0.5740531082343214,6,51.0,0.2600779480305184,4,47.0,0.3221254513359468,23,234.0
2595.0,16,130.0,0.9090909090909091,8.509478073701107,6,63.0,0.036867812814123345,0,0.0,0.9814349377647602,1,14.0,0.5950582741260926,1,19.0,0.5949208447574046,0,22.0,0.37562776061967945,0,3.0,0.913624516984972,3,26.0,0.34931917900211523,1,14.0,0.5030227859283393,1,15.0,0.33682179230708825,13,176.0
2600.0,14,119.0,0.8439716312056738,9.398888211911942,5,68.0,0.26798528633293506,0,0.0,0.5097530844031122,0,0.0,0.9683106682430517,0,11.0,0.923554317036778,0,16.0,0.7000797829309532,0,0.0,0.9273182979118401,1,7.0,0.6855812210503115,3,31.0,0.43790893811057224,2,10.0,0.31714731175231164,11,143.0
2605.0,11,100.0,0.6944444444444444,9.372321080362436,1,71.0,0.42959152492453023,1,7.0,0.6424139944856174,0,4.0,0.88985196668105,1,12.0,0.7695543417929954,0,12.0,0.7487735692840068,0,0.0,1.0,0,0.0,0.5772919678448211,3,45.0,0.560498412773001,2,24.0,0.4547577048250254,8,175.0
2610.0,7,72.0,0.5070422535211268,9.595157033060001,1,49.0,0.4869698370806106,0,4.0,0.9545784160475985,1,6.0,0.7837568972144547,1,10.0,0.5917899940170654,1,13.0,0.7458043662244793,0,0.0,1.0,1,4.0,0.18314398055728912,1,18.0,0.8050847445227057,0,0.0,0.9027667479258626,6,104.0
2615.0,13,71.0,0.5,9.646350636331956,4,32.0,0.28305979362016936,0,4.0,0.9398575792809476,0,4.0,0.8496554854586297,2,5.0,0.5497215150212199,2,33.0,0.5879074475954449,0,0.0,0.9541851338554873,1,9.0,0.3460775613924778,2,29.0,0.6633592825690589,0,0.0,0.9265487105766811,11,116.0
2620.0,16,120.0,0.8333333333333334,9.104003753767136,8,68.0,0.20851479887156044,0,4.0,0.9572098034493332,0,8.0,0.9418060716165275,2,13.0,0.5044088917831114,1,17.0,0.6330680333456659,0,0.0,0.9399082928401502,2,17.0,0.584377288550377,1,26.0,0.6111926995233061,0,0.0,0.943696404327345,14,153.0
2625.0,22,195.0,1.3541666666666667,9.133870568556606,11,127.0,0.2040309693995721,0,4.0,0.928717402036139,0,12.0,0.9367692460044764,3,19.0,0.42251891471371594,0,12.0,0.6916794832081725,0,0.0,1.0,2,45.0,0.6176999517416902,3,36.0,0.6137197113034559,1,1.0,0.4679612213651665,20,256.0
2630.0,21,179.0,1.2430555555555556,8.586035422623192,8,131.0,0.27458749355491413,0,0.0,0.7607599833962665,0,12.0,0.8610341229167912,2,15.0,0.6388597982682954,0,8.0,0.7337778430412648,0,0.0,0.9525117110013972,1,22.0,0.3839394743135937,4,17.0,0.3731989910669912,1,5.0,0.7093761283968281,16,210.0
2635.0,25,187.0,1.289655172413793,8.02817144268292,8,135.0,0.17786545307701787,0,0.0,0.9108931002450675,2,12.0,0.6332626343272044,2,28.0,0.6997542747462204,1,9.0,0.6550571276473152,0,10.0,0.9747117144591126,2,23.0,0.35698534384043495,5,33.0,0.3266872687788316,1,16.0,0.6248899558301806,21,266.0
2640.0,33,314.0,2.1360544217687076,7.917846585020894,9,150.0,0.14943352178096966,0,0.0,0.9039965883677034,3,26.0,0.5256269225205793,2,11.0,0.5861093764421528,0,4.0,0.9574376733326592,0,10.0,0.974077237700093,3,38.0,0.24799951019493702,6,61.0,0.20337501478860182,2,34.0,0.6465344003858597,25,334.0
2645.0,29,275.0,1.8456375838926173,7.798023633316556,7,125.0,0.104956234986786,0,0.0,0.9502774597182534,2,16.0,0.5732938054322407,1,17.0,0.6514568277747632,0,0.0,0.9609126179171951,0,10.0,0.403142655674965,1,18.0,0.34872380972898664,5,56.0,0.33362328905646443,3,21.0,0.6212215328320112,19,263.0
2650.0,17,194.0,1.2763157894736843,8.922797245143899,2,115.0,0.31462849707338797,0,0.0,0.8523877205885085,2,16.0,0.40006623761937776,1,10.0,0.7231825981409133,0,4.0,0.5915878668240054,0,8.0,0.8147257323901435,0,8.0,0.6782851032634625,4,81.0,0.4662986241194851,2,20.0,0.6680493969271624,11,262.0
2655.0,18,258.0,1.6538461538461537,9.278437338990114,1,48.0,0.48662466178630426,0,0.0,0.9434102631123371,2,26.0,0.4895812342964531,1,15.0,0.3712957962209448,0,8.0,0.9339260578646987,0,0.0,0.9698756060578241,2,30.0,0.6296811578286808,4,101.0,0.4136992668073998,3,40.0,0.4748832458517212,13,268.0
2660.0,13,140.0,0.9210526315789473,8.80107230121635,1,30.0,0.37054638083972324,0,0.0,0.9855599020640172,1,20.0,0.7557139651761604,0,0.0,0.4626757656388129,0,8.0,0.9039538806450964,0,0.0,0.9942075702918569,0,40.0,0.6738100971156782,2,58.0,0.469120414741495,4,26.0,0.31186034458494083,8,182.0
2665.0,17,140.0,0.9150326797385621,9.063361850130713,4,45.0,0.34323095702022033,0,4.0,0.9515238368297474,0,4.0,0.959687457526399,1,9.0,0.6056964614089272,0,12.0,0.7155600004783998,0,0.0,1.0,0,39.0,0.7578529873652701,1,9.0,0.5946009993613843,1,19.0,0.5831548468415747,7,141.0
2670.0,23,234.0,1.570469798657718,9.01010829050199,4,65.0,0.1868947585273397,0,4.0,0.9472315502308332,0,8.0,0.9052281723056337,2,16.0,0.686768997638923,1,11.0,0.7464296182764057,0,0.0,1.0,1,57.0,0.5785836078176705,1,10.0,0.7324408570970344,2,24.0,0.680109798053938,11,195.0
2675.0,21,171.0,1.1476510067114094,8.12413678721294,4,51.0,0.19675590736062287,0,5.0,0.9050982613222637,0,8.0,0.8846165971863398,1,2.0,0.682264497249588,0,8.0,0.799707977609459,0,0.0,1.0,3,46.0,0.3213050738950248,2,10.0,0.6027432841220346,1,3.0,0.6175357968649197,11,133.0
2680.0,22,185.0,1.2671232876712328,8.204338547901196,1,36.0,0.29223569014587747,0,5.0,0.9535486267432757,0,4.0,0.954565407178143,3,16.0,0.568421291052704,1,6.0,0.6736032255035079,0,0.0,0.9152190723145245,5,48.0,0.1919424057015602,3,23.0,0.5296857701676979,1,9.0,0.5836455986297397,14,147.0
2685.0,31,275.0,1.8581081081081081,8.022481370068403,2,29.0,0.410397382186726,0,5.0,0.9211473098782587,1,6.0,0.8343142781265099,5,68.0,0.4897692915890778,2,13.0,0.6393720615466224,0,0.0,1.0,7,62.0,0.12413695071263575,5,46.0,0.3355596188527313,2,36.0,0.6132268712740768,24,265.0
2690.0,21,195.0,1.2913907284768211,7.920498636415611,2,41.0,0.45371540852711884,0,5.0,0.945356569617447,1,11.0,0.7316740735797798,4,79.0,0.5264380019511053,1,11.0,0.41097905760655634,0,0.0,0.9370525201784206,3,76.0,0.16456729924605018,5,48.0,0.4046534334919424,1,4.0,0.6890556194959416,17,275.0
2695.0,22,151.0,1.0066666666666666,8.385986291239051,2,26.0,0.627095158584689,0,8.0,0.8066443644002528,1,7.0,0.8271618210480098,5,82.0,0.3725762982736082,1,7.0,0.5800927227238243,0,0.0,1.0,1,75.0,0.5493827485847774,3,53.0,0.4067607462526402,2,17.0,0.4973655457648841,15,275.0
2700.0,26,239.0,1.604026845637584,7.9274952201519975,2,20.0,0.4712485954717528,2,8.0,0.6137753965658096,1,16.0,0.7128289790071461,7,99.0,0.3778043336331956,1,20.0,0.6022482992477052,0,27.0,0.5065764018672017,1,79.0,0.5853200591236352,3,68.0,0.3828877011213518,3,35.0,0.5739967870114274,20,372.0
2705.0,25,210.0,1.381578947368421,7.959974068813818,5,41.0,0.43845280592691227,1,10.0,0.7785639170037978,2,16.0,0.5825558213870454,4,86.0,0.5178907555551959,0,12.0,0.8519669622842192,0,6.0,0.7687773327750387,1,37.0,0.542795997286288,1,12.0,0.6266458045857158,1,22.0,0.5409626030157767,15,242.0
2710.0,21,213.0,1.3741935483870968,9.000800185226737,4,31.0,0.5634762546900224,0,4.0,0.7085629995672886,1,5.0,0.7572074456101442,0,69.0,0.41752976916652573,0,16.0,0.8709714016030375,0,2.0,0.9330649082108748,1,13.0,0.590796354308602,1,17.0,0.41101617145985114,3,24.0,0.45498573479870524,10,181.0
2715.0,20,209.0,1.3397435897435896,9.07189815772994,3,34.0,0.35558882100746886,1,9.0,0.761942107512163,0,4.0,0.947022299992654,0,20.0,0.574440549390968,0,24.0,0.6131622231826946,0,19.0,0.9639825124252197,1,20.0,0.6462174899519568,2,25.0,0.46203713064708685,3,43.0,0.22844836415533024,10,198.0
2720.0,20,201.0,1.2641509433962264,9.202405544573253,6,51.0,0.22039383390463957,0,3.0,0.9457480089489462,0,0.0,0.927414990773303,0,8.0,0.628144215991932,3,26.0,0.3415170847263909,0,20.0,0.9590792071095682,0,9.0,0.6419392915124141,1,23.0,0.6252425643747866,2,27.0,0.5545465949762226,12,167.0
2725.0,19,194.0,1.2356687898089171,9.324002857682348,6,61.0,0.32465742017482097,0,3.0,0.8213528657821373,1,2.0,0.8075716706533319,1,9.0,0.3342344054441339,2,32.0,0.30929257727141546,0,3.0,0.8499324069245866,2,16.0,0.6502660691969465,1,24.0,0.5000168597656954,0,4.0,0.7818105750787759,13,154.0
2730.0,21,240.0,1.518987341772152,8.879991745299531,6,67.0,0.3245592936837615,1,7.0,0.636792947402616,1,11.0,0.7582123036385137,2,10.0,0.5291798849062352,2,30.0,0.4155886226970488,0,0.0,0.9597579193957827,2,22.0,0.508322814331455,2,37.0,0.6274371891444852,1,9.0,0.612018536614188,17,193.0
2735.0,20,273.0,1.7278481012658229,8.638108464360297,9,96.0,0.18340795312680855,0,4.0,0.7107158853907432,1,16.0,0.6999444870734209,1,3.0,0.8126849436712609,2,35.0,0.503960943566334,0,0.0,0.9788882431840371,0,24.0,0.5756814224895936,1,9.0,0.7432376600724742,1,14.0,0.7120740236572167,15,201.0
2740.0,24,294.0,1.826086956521739,8.58591038824257,11,124.0,0.12659651207572212,1,6.0,0.49750642549988844,1,7.0,0.6763915309847041,2,11.0,0.6605314771684498,0,4.0,0.5250779468156054,0,0.0,0.9325162143649105,3,46.0,0.4652126055620906,0,0.0,0.7773385454547824,0,4.0,0.781995845798089,18,202.0
2745.0,34,351.0,2.1666666666666665,8.110208745998879,8,124.0,0.2615729393954384,1,11.0,0.6050148182060767,1,7.0,0.6956763002454048,5,31.0,0.42288012907131484,1,7.0,0.5585975317860888,0,0.0,0.9488470171143613,5,47.0,0.22430150540720453,2,4.0,0.6653205058193327,2,6.0,0.6445368663864125,25,237.0
2750.0,32,400.0,2.5157232704402515,8.188510992462753,9,133.0,0.32061397673523667,0,4.0,0.915503330365812,2,9.0,0.2642125177413545,5,29.0,0.35950477438003137,1,12.0,0.7437353651752288,0,19.0,0.8689054108598243,3,34.0,0.4002452487694132,3,11.0,0.6067751518643697,2,11.0,0.7033183076896041,25,262.0
2755.0,21,202.0,1.2546583850931676,8.276794310159186,8,140.0,0.3245959661204622,0,4.0,0.5377876139545869,0,0.0,0.9429228071655876,2,11.0,0.6195218373392143,0,0.0,0.936548707558306,0,19.0,0.9627087053970153,1,121.0,0.32920301142788605,4,30.0,0.3595076247066162,1,1.0,0.580054913420823,16,326.0
2760.0,27,195.0,1.2264150943396226,8.487671121062961,8,152.0,0.22623507536182264,1,9.0,0.7248271578854093,0,4.0,0.9086248839618987,3,26.0,0.5739375064560249,0,4.0,0.8423188366333025,0,0.0,1.0,3,180.0,0.36222084984274744,7,60.0,0.20420414716271995,2,41.0,0.5187481582084547,24,476.0
2765.0,29,221.0,1.3726708074534162,8.266479517460873,6,115.0,0.3328087255577806,0,4.0,0.6016135157620369,0,4.0,0.8543003018365082,3,7.0,0.47111766855544435,1,8.0,0.6036729028824456,0,0.0,0.98898596737828,3,218.0,0.515114424875361,5,55.0,0.2952309495641223,3,56.0,0.5436526252261137,21,467.0
2770.0,17,169.0,1.05625,7.979002186645272,6,106.0,0.2696693994331517,0,4.0,0.3774042046327863,0,0.0,0.9395270706660425,3,15.0,0.49950630367515475,2,21.0,0.4616203096302798,0,0.0,0.9714827802384441,2,227.0,0.3712916447977823,1,34.0,0.4129583086772224,1,19.0,0.5217158986043335,15,426.0
2775.0,25,189.0,1.1886792452830188,8.433609896277627,9,112.0,0.20591537615311623,0,8.0,0.7941127863031703,0,0.0,0.9100977064759173,6,52.0,0.42485161337637817,0,14.0,0.6868733599909951,0,0.0,1.0,4,98.0,0.29728500955745635,2,26.0,0.5419454999007123,2,38.0,0.6751667521180431,23,348.0
2780.0,25,210.0,1.3461538461538463,8.606788651884417,8,140.0,0.2161740597538096,1,10.0,0.6609727943159495,0,0.0,0.9418305813347924,4,49.0,0.5289866504796494,0,12.0,0.938415994070989,0,0.0,1.0,3,100.0,0.37766727980638015,2,29.0,0.6886170183363941,2,40.0,0.56921656140597,20,380.0
2785.0,23,221.0,1.389937106918239,8.891618330393486,9,170.0,0.3010901997338853,1,15.0,0.633897495486201,0,0.0,0.9623770560561141,0,33.0,0.762839558935383,0,12.0,0.897467421394765,0,0.0,1.0,2,96.0,0.501656595136986,3,41.0,0.5924304117747563,1,1.0,0.6010927787889291,16,368.0
2790.0,28,309.0,1.9556962025316456,7.5713158938442735,10,198.0,0.264314326885186,1,16.0,0.4568977243014107,0,0.0,0.9376478410900406,1,15.0,0.749854593485518,1,15.0,0.6821422811664062,0,0.0,1.0,4,111.0,0.19712824813560295,5,62.0,0.28718789479114587,2,10.0,0.5830167479651986,24,427.0
2795.0,27,326.0,2.0764331210191083,7.87618552779004,11,247.0,0.26107601959962146,0,8.0,0.9390383277104104,0,0.0,0.9498661952762015,2,10.0,0.3162926382588613,1,12.0,0.49523253390093397,0,0.0,0.9765821040729633,3,159.0,0.3314695841086899,4,60.0,0.27974851387424876,3,26.0,0.4735722157255914,24,522.0
2800.0,19,282.0,1.7848101265822784,8.576197183159406,11,258.0,0.22900731570998223,0,8.0,0.9581891485812197,0,4.0,0.889076725415483,0,5.0,0.7340141703221407,5,31.0,0.2618003429453172,0,0.0,0.9425622533399551,0,95.0,0.7916544175529449,1,46.0,0.4889024616384923,1,14.0,0.7497505736107137,18,461.0
2805.0,19,306.0,1.9615384615384615,8.540656655891825,14,308.0,0.11753989978499695,0,8.0,0.4643662926568811,0,8.0,0.786202617228323,1,10.0,0.7826052051687373,1,21.0,0.5144749952283847,0,0.0,1.0,0,45.0,0.80355485979765,1,56.0,0.6836002816958853,1,8.0,0.6324448381910948,18,464.0
2810.0,27,290.0,1.8238993710691824,8.308174644477827,16,361.0,0.078863424936521,0,4.0,0.9861035245147713,1,5.0,0.8254938306767831,1,17.0,0.4924171555709785,2,17.0,0.6709581682346291,0,0.0,1.0,1,28.0,0.5588577738785572,1,7.0,0.7359285652758948,3,16.0,0.49762350357546375,25,455.0
2815.0,31,375.0,2.3734177215189876,7.8853012040910695,16,387.0,0.15893326158884083,0,4.0,0.962164315566318,1,5.0,0.8180470556627855,2,15.0,0.6275558802548249,2,27.0,0.5382973863920366,0,0.0,0.550405083277619,3,38.0,0.356419635446876,1,8.0,0.8433899020125171,2,12.0,0.39647626351066984,27,496.0
2820.0,32,419.0,2.6352201257861636,7.789685984769782,16,399.0,0.09872205387954033,0,4.0,0.9393785400087665,1,10.0,0.7754188016287181,0,6.0,0.8233399888133508,2,26.0,0.42334060750838515,0,0.0,0.9301180493761785,4,62.0,0.31706353188236586,3,16.0,0.5126716751081207,1,7.0,0.6160599298745404,27,530.0
2825.0,25,242.0,1.5512820512820513,7.605015367637477,14,408.0,0.13715536122394079,0,4.0,0.9655063551850492,2,24.0,0.6940520901998163,0,4.0,0.8685055011999588,0,19.0,0.5335858163252051,0,0.0,0.8687922225882244,2,30.0,0.5229497890702366,6,18.0,0.3764792093743958,1,12.0,0.629968154619092,25,519.0
2830.0,15,213.0,1.3831168831168832,8.945350197683705,11,355.0,0.2802826133396429,0,4.0,0.9861407587639924,1,20.0,0.817028497100981,0,4.0,0.9710349492325216,0,7.0,0.8008570930958565,0,0.0,0.9305349831901841,0,27.0,0.6800079270934967,2,21.0,0.5372630974856093,1,6.0,0.48197188323573426,15,444.0
2835.0,18,232.0,1.5263157894736843,9.16945199915616,10,346.0,0.2629457893922969,0,4.0,0.9056397587716439,1,9.0,0.7671141630183144,0,1.0,0.8566699502709954,1,13.0,0.7375506200239226,0,20.0,0.9450615253830681,1,40.0,0.7846155868914756,3,33.0,0.5961171828819395,2,19.0,0.6444436619348192,18,485.0
2840.0,22,164.0,1.0445859872611465,8.580935636637133,10,356.0,0.1148290798400264,0,4.0,0.9393282483534864,2,17.0,0.6147942603107931,1,4.0,0.8307961742822034,0,8.0,0.9536508548774866,0,20.0,0.945720090522039,1,42.0,0.559412668202163,3,34.0,0.5924799657648122,3,34.0,0.6861982169496613,20,519.0
2845.0,25,230.0,1.4556962025316456,8.01839526730302,13,315.0,0.19044320078291616,0,0.0,0.5552151164377094,2,17.0,0.7318342305113604,0,9.0,0.5842213169141643,0,8.0,0.8070529735617423,0,0.0,0.9568626839625786,2,42.0,0.3732368109109509,4,42.0,0.4877671517008799,2,14.0,0.7341417851964227,23,447.0
2850.0,38,340.0,2.138364779874214,7.683670908784328,16,340.0,0.11598846717514383,1,3.0,0.0,1,12.0,0.7573210269252315,4,20.0,0.4232977335442894,1,14.0,0.555359364456696,0,0.0,0.9378899839883322,4,61.0,0.2269576033467988,6,74.0,0.2622906655381305,1,18.0,0.7074308527418913,34,542.0
2855.0,35,306.0,1.9245283018867925,7.7441087838001295,12,334.0,0.22935509918767685,0,4.0,0.8175447890747197,1,5.0,0.8066162368185911,6,47.0,0.2937771554451138,4,18.0,0.4191256739561631,0,8.0,0.9430281029834534,2,39.0,0.39649722589782926,4,53.0,0.3327093443420701,4,44.0,0.4795124801068436,33,552.0
2860.0,26,287.0,1.7826086956521738,8.114364260217526,12,346.0,0.3021708115275538,0,4.0,0.9541758026122023,0,0.0,0.9086715476069548,3,31.0,0.41686694925947293,2,21.0,0.5733894522207749,0,8.0,0.9402471312357444,0,19.0,0.7466551905930038,6,73.0,0.3402019542340006,3,44.0,0.4549943656090063,26,546.0
2865.0,33,350.0,2.1875,8.119747372471384,13,351.0,0.16459076553748775,0,4.0,0.9232605825881658,2,7.0,0.5486729002896972,0,16.0,0.5471340774639996,3,31.0,0.5756865726941478,0,0.0,1.0,3,7.0,0.5437828150448836,7,116.0,0.3880870212927574,2,21.0,0.6160465584585811,30,553.0
2870.0,33,284.0,1.763975155279503,7.459788104457939,15,383.0,0.1513513221717306,0,4.0,0.9226952694305381,3,21.0,0.6124473711973134,1,9.0,0.6709396525995801,1,19.0,0.504444310698846,0,0.0,1.0,2,74.0,0.507765030765225,7,98.0,0.3365117762923945,2,25.0,0.5913257441261099,31,633.0
2875.0,32,261.0,1.6211180124223603,7.251361263297948,17,334.0,0.15836606936176767,0,4.0,0.964584947606664,3,36.0,0.5421118510904741,2,15.0,0.47753471327255154,2,14.0,0.347474671314801,0,4.0,0.9991362923596799,2,53.0,0.2893739543814666,2,71.0,0.5035522780181383,4,14.0,0.39329137599892156,32,545.0
2880.0,36,322.0,1.9754601226993864,7.237609854511626,15,331.0,0.08619602702974888,0,4.0,0.9315269511095303,1,18.0,0.6371767373787859,1,6.0,0.5406246085552233,4,36.0,0.38884749893754067,0,0.0,1.0,5,52.0,0.22199486660895879,3,62.0,0.5490914043256332,4,28.0,0.4319977857618085,33,537.0
2885.0,39,297.0,1.778443113772455,7.575863071651291,14,379.0,0.15761041346820054,1,7.0,0.6600280179884134,2,15.0,0.5773625528322844,1,15.0,0.6446028946538248,4,48.0,0.606125128166259,0,0.0,0.9820820650466127,4,54.0,0.41750884569163227,5,19.0,0.26760241880021884,5,52.0,0.2559666001039205,36,589.0
2890.0,39,364.0,2.1411764705882352,8.165332022596743,14,395.0,0.09808878915904048,2,16.0,0.5589617061909671,3,28.0,0.5782351556052938,2,27.0,0.653469194536349,0,45.0,0.605799599502569,0,0.0,0.7871978309132883,3,42.0,0.3403449044688874,8,58.0,0.23715574326161118,4,38.0,0.40759736428460946,36,649.0
2895.0,37,437.0,2.5555555555555554,8.54805347160833,15,424.0,0.17993759401904383,2,26.0,0.5757104653922255,0,4.0,0.9110750896708902,1,18.0,0.7040668437403181,1,14.0,0.5277126705817357,0,0.0,0.9458812801762191,4,49.0,0.4478967513342245,9,101.0,0.18911911597999442,1,18.0,0.6606407315813363,33,654.0
2900.0,29,337.0,1.9823529411764707,8.289146437097363,12,444.0,0.189627993280806,1,14.0,0.7757014753130941,0,4.0,0.9151317782049816,0,12.0,0.7636715046392522,1,10.0,0.5427046562523105,0,0.0,0.982107091752613,2,43.0,0.49577761828113087,6,83.0,0.2593869117655531,3,24.0,0.5246978123033653,25,634.0
2905.0,28,275.0,1.608187134502924,8.27537497740162,11,426.0,0.28020163841214163,0,0.0,0.8410413546686465,0,8.0,0.7324901925380906,1,16.0,0.7049107001972549,4,30.0,0.4642581359247093,0,0.0,0.9233644781606336,2,34.0,0.5093288365007955,2,62.0,0.5678144072031526,1,12.0,0.34883366012840866,21,588.0
2910.0,28,354.0,2.046242774566474,8.919887711123295,10,386.0,0.266800089945418,0,4.0,0.9432439173062228,0,4.0,0.8951085936177787,1,9.0,0.7084527779892557,4,50.0,0.5052466028770904,0,0.0,0.9559624197050529,4,48.0,0.40554941651537296,2,15.0,0.5816492493651322,2,16.0,0.5967299964768756,23,532.0
2915.0,27,347.0,1.9715909090909092,8.780476211022842,12,396.0,0.19701697272280577,0,5.0,0.7800916387010598,0,4.0,0.9827482439808617,1,10.0,0.7053511594268096,4,37.0,0.5729676752773305,0,0.0,0.9874874742799208,2,19.0,0.40428867556762976,0,0.0,0.7596666672297913,2,26.0,0.7461575399896121,21,497.0
2920.0,23,241.0,1.3850574712643677,8.849733688979256,10,391.0,0.1314794232102965,1,10.0,0.7863180048237257,0,4.0,0.9017304834145232,0,8.0,0.9261024311747604,1,22.0,0.5707528661535721,0,0.0,0.9919439559327694,1,11.0,0.48587526787444446,0,4.0,0.5843902628493072,2,19.0,0.6626374929975133,15,469.0
2925.0,27,349.0,1.9942857142857142,9.06153394149275,13,341.0,0.16791668287776526,2,16.0,0.6875630456200432,0,4.0,0.8889417064153023,0,9.0,0.6938111437833627,2,23.0,0.6180270027442654,0,3.0,0.9363957796781475,1,15.0,0.3085152482660178,1,4.0,0.5878481287533207,1,22.0,0.6681026584839772,20,437.0
2930.0,31,386.0,2.1564245810055866,8.3760656727783,12,335.0,0.18562138772548586,0,5.0,0.7357934238349562,0,4.0,0.9380187872153422,3,35.0,0.5733142607385355,4,32.0,0.5459148991518531,0,0.0,0.9838823682351072,2,36.0,0.39409834548481937,1,9.0,0.5395445041497013,4,33.0,0.2061013753079158,26,489.0
2935.0,29,330.0,1.896551724137931,7.57138042871879,10,350.0,0.2110601494845994,1,7.0,0.6600169470962085,0,4.0,0.9314665764759896,2,37.0,0.5361654879470804,1,5.0,0.5652005932630492,0,2.0,0.9509969023534395,0,12.0,0.7005778881933389,1,5.0,0.44993491261344176,5,27.0,0.14531672470623777,20,449.0
2940.0,34,449.0,2.565714285714286,8.167348026268293,12,328.0,0.25001409536077174,3,18.0,0.5815021661831088,1,5.0,0.773082617725587,1,41.0,0.770573070638389,3,19.0,0.3924171893380782,0,2.0,0.8670565577488146,0,13.0,0.5556225915855219,1,18.0,0.47998653751636516,3,34.0,0.39332767364544036,24,478.0
2945.0,40,576.0,3.388235294117647,8.042896341968047,13,327.0,0.10086021365004512,2,21.0,0.6897992740579315,0,5.0,0.9544906666078994,2,32.0,0.616244476876673,5,40.0,0.3388160628217334,0,0.0,0.9438471454577811,1,18.0,0.6990786553722856,1,1.0,0.5458386896515233,3,40.0,0.24962906632998508,27,484.0
2950.0,32,499.0,2.9702380952380953,7.435741655350112,12,352.0,0.16215902821759468,1,16.0,0.6724824562096408,0,5.0,0.699926043851173,1,24.0,0.3308593526169984,6,58.0,0.1447478437738026,0,0.0,0.9350843795145155,0,1.0,0.5339963864817295,1,6.0,0.7923876922871753,2,35.0,0.4435009361475717,23,497.0
2955.0,38,512.0,3.029585798816568,7.532856342680115,9,312.0,0.25586434861129786,2,16.0,0.5276859530257444,2,7.0,0.47688477448907035,8,74.0,0.3230893193001819,3,63.0,0.21175831681849033,0,0.0,0.9213797917270186,1,4.0,0.4365749402339465,2,12.0,0.6787833300181018,0,21.0,0.7345296032150945,27,509.0
2960.0,39,594.0,3.473684210526316,7.29497797190519,9,273.0,0.14697531275280698,2,17.0,0.6568607641808875,3,15.0,0.18133352434084338,8,148.0,0.338771463558816,2,36.0,0.31102418523651676,0,4.0,0.908363714791125,2,13.0,0.3933603934391704,1,6.0,0.6291977944889725,1,8.0,0.6375093499288741,28,520.0
2965.0,33,388.0,2.2823529411764705,7.499047757567683,7,283.0,0.21652489740888103,0,10.0,0.8634610517683082,2,12.0,0.29969545552484234,5,112.0,0.5204864410967073,2,30.0,0.4524465722380859,0,0.0,0.9452678656370833,1,14.0,0.5127912102799768,3,20.0,0.46460739160655545,1,9.0,0.786526829399886,21,490.0
2970.0,29,230.0,1.393939393939394,7.999642300238917,10,280.0,0.227551112349497,1,8.0,0.610096872102539,3,23.0,0.2289697749812395,1,91.0,0.47284014506149014,2,32.0,0.7130209515937983,0,0.0,0.9229300086475647,1,16.0,0.6630415851653494,3,35.0,0.47310404490609975,2,15.0,0.43427902645277405,23,500.0
2975.0,31,261.0,1.5535714285714286,7.759036986484576,12,277.0,0.16486051884980282,1,10.0,0.7075869031292179,0,4.0,0.7595826043097342,2,70.0,0.4960319328237853,2,42.0,0.7257931982392045,0,0.0,0.9290636051857322,2,13.0,0.3640238630840549,1,14.0,0.6041806465435505,3,28.0,0.4829539916404154,23,458.0
2980.0,22,249.0,1.447674418604651,8.260318378460115,10,246.0,0.2938082848933293,0,7.0,0.9416136145356858,0,4.0,0.9271033519062296,2,105.0,0.4506787071203099,1,27.0,0.4383620521084176,0,0.0,0.9694167900051944,1,9.0,0.45705506010946567,2,23.0,0.6141335350369812,0,8.0,0.8154290925368283,16,429.0
2985.0,24,315.0,1.8103448275862069,9.343040464931082,9,233.0,0.39377070768662165,0,4.0,0.8194376432064979,0,4.0,0.9539911754115116,2,90.0,0.6531582843874814,3,21.0,0.4899899950527112,0,0.0,1.0,1,20.0,0.7121985295079002,1,34.0,0.7494028858363552,0,8.0,0.9565651879704643,16,414.0
2990.0,24,368.0,2.164705882352941,8.728221068777195,11,252.0,0.2140651850429822,0,4.0,0.9499390336055434,0,4.0,0.931633825563214,2,100.0,0.7121072668850552,3,36.0,0.5647138269406426,0,62.0,0.9101392667044322,1,33.0,0.5871516409816826,2,40.0,0.5875783552208343,1,40.0,0.717957483227464,20,571.0
2995.0,29,375.0,2.192982456140351,8.215851095651363,16,283.0,0.20318912990926175,0,4.0,0.9047282920495994,0,8.0,0.8766030523469992,2,78.0,0.6001348802814185,1,13.0,0.700274578959889,0,145.0,0.9785675993980195,2,14.0,0.40497132316733636,3,9.0,0.49419872883552124,1,33.0,0.644984965293045,25,587.0
3000.0,30,419.0,2.4792899408284024,7.671924592513137,16,352.0,0.22430573823433256,1,2.0,0.7700739426768014,1,12.0,0.744233868464464,2,71.0,0.5252505220349484,1,9.0,0.5935785759910304,0,0.0,1.0,1,23.0,0.4222022934717102,4,25.0,0.2728020020914552,1,14.0,0.6915351954315295,27,508.0
3005.0,36,389.0,2.261627906976744,8.017127429822374,16,323.0,0.11629238532939976,1,9.0,0.7517298802340113,1,6.0,0.7644307745595701,2,15.0,0.679291513709658,2,18.0,0.32657833797956104,0,25.0,0.958425413746621,3,37.0,0.5176799800285387,6,47.0,0.46981204349179356,1,15.0,0.6912404293210026,32,495.0
3010.0,35,291.0,1.7530120481927711,7.3836765244467815,14,281.0,0.11059622189784202,2,15.0,0.627119034074663,1,7.0,0.7946232023528629,4,21.0,0.4802634229729407,2,18.0,0.3277728703924731,0,0.0,0.927033283039417,2,11.0,0.3251480735152702,4,41.0,0.4791075996706062,0,8.0,0.9364307977398705,29,402.0
3015.0,33,333.0,1.9821428571428572,8.034542394684147,13,283.0,0.20653037181021353,2,25.0,0.46942073214818486,1,16.0,0.8034747178284405,7,51.0,0.26336208168451525,0,7.0,0.4728313666328435,0,0.0,0.9373966299093037,2,10.0,0.5024777785020752,2,27.0,0.5581578990152815,0,9.0,0.7607774476386242,27,428.0
3020.0,39,368.0,2.1775147928994083,7.537934960515593,14,327.0,0.26081484738280536,1,8.0,0.46380314146824475,2,10.0,0.5977964125562883,6,36.0,0.34187794987135145,1,12.0,0.5834810596813175,0,0.0,0.9231845224494165,3,25.0,0.47517059981365173,3,28.0,0.36789247831094574,2,16.0,0.7026663606185111,32,462.0
3025.0,24,228.0,1.3734939759036144,8.038335447721202,12,316.0,0.19831362802853383,1,9.0,0.5042031743574696,0,8.0,0.710128247030367,1,21.0,0.5645797630596541,0,10.0,0.9046269517463641,0,0.0,0.9573401436409918,1,17.0,0.6257360383270616,4,18.0,0.3519092932133081,2,47.0,0.6035640570916689,21,446.0
3030.0,27,258.0,1.5636363636363637,8.354704997790126,12,330.0,0.20167711086669682,1,14.0,0.4620494447854134,1,10.0,0.6776577202815327,2,22.0,0.6098371816544832,0,10.0,0.7683800805103012,0,0.0,0.9049092255436819,1,36.0,0.7883411785134508,5,32.0,0.24276218297160418,4,74.0,0.5401306731405949,26,528.0
3035.0,37,376.0,2.2650602409638556,7.839795482177743,13,343.0,0.201031084268893,0,0.0,0.3875544672589238,2,19.0,0.5440138527442354,3,18.0,0.5910303866051578,3,15.0,0.5026874843474357,0,0.0,1.0,2,39.0,0.46302243707007723,6,53.0,0.28412080522138816,5,83.0,0.5416105735981308,34,570.0
3040.0,27,356.0,2.1317365269461077,7.164060106917766,14,383.0,0.1563789351633949,0,0.0,0.9267427327284932,0,0.0,0.9465117233465273,2,25.0,0.557575804137106,3,23.0,0.2539491671579493,0,65.0,0.9640485341834688,2,47.0,0.3230380749530593,2,22.0,0.16344417281259604,3,50.0,0.5645220446384613,26,615.0
3045.0,32,274.0,1.621301775147929,7.583408813081521,12,408.0,0.1342301323605797,0,0.0,0.8126650630095225,1,6.0,0.5825143457705038,5,53.0,0.5005001307217206,3,41.0,0.33267471322275327,0,65.0,0.9759662961992625,2,29.0,0.355377357188198,3,31.0,0.49066438545167534,2,39.0,0.6288426246929021,28,672.0
3050.0,39,365.0,2.1726190476190474,7.774988273427268,11,344.0,0.17837493918256814,0,0.0,0.9527389364871086,2,14.0,0.6316742417447795,3,29.0,0.5740495637108601,4,43.0,0.4341510418783081,0,0.0,0.9701202949165697,2,26.0,0.3755673838285984,3,27.0,0.6451532243020334,4,47.0,0.32496160977217287,29,530.0
3055.0,24,258.0,1.5176470588235293,7.884263350600423,10,332.0,0.1450601636062081,1,1.0,0.7293215328354747,0,5.0,0.8808227068435862,1,19.0,0.6825897976262291,2,11.0,0.614147157984761,0,1.0,0.9316600140566376,2,7.0,0.2020723431589107,1,22.0,0.8330971405469784,2,35.0,0.46143414192470134,19,433.0
3060.0,27,235.0,1.3742690058479532,8.446453560426344,10,331.0,0.25662845241647575,2,11.0,0.5523346344534066,0,4.0,0.8593339603841947,3,33.0,0.6408733220439287,1,19.0,0.742618211707454,0,53.0,0.8357994134596399,1,19.0,0.708072508597799,4,31.0,0.5001478194677292,0,18.0,0.5247482533105817,21,519.0
3065.0,30,284.0,1.6608187134502923,8.363388808568402,12,286.0,0.1953702679682712,1,10.0,0.5116194384388959,0,15.0,0.9187686210222032,3,28.0,0.5638718479540975,3,33.0,0.5189254077739639,0,55.0,0.9535091738150405,1,29.0,0.6987710742430892,5,57.0,0.3304682171294414,1,13.0,3.2532008624755525e-05,26,526.0
3070.0,27,317.0,1.8538011695906433,8.181507890097038,11,311.0,0.245723043554081,1,9.0,0.6186513024818835,0,15.0,0.8036523480151584,2,25.0,0.5050442689791185,3,42.0,0.4187602798509715,0,2.0,0.9685002103424825,1,115.0,0.6084065892529917,6,63.0,0.34251058369717924,0,0.0,0.9213954079605123,24,582.0
3075.0,23,212.0,1.2325581395348837,8.305801290409887,9,283.0,0.2458700696263019,2,15.0,0.3081013223111144,2,22.0,0.6692639492444776,5,59.0,0.31658397069683025,1,30.0,0.2893871760060358,0,2.0,0.9022535844178972,1,97.0,0.4963879863719625,2,63.0,0.40773965819045566,0,2.0,0.8596974274503459,22,573.0
3080.0,25,253.0,1.4624277456647399,8.533419753423209,8,293.0,0.24289220788069268,1,10.0,0.4580160197581548,5,38.0,0.6232958054930396,3,53.0,0.4637178325734585,2,27.0,0.48520020931492436,0,22.0,0.845996281511146,2,106.0,0.5868653506313967,4,75.0,0.25542079636367904,0,7.0,0.8876428289208436,25,631.0
3085.0,19,190.0,1.1176470588235294,8.407187788651457,12,276.0,0.1733132211664777,0,0.0,0.9325813747625414,1,12.0,0.8451231481709065,1,37.0,0.7542509021520064,1,20.0,0.7063081363985324,0,3.0,0.9771271987309315,0,84.0,0.4513104221851776,4,48.0,0.27416140658439003,0,8.0,0.7727140561049487,19,488.0
3090.0,24,139.0,0.8081395348837209,9.079770688384771,11,277.0,0.2790169527021578,0,0.0,0.867487510150056,0,5.0,0.8776340299799038,1,32.0,0.6514323367930778,2,26.0,0.48527074136143,0,3.0,0.9997908668074907,2,97.0,0.5890988582858733,3,23.0,0.390349544978354,2,11.0,0.6973841882132231,21,474.0
3095.0,34,274.0,1.583815028901734,8.330249186904618,13,262.0,0.20611509709060197,0,0.0,0.10166923836541146,2,10.0,0.6533649841945975,4,40.0,0.4295885454852179,5,39.0,0.25298200134969023,0,0.0,1.0,2,97.0,0.6441714642548274,3,16.0,0.44045176712715034,2,21.0,0.6156833056411103,31,485.0
3100.0,28,240.0,1.3793103448275863,8.075963158935291,13,295.0,0.22333951596679189,0,0.0,0.6435065431129103,4,16.0,0.5831148704930995,3,26.0,0.4009928182092535,3,24.0,0.42457288260362575,0,0.0,1.0,1,17.0,0.467340130832923,0,0.0,0.9181152195718149,2,10.0,0.29378741993474955,26,388.0
3105.0,20,213.0,1.2241379310344827,8.910834529640143,10,322.0,0.06903579555221713,0,0.0,0.8725167690556537,1,19.0,0.6415754101585802,4,39.0,0.38699380860896126,0,11.0,0.5362094881803068,0,4.0,0.9977348077251982,1,37.0,0.717276805570801,0,8.0,0.7059899999133991,1,13.0,0.6934621896157632,17,453.0
3110.0,29,338.0,1.9314285714285715,8.817660433244562,11,333.0,0.06404050465525209,0,0.0,0.6951066418532966,3,26.0,0.6244620780437633,6,67.0,0.40708370757533563,1,14.0,0.6072657955414816,0,0.0,1.0,3,52.0,0.481014646871812,1,12.0,0.5627058134958111,1,18.0,0.797397470216164,26,522.0
3115.0,26,369.0,2.1085714285714285,8.268054704919658,10,325.0,0.0926063455184685,1,3.0,0.5901527602246165,1,14.0,0.5940464323374418,3,58.0,0.6086973191499732,0,4.0,0.9627765989240478,0,0.0,0.7483722197903852,3,45.0,0.33637218977988764,2,22.0,0.5636627812271112,0,4.0,0.9107583972992643,20,475.0
3120.0,17,189.0,1.105263157894737,8.63272924516614,7,255.0,0.29738694408913807,1,8.0,0.6175401992263992,0,5.0,0.859052395574799,1,52.0,0.48742348257582707,0,4.0,0.6976756097938946,0,0.0,0.826640162912496,1,38.0,0.6416702912284565,2,24.0,0.3225899906256815,2,2.0,0.5963080733498444,14,388.0
3125.0,19,187.0,1.106508875739645,8.34431873261316,4,204.0,0.3323503445450476,0,0.0,0.9004766136750737,0,0.0,0.9147566366646986,3,35.0,0.5235983628621618,2,7.0,0.40495693042381004,0,0.0,0.7020574351036659,1,16.0,0.6093386872978734,2,38.0,0.2845003222732641,3,13.0,0.5432651173214417,15,313.0
3130.0,17,193.0,1.155688622754491,8.40378618373118,6,163.0,0.27012144018099593,0,0.0,0.929765822511686,0,4.0,0.9040723212019819,3,33.0,0.39004575782332906,0,0.0,0.783112823373965,0,0.0,0.9595470185004311,1,8.0,0.5955097903757528,1,20.0,0.47338846293819736,0,4.0,0.6766563409321371,11,232.0
3135.0,23,210.0,1.2352941176470589,9.019964485245424,6,168.0,0.17691289238407804,1,1.0,0.6438189748299668,0,8.0,0.9206709673445722,5,45.0,0.3130034719739174,1,8.0,0.6638570444204027,0,0.0,0.926681732744193,2,42.0,0.5254459062721738,1,13.0,0.7707893642944378,2,16.0,0.6009507076340053,18,301.0
3140.0,37,289.0,1.7202380952380953,8.529353902139187,7,181.0,0.36633008808841666,0,0.0,0.9397110199397898,1,6.0,0.7637664517981627,11,86.0,0.19547673921754774,1,13.0,0.7918626395155096,0,0.0,0.9260745836080553,3,56.0,0.5307852401066232,2,19.0,0.6715628206320755,4,34.0,0.5191018654777566,29,395.0
3145.0,33,334.0,1.9763313609467457,7.139120584176851,7,210.0,0.2842359183402771,0,0.0,0.599513646116807,2,10.0,0.6831970056761089,7,72.0,0.2689513575290543,0,4.0,0.6925709867447016,0,4.0,0.9687579497241177,3,49.0,0.08380210920858375,2,29.0,0.6113957620229075,3,17.0,0.2310899777097989,24,395.0
3150.0,32,301.0,1.7705882352941176,7.736280234180051,9,210.0,0.13037478720546444,1,3.0,0.5573714238566226,3,16.0,0.6623397813101773,1,79.0,0.41576765595625836,1,12.0,0.6516581861088392,0,5.0,0.9229823078767961,2,65.0,0.14219090290694333,2,24.0,0.3215398180194214,3,18.0,0.3707870777112667,22,432.0
3155.0,30,326.0,1.9878048780487805,8.13717370134529,6,189.0,0.16332512251862008,0,0.0,0.9528893542375911,4,34.0,0.48582612196768765,1,53.0,0.6085497340019029,1,21.0,0.6873083697960897,0,5.0,0.9663556249231198,2,40.0,0.3130185431955283,4,47.0,0.4941902078793015,4,37.0,0.393291832836611,22,426.0
3160.0,22,336.0,2.0240963855421685,8.359103979783827,4,185.0,0.3089920100469195,0,0.0,0.9590694429194535,3,22.0,0.5406293382009375,2,35.0,0.5351910073449242,0,12.0,0.8043849237951143,0,1.0,0.9813756599203733,0,18.0,0.8415129020805905,4,67.0,0.44482849410793185,2,19.0,0.5114280599217942,15,359.0
3165.0,19,283.0,1.7048192771084338,8.352786336016571,4,190.0,0.33050662299978373,0,0.0,0.7438717940905355,0,9.0,0.6173291766636867,4,32.0,0.2786453476216394,1,9.0,0.5312740546071767,0,1.0,0.9310801054734067,0,53.0,0.7244038787834628,3,45.0,0.41241948007038565,3,15.0,0.45272124407124353,15,354.0
3170.0,23,330.0,2.0245398773006134,8.587598245062575,6,217.0,0.18203953042254997,0,0.0,0.973615229647196,2,6.0,0.5290063911445552,5,56.0,0.4205040883271635,4,22.0,0.4837103517672128,0,0.0,1.0,0,55.0,0.6141715392967784,0,4.0,0.5814171164601449,3,27.0,0.3159000292669741,20,387.0
3175.0,28,419.0,2.5864197530864197,8.624626894449557,8,254.0,0.12945792906906284,0,0.0,0.97339670354571,0,4.0,0.6581076336583446,7,82.0,0.44118068665355303,2,20.0,0.631355766382526,0,0.0,0.9293126369213386,2,69.0,0.5985340061471778,1,6.0,0.5531452781854054,2,16.0,0.3784505141777696,22,451.0
3180.0,26,400.0,2.5,8.224324347447709,7,274.0,0.3871386311906718,0,0.0,0.6038546428443385,2,9.0,0.7208923030940761,7,98.0,0.39082832847354443,0,5.0,0.7438944960539593,0,0.0,0.9355482960868485,4,78.0,0.3219147667847221,0,4.0,0.5055001229320197,1,8.0,0.49175897237048605,21,476.0
3185.0,16,305.0,1.9426751592356688,9.09465368163872,3,270.0,0.3817419390425432,0,0.0,0.9088613770663649,2,19.0,0.6862798717601337,2,102.0,0.5313633846244236,1,9.0,0.7717399459936111,0,0.0,1.0,4,90.0,0.35205947437280577,1,13.0,0.6310059132924576,2,17.0,0.6320087777503015,15,520.0
3190.0,20,344.0,2.1910828025477707,8.680086981469984,7,258.0,0.1768848462504938,0,0.0,0.9174781891091275,0,8.0,0.8978868960854511,1,57.0,0.5240696902777889,1,7.0,0.5643676975079902,0,0.0,1.0,5,106.0,0.25773795564695856,1,18.0,0.6570842601527386,0,72.0,0.8943570679810402,15,526.0
3195.0,18,260.0,1.6666666666666667,8.156160506597542,6,181.0,0.19063794114059515,0,0.0,0.8079402292681369,0,8.0,0.8454031146823908,2,48.0,0.4755434823347466,1,6.0,0.5205335744710643,0,12.0,0.9895644362386404,0,69.0,0.3196466219238886,0,8.0,0.9590229386448692,1,77.0,0.592890250033937,10,409.0
3200.0,24,166.0,1.0506329113924051,7.996523099875953,3,114.0,0.43119225333970485,0,0.0,0.9366510418138008,2,14.0,0.6132605658120469,2,30.0,0.5510146882816811,1,9.0,0.6134505755601773,0,12.0,0.8286712591851348,1,44.0,0.3470205538297524,1,5.0,0.6202671593899275,6,92.0,0.44123287005964446,16,320.0
3205.0,24,240.0,1.518987341772152,8.959030781695192,4,57.0,0.41112732566023713,0,0.0,0.8284108430942108,2,23.0,0.7153349359950306,4,44.0,0.5689930945679497,2,21.0,0.6661847678019277,0,0.0,0.9183131916865865,2,70.0,0.46529561894668703,1,10.0,0.7229925881801993,3,61.0,0.5535256346402415,18,286.0
3210.0,25,283.0,1.76875,8.223093548496099,3,59.0,0.5284252756558978,1,7.0,0.5950054335841723,0,14.0,0.6591233462780264,7,76.0,0.41151385355555475,2,31.0,0.6402314245277981,0,0.0,0.9857256385244453,2,63.0,0.4634659394390451,1,15.0,0.5437138016038681,2,21.0,0.4856335611194164,18,286.0
3215.0,28,251.0,1.578616352201258,7.907048629982853,3,62.0,0.21387725420892634,0,4.0,0.9215924150077809,2,16.0,0.6379826382537318,6,67.0,0.3892642763899805,0,8.0,0.9488273309891848,0,0.0,0.9619278031611678,4,79.0,0.29093675152876847,2,27.0,0.5158548287263784,4,26.0,0.17405327843878768,21,289.0
3220.0,29,291.0,1.8535031847133758,7.88904578792678,5,83.0,0.16990554040613992,0,4.0,0.971970755006077,2,34.0,0.7285999126456881,0,39.0,0.6251531272436072,0,8.0,0.6080877198807755,0,0.0,0.9351523907692721,6,105.0,0.3089304328194523,4,40.0,0.3938789983878052,3,19.0,0.31429095449238736,20,332.0
3225.0,22,279.0,1.7884615384615385,8.353704173192309,5,99.0,0.2685698129214961,0,8.0,0.9223558858935967,0,12.0,0.8117101328686939,1,20.0,0.7301498029642004,1,14.0,0.5476140912580811,0,0.0,1.0,5,119.0,0.3832815754841475,2,41.0,0.5556648549686366,1,11.0,0.7164840901669477,15,324.0
3230.0,23,305.0,1.9426751592356688,8.456839720033543,4,113.0,0.4923182366301559,0,8.0,0.9153041432285732,3,22.0,0.48859029579660224,1,18.0,0.7430576409218587,1,10.0,0.5134742452143994,0,8.0,0.9776538650750254,3,142.0,0.36230192896684427,1,35.0,0.5919476777803164,2,38.0,0.5985463263980491,15,394.0
3235.0,29,366.0,2.2732919254658386,8.51001254026201,5,134.0,0.3064390424792098,0,4.0,0.9352466818892853,6,46.0,0.32530220870920407,3,27.0,0.5901878096425226,2,17.0,0.5540072657216465,0,9.0,0.991431841530047,6,145.0,0.28824999560566983,1,40.0,0.6923083818077427,0,26.0,0.7311636081944727,23,448.0
3240.0,23,329.0,2.0308641975308643,8.850627244638648,3,89.0,0.42755905513566145,0,4.0,0.7389999637806229,4,34.0,0.6560179747287486,1,20.0,0.5846009451633583,3,22.0,0.6404195234078708,0,9.0,0.9668401648071232,4,137.0,0.37297715868461706,1,45.0,0.6032386895459254,1,10.0,0.5711477832283239,17,370.0
3245.0,19,187.0,1.147239263803681,8.654759982300352,0,49.0,0.4782520991826647,0,4.0,0.9608652113391647,0,32.0,0.4746258816996517,3,22.0,0.375733146804157,2,24.0,0.7045858472006039,0,0.0,0.9327895094283835,2,63.0,0.49298359005894643,3,9.0,0.4863844905943468,2,11.0,0.4595263913683789,12,214.0
3250.0,26,258.0,1.5828220858895705,8.588134714356553,2,13.0,0.42162220765159847,0,4.0,0.8200764875331846,2,20.0,0.6765311857717623,6,46.0,0.2769204377054728,1,19.0,0.43703469697091096,0,3.0,0.9606698501263842,3,57.0,0.3711878222802366,5,29.0,0.39767231989523394,2,24.0,0.3261453306629771,21,215.0
3255.0,29,233.0,1.3952095808383234,7.948753528508019,3,16.0,0.4595904444333931,1,6.0,0.47066651245021296,2,29.0,0.5861629685415978,4,26.0,0.1690165176749797,5,19.0,0.12617224566828375,0,0.0,0.9851955539959499,2,47.0,0.5390827644669571,7,53.0,0.28587170943150453,1,5.0,0.6392995507385878,25,201.0
3260.0,20,140.0,0.8433734939759037,8.328141861730206,3,35.0,0.5341803621052259,0,0.0,0.9596231776932659,3,44.0,0.5916039542578527,2,33.0,0.4110382926944994,3,28.0,0.474554698555767,0,0.0,0.9521910633356938,3,161.0,0.28816139624835885,3,35.0,0.5780677275489782,2,12.0,0.47737839922013336,19,348.0
3265.0,23,203.0,1.1941176470588235,9.2344269876208,3,46.0,0.4836083509267041,0,0.0,0.5919744843728018,3,55.0,0.5974378934609157,3,28.0,0.5508930292651344,0,13.0,0.7495595150941009,0,3.0,0.9602779139634963,5,190.0,0.28108316700483554,1,19.0,0.6395034712556122,2,26.0,0.5531723573216695,17,380.0
3270.0,17,170.0,1.0,9.442177545082064,5,68.0,0.42877339639643186,0,0.0,1.0,1,19.0,0.6783458375103155,2,31.0,0.6190075488625736,0,16.0,0.838345931405016,0,3.0,0.8549664499391214,2,158.0,0.5218046459933088,2,11.0,0.4857712318446344,1,10.0,0.7095667706836094,13,316.0
3275.0,15,106.0,0.6463414634146342,9.088274360625288,2,56.0,0.5138824804041463,0,0.0,1.0,0,0.0,0.7146756861384272,3,24.0,0.5040002032874054,2,21.0,0.7340893692059531,0,0.0,0.7728896623952094,2,173.0,0.5030789387107781,3,29.0,0.4314062593366841,0,8.0,0.9090033521004132,12,311.0
3280.0,26,181.0,1.1528662420382165,7.653275551352592,4,52.0,0.2337984783678459,0,0.0,1.0,2,7.0,0.4433410190655809,5,34.0,0.3980694773218167,0,16.0,0.7548793624139506,0,0.0,1.0,3,216.0,0.4305993674118142,5,52.0,0.4009817096820054,1,9.0,0.7215378688966809,20,386.0
3285.0,29,253.0,1.5911949685534592,7.40316557838566,4,68.0,0.2516382321563292,0,0.0,1.0,1,4.0,0.6577925183476313,4,37.0,0.46908728336328215,3,22.0,0.5021485204419359,0,0.0,1.0,4,91.0,0.4347142491279646,5,73.0,0.35659729744982904,0,4.0,0.6491604050655732,21,299.0
3290.0,27,281.0,1.8012820512820513,7.8249384325181905,4,76.0,0.29925285005280455,0,0.0,0.9188322094449382,0,0.0,0.9322275374071461,1,18.0,0.6190409868225778,5,47.0,0.4361731665141374,0,5.0,0.9892071014939057,4,106.0,0.36940735074030556,5,66.0,0.40363116855082004,3,23.0,0.5914774580379388,22,341.0
3295.0,26,339.0,2.1320754716981134,8.442515165576577,2,76.0,0.5571444877792446,0,0.0,0.6502268991257091,0,4.0,0.8962000154358546,2,18.0,0.5732282989752252,4,34.0,0.41853281001650816,0,5.0,0.9025877787070237,5,89.0,0.3508180393216428,3,65.0,0.4623705559771884,3,27.0,0.26688991263916784,19,318.0
3300.0,23,313.0,1.9936305732484076,8.13024357029759,2,80.0,0.3482958597004946,1,3.0,0.4428076830378563,0,4.0,0.9443947392271563,2,15.0,0.5417846397431201,3,32.0,0.4423703757679493,0,0.0,1.0,3,60.0,0.3677694536227538,3,74.0,0.4228023972298942,2,15.0,0.009056367938523656,16,283.0
3305.0,24,294.0,1.849056603773585,8.484644140514346,2,35.0,0.3227010695195526,0,0.0,0.9503219576720289,0,4.0,0.7432119139569572,3,27.0,0.512003413866723,6,49.0,0.43977228396872803,0,3.0,0.9473964978348783,4,57.0,0.3754396737726151,3,90.0,0.4305140081172194,1,12.0,0.650173943564835,19,277.0
3310.0,27,217.0,1.4090909090909092,8.614318650942945,2,15.0,0.2857786221921862,0,0.0,0.9572754800049945,2,16.0,0.7479222915561083,6,52.0,0.47450237333690704,2,29.0,0.6800322793050118,0,3.0,0.9572167923326953,5,85.0,0.3485683272806305,2,29.0,0.6057457584460787,1,9.0,0.6524245216772139,20,238.0
3315.0,22,218.0,1.4064516129032258,7.942649212364575,3,29.0,0.4429050618346986,0,0.0,0.9699517522083717,1,13.0,0.727626928948225,3,42.0,0.29021550975395866,1,21.0,0.5192820406908775,0,0.0,1.0,1,49.0,0.4333915370120308,4,44.0,0.5773794402943938,1,14.0,0.5808035010922721,14,212.0
3320.0,28,250.0,1.6129032258064515,8.385354198398382,2,24.0,0.6088872551269261,0,0.0,0.5330389387608161,0,8.0,0.8098160269400595,1,47.0,0.47667392355832006,3,24.0,0.4129621652089806,0,0.0,0.9754422447123884,5,43.0,0.1916063907133882,4,64.0,0.5130586998517711,0,4.0,0.6189192654626999,15,214.0
3325.0,35,380.0,2.4675324675324677,7.696945514348771,3,38.0,0.49961037704232525,1,3.0,0.23449078290215009,1,12.0,0.646451165771428,0,15.0,0.6483059482734839,6,27.0,0.37947188399692244,0,17.0,0.8149042531449796,5,75.0,0.28660138827325554,3,70.0,0.30734398101763183,0,4.0,0.9217939428077879,19,261.0
3330.0,27,295.0,1.891025641025641,7.739488134798187,4,54.0,0.39904824496829355,1,8.0,0.4959787990824606,0,8.0,0.7742835248984001,0,7.0,0.42742700777014414,2,27.0,0.5351911273255212,0,17.0,0.9432787123929414,3,65.0,0.39918987291227154,4,85.0,0.3379283405229068,0,4.0,0.7756555690208166,14,275.0
3335.0,23,278.0,1.793548387096774,8.305614076737074,3,48.0,0.5074319742305552,0,0.0,0.9123789029697927,1,11.0,0.6036421932516467,1,15.0,0.7113215538522023,2,25.0,0.5156547206686547,0,0.0,0.9583266082786567,1,55.0,0.5498083974415539,3,100.0,0.47781573050617726,0,6.0,0.6351103601833077,11,260.0
3340.0,24,263.0,1.64375,8.450937297650167,3,32.0,0.32793495926254834,0,0.0,0.9565416140887404,4,33.0,0.6170206956229839,2,23.0,0.7457392619015771,0,0.0,0.6478470017472315,0,0.0,0.9268605145054327,1,104.0,0.5500999257874513,4,67.0,0.3100138661798181,0,6.0,0.935530502720491,14,265.0
3345.0,23,242.0,1.5316455696202531,8.327771607615164,6,51.0,0.1381296869138567,0,0.0,0.9363525109270167,2,26.0,0.5813961804558752,3,40.0,0.5116248997789643,2,12.0,0.5646619629228261,0,26.0,0.7460778445499527,0,105.0,0.6010732550365062,2,42.0,0.44261950291626284,0,30.0,0.6890997373353402,15,332.0
3350.0,24,215.0,1.360759493670886,8.08956703280813,4,37.0,0.22148825856123514,0,0.0,0.9356551327315553,1,22.0,0.5841077341108923,3,25.0,0.3387843511283055,2,26.0,0.42870647158795927,0,26.0,0.9619384584771261,2,126.0,0.4500327120956099,4,24.0,0.31585564204839234,1,56.0,0.7424277867847546,17,342.0
3355.0,22,224.0,1.4451612903225806,9.243058854422449,2,46.0,0.5676985944177194,0,0.0,0.9081043452694875,3,23.0,0.5282160293307083,0,6.0,0.7136292465317254,3,22.0,0.6179063383308553,0,0.0,0.6498027522768846,5,154.0,0.3801903350031513,2,8.0,0.4408300802962944,1,46.0,0.7614621301655049,16,305.0
3360.0,18,168.0,1.0980392156862746,9.475741154778254,3,37.0,0.5189162160721202,0,0.0,1.0,1,7.0,0.8448516191622899,1,10.0,0.727852355619218,0,13.0,0.7262521206691366,0,0.0,0.8769701571933443,5,147.0,0.37410834567860285,3,30.0,0.4115985765046007,1,24.0,0.5486498515584716,14,268.0
3365.0,18,186.0,1.2,9.28275237337749,3,31.0,0.5090465294464748,0,0.0,1.0,1,12.0,0.6792422981825719,1,11.0,0.657076052145938,1,13.0,0.5456756256766855,0,1.0,0.7393245887802724,1,170.0,0.42158480434772255,4,50.0,0.48402098374360564,3,31.0,0.45943243963820474,14,319.0
3370.0,17,136.0,0.8662420382165605,9.048704311280108,3,46.0,0.4530266782949693,0,0.0,0.9114790035379194,3,29.0,0.6004092973372502,2,14.0,0.7258167771484962,2,15.0,0.40955347198168657,0,26.0,0.7512897008047936,3,121.0,0.3653026067762897,2,42.0,0.5415921139406012,2,10.0,0.03945432937969675,17,303.0
3375.0,18,136.0,0.8947368421052632,8.658289656425334,4,65.0,0.30106642481518264,0,0.0,0.782102237161557,3,27.0,0.605530456082689,1,1.0,0.5340274251562929,2,21.0,0.2587060936162156,0,0.0,0.9392294204864718,3,74.0,0.3314014200988988,2,42.0,0.5240376428905381,2,17.0,0.46058402058134673,17,247.0
3380.0,25,185.0,1.1935483870967742,8.751903587031448,5,59.0,0.3494451502394851,0,0.0,0.9281798036869581,1,23.0,0.6945546253578159,4,16.0,0.16836526760328735,4,36.0,0.28015240712776684,0,0.0,0.7488696166926102,3,95.0,0.32251050270235876,5,58.0,0.42176408424458817,2,27.0,0.5588971877384248,24,314.0
3385.0,25,192.0,1.2307692307692308,8.376738423251137,0,37.0,0.44823524722496283,0,0.0,0.9729983757517766,2,22.0,0.6441777521953902,5,27.0,0.1291778873407121,2,28.0,0.48982361543103625,0,0.0,0.9527806585229579,6,72.0,0.2047217124093424,2,58.0,0.3686897922916551,1,19.0,0.6660017659296722,18,263.0
3390.0,16,148.0,0.9736842105263158,8.104241710985066,1,22.0,0.5231974833000862,0,0.0,0.9430899138090141,0,4.0,0.7610413967698921,3,32.0,0.4882934552783153,0,4.0,0.5950292788252185,0,4.0,0.7487876720059853,3,32.0,0.31608561260854373,4,74.0,0.38678490496650303,1,17.0,0.5540273036212426,12,189.0
3395.0,15,167.0,1.0774193548387097,9.714142088916828,2,22.0,0.7271354631210406,0,4.0,0.9529189050545858,1,9.0,0.8076963741524277,0,21.0,0.7971806548785324,0,16.0,0.7936631673417932,0,30.0,0.7883352397743266,0,13.0,0.483125606948534,4,95.0,0.509920349787423,2,24.0,0.608577162789809,9,234.0
3400.0,22,160.0,1.0389610389610389,9.008842239137405,3,33.0,0.4561619072833646,1,5.0,0.685405065138583,2,19.0,0.6628128466137212,1,14.0,0.6810194447321266,0,16.0,0.9418655591576421,0,36.0,0.9112937178471358,2,7.0,0.48494423063886,4,35.0,0.4825949372335662,0,4.0,0.8407826050963013,13,169.0
3405.0,24,187.0,1.2384105960264902,8.691800295307774,7,54.0,0.290167825804453,2,12.0,0.2897521052640984,1,21.0,0.6789742190032715,3,22.0,0.5426096782183332,0,16.0,0.7695702494311923,0,19.0,0.937187009471783,0,2.0,0.610151884125876,6,48.0,0.4358470130648283,1,10.0,0.6598554001104695,20,204.0
3410.0,18,127.0,0.8355263157894737,8.226555195605544,4,35.0,0.13698796923672732,0,4.0,0.879625202231637,1,14.0,0.7780810615760805,2,20.0,0.43662870451544933,2,23.0,0.45275148868434106,0,23.0,0.8110297116057973,0,6.0,0.8383309691401726,5,73.0,0.4081566208474028,2,38.0,0.5526316744627993,16,236.0
3415.0,25,143.0,0.9285714285714286,8.410309358489801,4,35.0,0.26911109795840277,0,4.0,0.9597863978102966,1,12.0,0.7436479406699616,6,31.0,0.3989759623853458,2,22.0,0.6135334432065728,0,6.0,0.9736787784931078,0,4.0,0.6926221544498193,6,49.0,0.26102297646073525,0,46.0,0.6365197127989869,19,209.0
3420.0,20,171.0,1.0961538461538463,8.860058474915244,4,55.0,0.37069632281005593,0,8.0,0.9272017558147787,1,5.0,0.7183102810145761,6,64.0,0.45983082382149937,0,16.0,0.7182066192239287,0,7.0,0.9877148345411073,0,16.0,0.3860721312725956,4,51.0,0.17065244131194798,1,55.0,0.7318415828877852,16,277.0
3425.0,22,233.0,1.4746835443037976,8.64293083005064,4,79.0,0.29196103295813913,0,9.0,0.9057043596565126,1,6.0,0.7307258751231185,2,55.0,0.5002266590585571,1,11.0,0.7636299018317076,0,12.0,0.9452705843176236,2,11.0,0.4117895378576787,7,66.0,0.1792781484109801,1,14.0,0.7558023680685838,18,263.0
3430.0,15,126.0,0.7875,9.35146987146667,5,75.0,0.02197201498474066,0,9.0,0.8528270440833898,1,10.0,0.8266594202496675,1,11.0,0.7086046967212117,0,12.0,0.8897501257580716,0,11.0,0.9234761491855322,1,5.0,0.4860343208587933,3,34.0,0.45618300090634545,1,6.0,0.5317596226390198,12,173.0
3435.0,18,170.0,1.103896103896104,9.19553033815948,5,81.0,0.09699266145169715,1,12.0,0.7696640102532811,0,7.0,0.7609181183274011,2,17.0,0.4492502489197673,0,20.0,0.7634682380549259,0,0.0,0.7236111343816454,2,22.0,0.3444186238020882,3,57.0,0.44812019398765596,3,18.0,0.39589076969311404,16,234.0
3440.0,24,212.0,1.3766233766233766,8.904574701353573,5,101.0,0.1648002805746155,0,5.0,0.9301008293073477,2,15.0,0.7315853187687952,6,24.0,0.3210458576423232,2,17.0,0.6249228348874316,0,0.0,0.9466826980259733,0,28.0,0.30655694299386355,5,73.0,0.3078619002453101,2,25.0,0.6300657071539979,22,288.0
3445.0,18,176.0,1.135483870967742,8.813772071391504,2,78.0,0.6015360805387999,0,5.0,0.9195338707853334,2,23.0,0.5760173836718769,3,31.0,0.49029010614649027,1,9.0,0.6857141875724433,0,2.0,0.9706988471488085,1,31.0,0.5801603944922517,4,46.0,0.3824374814464505,1,5.0,0.3808826809398217,14,230.0
3450.0,19,222.0,1.4050632911392404,9.22215630012142,2,88.0,0.5736531456281462,1,3.0,0.48102654105739034,3,24.0,0.5546615470944641,4,45.0,0.49143936687199663,0,12.0,0.4342105939196727,0,2.0,0.9514653374292992,1,90.0,0.674281885932858,1,28.0,0.5708491149784182,1,10.0,0.661157985693109,13,302.0
3455.0,17,209.0,1.3571428571428572,9.408384844363717,2,104.0,0.5531002075415726,1,4.0,0.4002818923986473,2,21.0,0.5629494919312573,2,9.0,0.5205589322360705,1,17.0,0.6445278897770832,0,6.0,0.7693646967182776,2,98.0,0.5022080407769013,1,28.0,0.6766480508683601,1,15.0,0.6566154333496605,12,302.0
3460.0,19,264.0,1.736842105263158,9.115223564807978,4,122.0,0.5123303791412428,1,3.0,1.367380048313025e-05,4,30.0,0.35689803303544126,1,9.0,0.7163218431356014,1,14.0,0.7129458054876262,0,1.0,0.8837021225299787,1,98.0,0.3514293983870644,2,30.0,0.6332626796340903,1,20.0,0.5335084191496319,15,327.0
3465.0,21,177.0,1.1644736842105263,9.303604164328556,5,84.0,0.447098090997648,1,8.0,0.6441626016722775,4,25.0,0.47292537504598375,2,18.0,0.616802293766629,2,20.0,0.6590261365123355,0,18.0,0.9158651179194811,3,131.0,0.3601846951791321,1,12.0,0.5906492717349056,2,31.0,0.7175771497178313,20,347.0
3470.0,18,88.0,0.5751633986928104,7.64806322262963,2,41.0,0.32338019000997476,0,0.0,0.7664115216908929,1,13.0,0.5476826530255631,3,15.0,0.22118331121867327,4,33.0,0.28120537779007404,0,29.0,0.9444070716582131,2,70.0,0.3773601960599789,4,17.0,0.3101823560337932,1,7.0,0.749069468734516,17,225.0
3475.0,24,156.0,1.0,8.103661171745898,4,43.0,0.3631289955901177,1,7.0,0.4632957514748801,1,6.0,0.5339599426420806,2,15.0,0.45722474143488356,5,36.0,0.33496795902467136,0,0.0,1.0,2,50.0,0.3557384753447688,6,48.0,0.26576759559852636,2,22.0,0.6177652941976869,23,227.0
3480.0,25,193.0,1.2371794871794872,8.132268638088439,5,44.0,0.29440544167111643,2,15.0,0.3062846755465895,1,9.0,0.6272898115876078,2,19.0,0.4536285250823348,1,24.0,0.47335677885036975,0,0.0,1.0,4,52.0,0.1963261425174027,5,44.0,0.3867399505207623,3,37.0,0.4159426108116324,23,244.0
3485.0,18,122.0,0.782051282051282,8.606387199186752,5,57.0,0.3086919932472058,1,12.0,0.4644891553449725,1,18.0,0.7022339731742282,0,4.0,0.9406905934766107,2,17.0,0.6354332688818124,0,0.0,1.0,4,67.0,0.4766046912585843,1,15.0,0.4433205187478295,4,34.0,0.15652913805440957,18,224.0
3490.0,14,138.0,0.8789808917197452,9.40132385790841,7,74.0,0.23207052994426816,0,4.0,0.7761032218481552,1,19.0,0.8080136472208989,0,4.0,0.9596836157717407,2,22.0,0.6567423366417936,0,0.0,1.0,0,50.0,0.4883922199655979,1,14.0,0.5150497159067436,2,29.0,0.6007909535662174,13,216.0
3495.0,15,114.0,0.75,9.971150138916672,6,79.0,0.21313453697695445,0,4.0,0.9624943119286414,0,4.0,0.8538024448713238,1,7.0,0.8203174773326468,0,9.0,0.8523026536641113,0,0.0,0.9958087447143276,3,48.0,0.25819759209190857,2,8.0,0.5758568695314613,2,28.0,0.5843625704098134,14,187.0
3500.0,19,103.0,0.6821192052980133,8.831036155262398,4,88.0,0.33005449822998717,0,0.0,0.48745559279726736,2,8.0,0.4770741275580143,1,7.0,0.45027934703028805,0,5.0,0.855418049268944,0,0.0,0.9407603912778169,3,52.0,0.005238777140195178,2,18.0,0.6698279003336821,1,7.0,0.6752651537350748,13,185.0
3505.0,23,165.0,1.1224489795918366,8.942996284985634,5,77.0,0.2690674507388323,2,6.0,0.0023987058690990715,3,22.0,0.582485623632025,3,26.0,0.6011877456087802,1,11.0,0.41641488086038064,0,0.0,0.9451113734979175,2,26.0,0.391645633160347,2,32.0,0.658651417849069,2,16.0,0.6056276646306303,20,216.0
3510.0,20,168.0,1.0980392156862746,8.863107342781603,5,63.0,0.3452811822388916,2,16.0,0.0,1,13.0,0.6485193319901648,3,34.0,0.453406397442501,1,10.0,0.5685306870238852,0,0.0,0.8622665503848908,2,45.0,0.45799793079042733,2,15.0,0.5365584995239221,3,31.0,0.3096131795957048,19,227.0
3515.0,14,87.0,0.564935064935065,9.265960207463047,1,37.0,0.4699240277113763,1,11.0,0.0,1,5.0,0.5345861525205561,3,17.0,0.33306913259055054,1,13.0,0.595553475010813,0,0.0,1.0,2,39.0,0.4232793704178881,2,18.0,0.6918260127013147,2,10.0,0.5179092032512013,13,150.0
3520.0,8,54.0,0.36486486486486486,9.918425338725914,1,16.0,0.5031848200639449,0,0.0,0.8821817401559305,2,14.0,0.6234418534143585,1,10.0,0.7181863302944416,1,17.0,0.6010158460207734,0,0.0,1.0,1,15.0,0.45179029125176823,1,16.0,0.690299694365949,1,10.0,0.6284953244034525,8,98.0
3525.0,13,71.0,0.4930555555555556,9.659603742833545,0,11.0,0.5390977661508396,0,0.0,0.9630393678022033,1,13.0,0.8163886383683916,1,20.0,0.7952249777826805,2,26.0,0.6898149719569138,0,0.0,0.6452521347359305,2,10.0,0.3031594299482326,3,22.0,0.5318657380410136,2,20.0,0.5680659419500743,11,122.0
3530.0,15,92.0,0.647887323943662,9.034533267117817,2,28.0,0.4921528902348889,0,0.0,0.7804545768311804,0,4.0,0.8516668959682421,0,5.0,0.5988033332053764,3,33.0,0.4881688791059603,0,0.0,0.9656487776052053,1,6.0,0.3996286567011864,3,20.0,0.4171265580575759,3,34.0,0.47595219992064614,12,130.0
3535.0,29,140.0,0.9790209790209791,8.362784370254039,3,45.0,0.5318885790738018,1,1.0,0.46695566140814154,3,9.0,0.5263188551060072,3,9.0,0.25565141099870775,1,10.0,0.32770523068053814,0,0.0,0.9416195590003346,1,11.0,0.47800858654228856,6,40.0,0.0023956956187002887,3,25.0,0.6197784636065005,21,150.0
3540.0,21,122.0,0.8840579710144928,8.265640769224277,3,32.0,0.4281293496905963,1,6.0,0.6109843733499442,2,14.0,0.704127930366607,4,36.0,0.4660953253107056,1,10.0,0.3568416788496158,0,0.0,1.0,2,21.0,0.5079491086047574,3,25.0,0.34653130088490397,0,16.0,0.8216889300730407,16,160.0
3545.0,10,71.0,0.5071428571428571,9.128932861049512,2,39.0,0.45413311705863196,0,0.0,0.8999850381029626,0,9.0,0.8722855259328568,2,8.0,0.4944925716031935,1,14.0,0.418185621979122,0,0.0,1.0,0,19.0,0.5163064042495298,1,18.0,0.684855090780509,0,1.0,0.8227743560864275,6,108.0
3550.0,18,130.0,0.9219858156028369,9.206185063701641,4,46.0,0.256686403732202,1,1.0,0.0026372040178616702,0,4.0,0.7648750082706195,4,27.0,0.5956953190545909,0,13.0,0.7919455690813307,0,0.0,1.0,1,20.0,0.466577476267618,1,13.0,0.8384164350876582,0,5.0,0.5549418728686633,11,129.0
3555.0,18,181.0,1.3211678832116789,9.798696476092891,3,34.0,0.4396394182513974,1,6.0,0.0,0,4.0,0.9310359870808105,4,51.0,0.5084874021541206,0,12.0,0.9737091869364535,0,0.0,0.962372635184249,2,30.0,0.4858201371654997,1,6.0,0.7695276323452123,2,13.0,0.5198807844627712,13,156.0
3560.0,16,196.0,1.4202898550724639,8.989540767031402,2,39.0,0.5035471179517649,0,0.0,0.940753928687909,1,1.0,0.7231078294558329,3,38.0,0.4893404222813112,0,8.0,0.8359784515352435,0,0.0,0.9243884909915543,0,23.0,0.4075799142601257,3,13.0,0.30987622164438616,2,28.0,0.6423173890703514,11,150.0
3565.0,21,172.0,1.2285714285714286,8.343654583631908,3,56.0,0.631187876015763,0,0.0,0.9518267102266,1,6.0,0.7581531490028661,4,22.0,0.4158616100760271,1,5.0,0.4824312455405543,0,0.0,0.9510505314008764,1,5.0,0.5655333956238446,5,37.0,0.2571342242064638,2,34.0,0.593092273066591,17,165.0
3570.0,21,163.0,1.147887323943662,8.35105081687184,4,46.0,0.3687883578756493,0,0.0,0.2458899087636779,0,4.0,0.8893550026259265,6,53.0,0.2844381482541444,2,15.0,0.406111119405783,0,10.0,0.9821644472302311,1,17.0,0.34828403407944486,4,35.0,0.3134734376595002,0,5.0,0.7213576327509903,17,185.0
3575.0,16,125.0,0.8680555555555556,8.724596315988189,4,48.0,0.4615719700931333,0,4.0,0.9502167929140727,0,4.0,0.7752027189435263,2,31.0,0.6126671647369416,3,27.0,0.18277838552213801,0,10.0,0.9805854694491839,0,6.0,0.5236056313153615,0,17.0,0.6208612830513519,1,8.0,0.5215515801028846,10,155.0
3580.0,16,112.0,0.7724137931034483,9.056707645073898,6,74.0,0.3584348603611605,0,4.0,0.8884084292663632,0,4.0,0.9018356634302732,0,2.0,0.8977573471575787,1,16.0,0.6773145503398884,0,19.0,0.9697520760132533,0,30.0,0.7121824416074639,0,0.0,0.7221354210910126,2,22.0,0.46605874411863474,9,171.0
3585.0,13,107.0,0.7535211267605634,9.390595477776133,6,75.0,0.22149289593415564,0,4.0,0.9534851123541455,0,4.0,0.8895722866413065,0,8.0,0.8881447586977272,0,9.0,0.8927801097851535,0,0.0,0.9269173778704325,0,0.0,0.924195205877411,0,0.0,0.9323300911753551,1,14.0,0.7538805142309015,7,114.0
3590.0,7,91.0,0.6408450704225352,9.807463895358806,5,75.0,0.2649215782177896,0,4.0,0.9892197870526716,0,4.0,0.9021142224403947,0,8.0,0.911971360147005,0,8.0,0.8953955643473777,0,8.0,0.9570594889397024,0,26.0,0.5621697884440796,0,0.0,0.6846158141602358,0,4.0,0.6992977022669892,5,137.0
3595.0,14,146.0,1.006896551724138,9.456674036345001,5,102.0,0.24362502987161527,0,4.0,0.972409359955488,0,4.0,0.8774270842480665,0,12.0,0.8813044157376709,1,9.0,0.5348832629116577,0,1.0,0.9677565652651814,1,21.0,0.5876602064660714,1,9.0,0.6541627155026608,2,7.0,0.2738859607619352,10,169.0
3600.0,19,177.0,1.2377622377622377,9.015140653010949,6,96.0,0.2376628794170243,0,4.0,0.9238296876726417,0,4.0,0.8955031034352936,1,6.0,0.7856341343850298,1,14.0,0.3124614923376458,0,1.0,0.9684389150156069,3,33.0,0.31434783686351725,0,4.0,0.949978867972338,0,4.0,0.6805080580144494,11,166.0
