step,system_total_stopped,system_total_waiting_time,system_mean_waiting_time,system_mean_speed,2713455438_stopped,2713455438_accumulated_waiting_time,2713455438_average_speed,370205755_stopped,370205755_accumulated_waiting_time,370205755_average_speed,cluster_2713455439_370205651_370205726_stopped,cluster_2713455439_370205651_370205726_accumulated_waiting_time,cluster_2713455439_370205651_370205726_average_speed,cluster_2713455440_370205753_370205754_stopped,cluster_2713455440_370205753_370205754_accumulated_waiting_time,cluster_2713455440_370205753_370205754_average_speed,cluster_2713455441_492430579_492643882_stopped,cluster_2713455441_492430579_492643882_accumulated_waiting_time,cluster_2713455441_492430579_492643882_average_speed,cluster_370205730_370205735_5216485104_5216485107_#2more_stopped,cluster_370205730_370205735_5216485104_5216485107_#2more_accumulated_waiting_time,cluster_370205730_370205735_5216485104_5216485107_#2more_average_speed,cluster_4150407559_4150407560_491542284_492430582_#1more_stopped,cluster_4150407559_4150407560_491542284_492430582_#1more_accumulated_waiting_time,cluster_4150407559_4150407560_491542284_492430582_#1more_average_speed,joinedS_492643878_492643880_stopped,joinedS_492643878_492643880_accumulated_waiting_time,joinedS_492643878_492643880_average_speed,joinedS_492643897_541338683_stopped,joinedS_492643897_541338683_accumulated_waiting_time,joinedS_492643897_541338683_average_speed,agents_total_stopped,agents_total_accumulated_waiting_time
5.0,0,0.0,0.0,13.851468072036843,0,0.0,1.0,0,0.0,1.0,0,0.0,1.0,0,0.0,1.0,0,0.0,0.9601155765170619,0,0.0,1.0,0,0.0,1.0,0,0.0,0.9399809689446649,0,0.0,1.0,0,0.0
10.0,0,0.0,0.0,12.363350832621473,0,0.0,1.0,0,0.0,0.9298642643045166,0,0.0,0.9610519796151492,0,0.0,1.0,0,0.0,0.910738029157726,0,0.0,1.0,0,0.0,1.0,0,0.0,0.9515419714696677,0,0.0,1.0,0,0.0
15.0,0,0.0,0.0,12.351389714925256,0,0.0,0.3669640803750712,0,0.0,0.9533467158279494,0,0.0,0.9280468868449977,0,0.0,1.0,0,0.0,1.0,0,0.0,0.9654029651745799,0,0.0,1.0,0,0.0,0.6598243520862284,0,0.0,1.0,0,0.0
20.0,0,0.0,0.0,9.771689355014601,0,0.0,0.6512556696345622,0,0.0,0.7311244222323051,0,0.0,0.9708162956546877,0,0.0,0.9366169207046438,0,0.0,1.0,0,0.0,0.9225712886351014,0,0.0,0.9468049625462124,0,0.0,0.5236663796834639,0,0.0,0.4599381688969965,0,0.0
25.0,1,3.0,0.10344827586206896,10.46681702053716,0,0.0,0.44424678225601116,0,0.0,0.9612872416918501,0,0.0,0.9699345978879381,0,0.0,0.9615585875336621,0,4.0,0.39900042841951805,0,0.0,1.0,0,0.0,0.4418887877986929,1,3.0,0.5370625830658055,0,0.0,0.929881156353145,1,7.0
30.0,1,8.0,0.23529411764705882,10.975248736276779,0,0.0,1.0,0,0.0,1.0,0,0.0,0.9675592988894147,0,0.0,1.0,0,0.0,0.7409739111760912,0,0.0,1.0,0,0.0,0.6372943773614875,1,5.0,0.7131270801059348,0,0.0,0.9688228229370994,1,5.0
35.0,2,14.0,0.35,11.008102621202239,0,0.0,1.0,0,0.0,1.0,0,0.0,0.952085494561826,0,0.0,0.4184795697200621,0,0.0,0.9986253579906027,0,0.0,1.0,0,0.0,0.9493785700199244,1,5.0,0.7056867667706828,0,0.0,0.8924805232466951,1,5.0
40.0,3,21.0,0.4666666666666667,9.525927164773254,0,0.0,0.9422349343524109,0,0.0,1.0,0,0.0,0.7694590215584759,1,1.0,0.004773336266094814,0,0.0,0.37203573159105147,0,0.0,1.0,0,0.0,1.0,2,12.0,0.4417227164065287,0,0.0,0.8782405732317424,3,13.0
45.0,7,43.0,0.8775510204081632,8.682367190635135,0,0.0,0.6053539559156046,0,0.0,1.0,0,0.0,0.7791508765648147,0,0.0,1.0,1,3.0,0.49885651452988333,0,0.0,1.0,0,0.0,0.8596919517741046,4,29.0,0.2231324044976192,1,1.0,0.43080420948457343,6,33.0
50.0,10,83.0,1.537037037037037,8.9074162645525,0,0.0,1.0,0,0.0,1.0,0,0.0,0.9566737025057682,0,0.0,1.0,0,0.0,0.9161895294837371,0,0.0,1.0,0,0.0,0.47345528178830654,5,53.0,0.14427445073474032,4,15.0,0.31484852452579776,9,68.0
55.0,10,106.0,1.7377049180327868,7.9355045726998465,0,0.0,0.28720605221745066,0,0.0,1.0,0,0.0,0.963757534560673,0,4.0,0.8859331578297965,1,1.0,0.005573840772524402,0,0.0,0.9265298064153636,1,3.0,0.635598919432672,4,61.0,0.20746498497588783,3,21.0,0.18979939259057854,9,90.0
60.0,7,83.0,1.2388059701492538,8.89112046859455,0,0.0,0.6166677383857162,0,8.0,0.8779425293019557,0,0.0,0.9029798865850944,0,4.0,0.5818718662268694,1,9.0,0.2725005616597241,0,0.0,0.965607071603745,0,0.0,0.7206353380466989,4,60.0,0.19976840981169205,1,6.0,0.3679283330685488,6,87.0
65.0,11,129.0,1.8169014084507042,9.061241158902842,0,0.0,0.48792636394915795,0,8.0,0.9094363769438012,0,0.0,0.7690066505481333,2,6.0,0.0007712298607445854,1,10.0,0.5182873278364309,0,0.0,1.0,0,0.0,0.7709743418522087,5,67.0,0.2335817859650166,1,10.0,0.0,9,101.0
70.0,3,44.0,0.5714285714285714,9.681641679985741,0,0.0,1.0,0,8.0,0.91807271330848,0,0.0,0.9517807341228974,1,6.0,0.09432593893091702,0,0.0,0.8652614797528604,0,0.0,0.46012338132799213,0,0.0,0.8943397943921588,1,13.0,0.5963253289519913,0,0.0,0.8902477670337184,2,27.0
75.0,4,50.0,0.6097560975609756,10.72660202219325,0,0.0,0.9002684266793283,0,8.0,0.907861706563313,0,0.0,0.952433976870639,0,4.0,0.7447592412688094,0,0.0,0.8929898807345323,0,0.0,0.8648693619869188,0,0.0,0.5705637130525574,1,22.0,0.7028495760782606,0,7.0,0.8477779357927874,1,41.0
80.0,4,29.0,0.3372093023255814,10.22505949283098,0,0.0,0.9197602063135968,0,8.0,0.9141969526833678,0,0.0,0.9206770600352602,0,8.0,0.944714355143498,1,5.0,0.5318514901114961,0,0.0,0.510955300103126,1,5.0,0.19822676828311991,1,27.0,0.7511205098174071,1,49.0,0.6437907776184798,4,102.0
85.0,6,27.0,0.2967032967032967,9.407407862161742,0,3.0,0.6365640210113696,0,8.0,0.701788906456668,0,0.0,0.8772794438458236,0,4.0,0.9874945576657089,3,15.0,0.4210012734024275,0,0.0,1.0,1,10.0,0.2578416043429234,0,6.0,0.6093118739639485,1,46.0,0.769908347293961,5,92.0
90.0,11,37.0,0.3894736842105263,8.407498963337314,1,7.0,0.46799114263201047,1,10.0,0.032506543621963535,0,0.0,0.9791135306891251,0,0.0,0.9359631209451778,2,15.0,0.5652112328093215,0,0.0,1.0,0,0.0,0.041921609339024946,1,1.0,0.514831895024053,1,45.0,0.6111620089930664,6,78.0
95.0,14,74.0,0.7474747474747475,9.02477719992107,0,3.0,0.9375329891089511,3,30.0,0.5430119392442124,0,0.0,0.9564166671399568,0,4.0,0.7465349210916731,0,10.0,0.6247489160007466,0,0.0,1.0,1,5.0,0.4593748934999566,1,6.0,0.6765939650132462,3,18.0,0.5360470424786874,8,76.0
100.0,14,121.0,1.174757281553398,9.36443967469824,1,8.0,0.7196014790917321,3,45.0,0.5297271474824827,0,0.0,0.9447424490330073,1,7.0,0.7803832885241753,1,6.0,0.7056803228509815,0,0.0,1.0,2,14.0,0.4719879343024852,0,0.0,0.8302493557306132,3,34.0,0.420621369548305,11,114.0
105.0,10,92.0,0.8761904761904762,9.365965273419217,1,9.0,0.7569609569703338,1,20.0,0.7264203331297201,0,0.0,0.6464323536253388,1,12.0,0.7915164042637357,0,2.0,0.9103062368125443,0,0.0,0.8760661856076482,4,42.0,0.4160650365195134,0,0.0,0.8862585637912473,2,31.0,0.5173900293517932,9,116.0
110.0,13,88.0,0.8,9.10373839464637,1,6.0,0.5306878216367934,0,7.0,0.9286870968345787,1,4.0,0.7491546624854408,1,19.0,0.7689404462211811,0,6.0,0.6364854307783012,0,0.0,0.8054398628879134,2,26.0,0.618944669874792,2,8.0,0.6072791892387861,2,45.0,0.4086187080887139,9,121.0
115.0,18,96.0,0.8347826086956521,8.851413320246259,1,5.0,0.6155291273232482,0,4.0,0.9425559628358782,0,0.0,0.9603216516865023,3,24.0,0.4629882732000081,3,13.0,0.48104717217049514,0,0.0,1.0,0,18.0,0.6640369364313844,3,16.0,0.43284565558701243,4,59.0,0.18453178126756425,14,139.0
120.0,17,105.0,0.8974358974358975,8.878063890570692,2,15.0,0.313629571120014,0,4.0,0.9883318235320059,0,4.0,0.9085077750560304,0,13.0,0.4447608905841115,4,19.0,0.29708409446842665,0,0.0,1.0,3,24.0,0.4335000022133266,1,18.0,0.555072326812801,3,43.0,0.31772832793128364,13,140.0
125.0,12,70.0,0.5882352941176471,8.821019800510918,2,20.0,0.2933253720791243,0,4.0,0.9240676113470658,0,4.0,0.8593963124646338,3,15.0,0.4604090255903532,2,10.0,0.39305555986083884,0,2.0,0.420018601323873,1,15.0,0.36530340103343806,2,15.0,0.2677531855236985,1,13.0,0.6467232609198416,11,98.0
130.0,11,92.0,0.7603305785123967,9.39788907860004,2,24.0,0.1727297854757535,0,4.0,0.9269410367236717,0,4.0,0.9120932422636222,3,32.0,0.5748531438947811,3,21.0,0.5392557491739485,0,0.0,0.8118039696600983,0,20.0,0.39556452736120995,2,26.0,0.3519034240704307,1,8.0,0.7014709998600734,11,139.0
135.0,9,71.0,0.5772357723577236,9.485253045464686,3,39.0,0.24903081220132564,0,4.0,0.9350939981533546,0,8.0,0.956874405116776,0,6.0,0.820607855214031,0,0.0,0.6986683149278382,0,0.0,0.9180427563010223,1,17.0,0.5802613343616588,3,39.0,0.4492872499983797,1,1.0,0.2639388282445068,8,114.0
140.0,8,78.0,0.6190476190476191,9.709433126893726,2,24.0,0.47040312735489664,0,4.0,0.8797810588639918,0,9.0,0.8700433154887866,0,9.0,0.6299869628307064,1,11.0,0.6145125227926799,0,0.0,0.9238784481653938,1,16.0,0.43529439819516164,3,55.0,0.5846676745962491,1,6.0,0.6190953266210399,8,134.0
145.0,14,112.0,0.8484848484848485,9.84831913853455,1,17.0,0.5743387919677799,0,4.0,0.9562749425682622,1,8.0,0.8530053034284422,2,6.0,0.5672093502003117,3,21.0,0.523785484782635,0,0.0,0.9954799586496559,1,15.0,0.5402545813663611,4,73.0,0.4134625154316085,1,11.0,0.5040256832466055,13,155.0
150.0,16,119.0,0.8880597014925373,9.566875684738891,1,20.0,0.536428257244598,0,4.0,0.7536632720425469,0,5.0,0.9279647689717591,2,16.0,0.6936813722481059,3,30.0,0.49103895700595235,0,0.0,0.9737404434226635,3,25.0,0.5090893059249127,4,46.0,0.44014435804253776,1,5.0,0.3665143642418455,14,151.0
155.0,16,111.0,0.8102189781021898,9.130224853569159,3,31.0,0.4190416234747712,0,0.0,0.9551515050620871,2,8.0,0.5972768314779014,1,1.0,0.6828235478323808,2,34.0,0.24267651660580108,0,22.0,0.884390472494029,2,18.0,0.5669095090421494,3,46.0,0.43209179180839097,0,0.0,0.753688767274022,13,160.0
160.0,21,185.0,1.3214285714285714,8.642011001699286,3,43.0,0.3094340251715981,0,1.0,0.9731294585970558,7,30.0,0.3493907156508925,2,13.0,0.5699035385874464,2,26.0,0.41374835636647833,0,0.0,0.9636528933443353,0,5.0,0.6704797681728144,4,65.0,0.4002594134834765,0,0.0,0.5872075967997216,18,183.0
165.0,19,169.0,1.1818181818181819,9.039458733420817,3,47.0,0.3143111397919493,0,1.0,0.9881373621425008,3,20.0,0.4191078393747457,5,28.0,0.5853468056819391,2,32.0,0.6033892171135327,0,0.0,0.9977244269647021,1,9.0,0.5653553213718069,4,43.0,0.24172798624176567,0,4.0,0.8937155560211386,18,184.0
170.0,19,168.0,1.1830985915492958,9.1071370510586,4,67.0,0.19544057339074059,0,1.0,0.5242072809239511,3,18.0,0.4769864127167212,7,56.0,0.4016709839861722,0,8.0,0.7832571562237574,0,0.0,0.9708996293522622,1,35.0,0.6293874557572708,3,32.0,0.32832414001560545,0,12.0,0.9716445221209263,18,229.0
175.0,23,162.0,1.1020408163265305,8.171431854332065,2,33.0,0.6780590793174581,1,5.0,0.45551664848441364,3,33.0,0.5444736004554073,9,63.0,0.3483761702748551,1,10.0,0.48791777376154816,0,0.0,0.9541512643781781,2,33.0,0.5512098681023841,2,24.0,0.3454747870264241,0,4.0,0.798376998242765,20,205.0
180.0,17,100.0,0.6802721088435374,8.365596674493881,2,28.0,0.3546221361873231,1,9.0,0.4480042631065996,1,13.0,0.4886323294040495,2,58.0,0.45723684926360864,3,30.0,0.46047688150007676,0,0.0,0.8441345501444326,4,46.0,0.5044567464739976,2,9.0,0.545286445720432,1,9.0,0.6335159464786139,16,202.0
185.0,20,118.0,0.8027210884353742,8.884212881812655,7,57.0,0.32965714468019114,0,0.0,1.0,2,8.0,0.49521317293191736,2,45.0,0.41658286208389095,3,28.0,0.5130514284823919,0,0.0,0.9561414484651611,4,56.0,0.14055228613919277,2,22.0,0.6424467609822871,0,4.0,0.7263243665306398,20,220.0
190.0,14,115.0,0.777027027027027,9.392368149385884,4,40.0,0.4016955130405561,0,0.0,1.0,2,18.0,0.5424912573004226,2,35.0,0.440504064088505,0,36.0,0.5559758520941429,0,0.0,1.0,2,47.0,0.28298551232630126,2,29.0,0.6654891112058159,1,15.0,0.6526898851677296,13,220.0
195.0,19,114.0,0.7755102040816326,9.305998481991445,3,37.0,0.34863696132225014,0,8.0,0.9671473162798893,0,4.0,0.9506683265627993,2,30.0,0.529234091840786,3,20.0,0.45460911138239823,0,0.0,1.0,3,29.0,0.4325171743874023,2,21.0,0.5065169529062084,3,14.0,0.49908458795749044,16,163.0
200.0,17,159.0,1.0671140939597314,9.47145018072407,4,46.0,0.4698527705066868,0,8.0,0.9237032029993327,0,0.0,0.9246344061612137,5,48.0,0.5550918218348418,1,16.0,0.5774523060127021,0,0.0,1.0,1,18.0,0.595572038593921,2,37.0,0.18782484474525482,0,0.0,0.8939371713206739,13,173.0
205.0,23,186.0,1.2483221476510067,8.550168769597697,4,58.0,0.5253812226451857,0,8.0,0.9623143322710904,0,0.0,0.9523396488138502,5,29.0,0.44128865898428404,1,14.0,0.28323386420509133,0,17.0,0.9481645524458883,1,8.0,0.6369262922015577,6,65.0,0.27682616296119117,1,7.0,0.6788720489577451,18,206.0
210.0,26,207.0,1.361842105263158,8.702113426996185,5,64.0,0.36733324281928553,0,8.0,0.9595346748929738,0,0.0,0.9610649106396123,6,37.0,0.3663659549387717,3,31.0,0.3719231124345614,0,17.0,0.7604047935810397,3,37.0,0.4301646711147925,3,58.0,0.6364862189565926,3,15.0,0.5375543232718812,23,267.0
215.0,23,257.0,1.7364864864864864,8.288755612750945,6,78.0,0.41606216959555353,0,8.0,0.9309613569079515,0,0.0,0.7938018371610517,8,73.0,0.2661774713339142,2,34.0,0.502164131961136,0,0.0,0.8213110002782855,1,28.0,0.40919742871712195,2,60.0,0.6593305702127945,2,10.0,0.6182428296845901,21,291.0
220.0,30,277.0,1.9236111111111112,7.861274578800007,6,99.0,0.3901935382916588,0,4.0,0.6841094914484641,1,2.0,0.6204747842500481,10,127.0,0.20353820451907578,0,25.0,0.6634450246925425,0,0.0,0.5955196494668417,3,33.0,0.2578223741491346,5,76.0,0.3330823513777513,2,13.0,0.65445006742894,27,379.0
225.0,31,307.0,2.1319444444444446,8.211425390775721,7,104.0,0.299135452761581,1,6.0,0.6871434563525375,2,9.0,0.5767087278531959,7,94.0,0.393513464891821,1,10.0,0.6747267021733013,0,0.0,1.0,3,26.0,0.36193011126267666,5,84.0,0.16605383719585137,2,23.0,0.6606108499265384,28,356.0
230.0,16,228.0,1.5833333333333333,9.267942693000286,8,134.0,0.2995184881638365,1,6.0,0.5908790988428719,1,14.0,0.7273246092453398,0,40.0,0.5515038852651207,0,8.0,0.8795393676676037,0,0.0,1.0,0,0.0,0.8895998334144207,3,97.0,0.3253886547044867,1,7.0,0.6081304002660073,14,306.0
235.0,16,272.0,1.8503401360544218,9.466129761473368,9,148.0,0.1249084464592809,1,11.0,0.6341407930124381,1,15.0,0.7909608071363433,0,15.0,0.5549065141229298,0,16.0,0.6103195414758645,0,0.0,0.9515339753145963,0,0.0,0.45961147140489567,3,112.0,0.5931618813162879,0,0.0,0.8992530195969891,14,317.0
240.0,16,188.0,1.2789115646258504,9.260481436116061,8,159.0,0.12999845919610056,0,4.0,0.9521463286563218,0,4.0,0.9090710810765527,0,4.0,0.7703462679045029,2,15.0,0.4713799668512758,0,0.0,1.0,2,24.0,0.4263304734634817,1,22.0,0.7411513980963172,0,1.0,0.6802602878713829,13,233.0
245.0,21,247.0,1.6689189189189189,9.183858888333331,8,187.0,0.35453474346937924,0,4.0,0.9665233486802558,1,13.0,0.7911267159500704,0,0.0,0.5911044182536701,2,19.0,0.5143643960024181,0,0.0,1.0,2,39.0,0.49883253842637987,2,6.0,0.45133934055817043,0,5.0,0.9255596493778722,15,273.0
250.0,23,245.0,1.678082191780822,8.67343087078709,6,141.0,0.3202727355247857,0,4.0,0.9223465118319615,2,19.0,0.6295807293198993,3,15.0,0.4020442232392855,0,8.0,0.6180549434615424,0,0.0,0.9987187728899958,2,31.0,0.43919295266728353,4,22.0,0.3615212853924996,0,4.0,0.8546562194741316,17,244.0
255.0,18,176.0,1.1972789115646258,8.890636528200735,4,121.0,0.30258118525309546,0,0.0,0.8908105460066822,1,6.0,0.7868690033464217,0,5.0,0.8833767517465999,0,4.0,0.8655570607430514,0,0.0,1.0,3,38.0,0.32464548701479207,3,21.0,0.3635426008577572,1,6.0,0.7534875223177455,12,201.0
260.0,17,154.0,1.0620689655172413,8.576151804292119,5,69.0,0.3811085886484119,0,0.0,0.9607763459374488,2,8.0,0.7384350569682766,0,5.0,0.8288766632454555,0,8.0,0.711727738607722,0,0.0,1.0,4,41.0,0.3269287809411772,1,11.0,0.37681766189000476,2,16.0,0.5102000509402643,14,158.0
265.0,28,216.0,1.4794520547945205,8.283938746604138,5,68.0,0.18587562132585178,0,0.0,0.9556985993707028,3,21.0,0.7080204834455754,4,17.0,0.49728836321504205,2,17.0,0.5951717450719474,0,0.0,0.5859709069012162,3,37.0,0.44913894138037125,3,16.0,0.4873224113468906,2,26.0,0.4310964123635753,22,202.0
270.0,21,177.0,1.2040816326530612,8.587952393180684,3,45.0,0.07748238761655116,0,0.0,0.7846629703289637,4,34.0,0.6705418151659496,1,7.0,0.6086916142403457,2,27.0,0.6507731095812722,0,0.0,0.9288985576328188,4,50.0,0.45025749873336185,2,16.0,0.5551391316522555,0,0.0,0.9467905586231439,16,179.0
275.0,19,173.0,1.1456953642384107,8.60288211382992,4,36.0,0.13108074408259096,1,3.0,0.7081112520219092,3,25.0,0.681311355491353,1,3.0,0.7423932057808891,1,19.0,0.6522718616325527,0,0.0,0.9762452629587272,0,18.0,0.5193061944214415,1,12.0,0.5420963644657519,1,9.0,0.582366758726601,12,125.0
280.0,23,229.0,1.5266666666666666,8.911361038856487,4,44.0,0.2589532746804106,1,1.0,0.6145798283873892,6,44.0,0.5824935109164805,1,12.0,0.7410142055440405,0,8.0,0.6845814948726011,0,0.0,0.8661944267090972,0,3.0,0.47165080246220126,3,23.0,0.33034012522396045,2,52.0,0.6970683823090393,17,187.0
285.0,13,202.0,1.303225806451613,9.230195027711066,3,45.0,0.2569431725073599,1,6.0,0.10945347616365664,2,23.0,0.7136510584636582,3,20.0,0.6767574090774883,0,8.0,0.9528379536631648,0,0.0,0.8866981849012838,0,31.0,0.7144402424349562,2,27.0,0.3690743091102827,0,41.0,0.8315450319188793,11,201.0
290.0,18,204.0,1.3161290322580645,9.857707457351923,4,65.0,0.4172923828391822,3,19.0,1.6697720496283566e-05,3,16.0,0.6329637926546156,3,47.0,0.7008751801254941,0,3.0,0.8707276915981949,0,0.0,0.9151399309476023,1,38.0,0.7539726181394091,2,34.0,0.5963149561033595,0,22.0,0.8242741754883655,16,244.0
295.0,19,223.0,1.448051948051948,9.213760486804894,5,111.0,0.32517871157412875,1,9.0,0.0,5,29.0,0.4539636909133171,3,63.0,0.672428083377379,0,7.0,0.5772115696162687,0,0.0,0.963638384369459,1,147.0,0.45607586532982447,2,48.0,0.6408663234180483,1,18.0,0.7357890007481147,18,432.0
300.0,24,221.0,1.4076433121019107,9.081961170436493,5,104.0,0.39646276647956924,0,0.0,0.9952474427217638,5,24.0,0.3975544629068226,3,71.0,0.6511962177007782,2,12.0,0.7227625860710671,0,0.0,0.9706052883865565,3,102.0,0.4536165262587884,1,21.0,0.7313558809918612,3,16.0,0.3319860776548094,22,350.0
305.0,15,189.0,1.2115384615384615,9.057547275752688,4,91.0,0.42025632446363953,0,4.0,0.9580234306072922,1,24.0,0.5436409234739807,3,91.0,0.49227114824367996,1,13.0,0.5886300858344334,0,0.0,0.6081251976709918,1,67.0,0.4111945968898431,0,1.0,0.7646550761888236,3,30.0,0.49344551211557064,13,321.0
310.0,23,276.0,1.7692307692307692,8.82877246180902,6,107.0,0.24630226318464452,0,4.0,0.9503654357691491,1,20.0,0.7611167983150156,5,109.0,0.42687466367064153,2,12.0,0.3623930524513853,0,0.0,0.9432949764680385,2,22.0,0.42812636903509316,2,8.0,0.4296777245954075,3,41.0,0.5280860047935383,21,323.0
315.0,24,181.0,1.1528662420382165,8.539890113017584,7,82.0,0.2656794779710389,0,4.0,0.9711564789653843,0,8.0,0.6854354947252722,5,64.0,0.39379034887926195,3,17.0,0.38981075154983236,0,0.0,0.9401712674880769,3,29.0,0.557127089129105,3,17.0,0.5142381470778289,1,19.0,0.7249354224800746,22,240.0
320.0,20,146.0,0.9419354838709677,8.593135840590431,4,84.0,0.3351984963542633,0,8.0,0.9195675852886904,0,4.0,0.9470112436337867,4,45.0,0.5441861002274662,2,21.0,0.38761193440580627,0,4.0,0.9520400963033706,4,49.0,0.4756312610426881,3,31.0,0.43892781558709565,1,7.0,0.4820561113756479,18,253.0
325.0,27,227.0,1.4836601307189543,8.316343341624423,5,93.0,0.32541058943836604,1,9.0,0.7137787949417693,0,4.0,0.9132929648672905,6,67.0,0.46865944797783043,1,19.0,0.6439480298505921,0,5.0,0.9659734388357697,2,36.0,0.3521209270916418,3,50.0,0.570608927353494,4,19.0,0.18418238284985305,22,302.0
330.0,20,175.0,1.1437908496732025,8.337309812286783,4,88.0,0.35189709622822923,1,14.0,0.6979599886649455,0,4.0,0.937106197364137,5,63.0,0.41322304086840267,1,19.0,0.7193208244448789,0,1.0,0.8840261101593055,2,27.0,0.3481385859337471,3,22.0,0.5195052413111493,1,6.0,0.6376828531028432,17,244.0
335.0,13,89.0,0.5933333333333334,8.84050162667546,2,67.0,0.40026871787325347,1,19.0,0.6385832542758892,0,4.0,0.9410703432590363,2,79.0,0.5137000726587253,1,15.0,0.7122754406123756,0,0.0,1.0,3,58.0,0.32250246010003697,2,17.0,0.6661209478738435,0,12.0,0.7578204504186469,11,271.0
340.0,18,133.0,0.8636363636363636,8.639125114879018,2,34.0,0.4665235230345262,1,9.0,0.5952928748043951,0,4.0,0.9653597310762869,3,53.0,0.4434401966472549,0,8.0,0.5859661011208843,0,0.0,1.0,4,63.0,0.2084570505077766,2,24.0,0.4651940882536399,2,16.0,0.5999271635745647,14,211.0
345.0,22,158.0,1.0463576158940397,8.776213215019315,3,20.0,0.27167449291251905,2,17.0,0.46279753610786645,1,5.0,0.7089011445380392,4,65.0,0.37105612709020785,0,4.0,0.6026025459706824,0,0.0,0.9848188112050804,4,77.0,0.3028893031776461,4,43.0,0.38092641829466606,2,12.0,0.6487185816536277,20,243.0
350.0,26,206.0,1.3733333333333333,8.794386136750102,4,40.0,0.3766248362579876,2,34.0,0.49818545976607104,1,14.0,0.7752651096431459,5,67.0,0.4198818607925379,0,4.0,0.7888517777238409,0,0.0,0.9920215419031667,6,98.0,0.3918193803943853,2,11.0,0.47491092796362466,2,12.0,0.598187458134299,22,280.0
355.0,28,236.0,1.5526315789473684,8.3206551075652,6,65.0,0.16155477103196944,1,16.0,0.7443234815290605,1,19.0,0.8575610574692928,5,71.0,0.3579640464512219,1,18.0,0.7054206508403865,0,0.0,0.817201884625649,4,90.0,0.3160107160759604,0,11.0,0.5827742057580291,4,26.0,0.3828803459758015,22,316.0
360.0,25,185.0,1.2012987012987013,8.071141267012651,4,63.0,0.28614031124353567,0,8.0,0.9194315499079473,0,0.0,0.7547168361438399,8,87.0,0.10248300841208349,2,33.0,0.6187878046483526,0,0.0,0.9472154976471454,2,44.0,0.38314777992498134,1,5.0,0.7187831190633063,5,16.0,0.3349178708706829,22,256.0
365.0,23,207.0,1.344155844155844,8.527089442215972,2,69.0,0.3782941826955454,0,5.0,0.7008875364165412,3,13.0,0.6834088463565317,5,80.0,6.715800341119599e-06,3,28.0,0.5930541528514109,0,0.0,0.8697208826655618,5,46.0,0.4032792399748581,1,9.0,0.7592847738284474,2,23.0,0.595436485653204,21,273.0
370.0,24,168.0,1.0909090909090908,8.410263564885758,3,57.0,0.264670596597565,1,10.0,0.7981642243783175,3,32.0,0.5426143167966894,0,43.0,0.4669692277638278,2,25.0,0.3609089726624655,0,2.0,0.9798369028562846,6,98.0,0.09419854525707258,1,14.0,0.5938007176701907,5,47.0,0.40682519054276134,21,328.0
375.0,24,158.0,1.0463576158940397,8.471017315155484,3,37.0,0.26960482227192584,1,11.0,0.7278027140733763,4,41.0,0.45280829243932363,0,4.0,0.9036115411024985,2,21.0,0.29310330343747676,0,0.0,0.9841483179711489,6,119.0,0.12762422678887925,3,26.0,0.5931730608369381,3,22.0,0.5602130512463976,22,281.0
380.0,20,130.0,0.8843537414965986,8.610173064738792,2,15.0,0.560759896299589,1,20.0,0.6785755419208649,1,26.0,0.5553601966953069,0,4.0,0.9245879819377288,1,5.0,0.49462479700092127,0,0.0,1.0,6,127.0,0.14960091036263534,4,31.0,0.3123353872084752,2,17.0,0.5262804787800714,17,245.0
385.0,26,196.0,1.3066666666666666,8.583849440415234,4,32.0,0.4689132478109907,0,5.0,0.8665703352849202,2,25.0,0.6593256029769725,0,26.0,0.843959863170454,1,10.0,0.4362489672451894,0,0.0,0.9869917483686206,6,130.0,0.2417747173563615,6,64.0,0.3575610803801861,3,31.0,0.3876389117792833,22,323.0
390.0,21,189.0,1.2516556291390728,8.20365789211312,4,37.0,0.5695596464063727,1,6.0,0.8018749115113881,1,13.0,0.535650580914517,0,26.0,0.7173019957025821,1,15.0,0.3374463555331914,0,1.0,0.8746511834963764,1,30.0,0.361945757771845,6,94.0,0.4040925313552153,4,44.0,0.4033509468935523,18,266.0
395.0,24,183.0,1.1883116883116882,8.233009373607675,5,48.0,0.38394108255973547,1,11.0,0.6732833855992869,4,36.0,0.48789537541508793,2,9.0,0.48077399743403315,1,4.0,0.7072792089496946,0,1.0,0.7808275591621869,2,38.0,0.33810743415241656,6,83.0,0.4326942863906978,1,9.0,0.7430152536868889,22,239.0
400.0,29,244.0,1.6158940397350994,8.248242104216624,10,85.0,0.24959092374261152,0,4.0,0.9599578549350198,5,63.0,0.5161145563706461,2,21.0,0.2712265323186594,0,4.0,0.6187029736633501,0,0.0,0.9503422410314531,3,45.0,0.452502913851213,2,65.0,0.500734313101926,3,14.0,0.40830773800363923,25,301.0
405.0,34,299.0,1.9933333333333334,8.096316078147101,9,93.0,0.31679584080448003,0,4.0,0.6959734964027169,3,47.0,0.6116079186357378,2,31.0,0.5661522198760698,1,13.0,0.6473575798190383,0,0.0,0.9754797477571352,2,25.0,0.2694463847106237,5,57.0,0.5019973399693121,4,30.0,0.2969607481900048,26,300.0
410.0,28,335.0,2.175324675324675,8.58588446012317,6,90.0,0.36742085032172533,1,8.0,0.6902437963490401,0,31.0,0.6104242300809752,2,37.0,0.5906684294959424,0,8.0,0.8771548717785181,0,0.0,0.9400533323831797,2,18.0,0.2153031825495054,5,82.0,0.44919112664631006,2,24.0,0.08658784827750332,18,298.0
415.0,29,250.0,1.5923566878980893,8.467480420591837,9,113.0,0.19676249502099677,0,0.0,0.23070313645936763,1,22.0,0.7685491934974704,2,7.0,0.32117692405667947,0,8.0,0.9082411481212378,0,0.0,0.9665458404526281,3,32.0,0.4870874659697683,5,55.0,0.23738499742246563,2,8.0,0.2563066438730485,22,245.0
420.0,31,316.0,2.0127388535031847,8.430047029107778,11,143.0,0.2090570612721303,1,5.0,0.47478870375839205,1,18.0,0.7053888869030723,3,18.0,0.474248667421439,1,14.0,0.6047522266782512,0,0.0,0.7733910372758738,2,43.0,0.5392079203466739,4,64.0,0.36031914001267734,2,21.0,0.42733527815562666,25,326.0
425.0,30,235.0,1.5064102564102564,8.017148252918988,9,173.0,0.2906032808959411,1,10.0,0.4748910439023716,1,6.0,0.6990264145688347,3,33.0,0.5399287255348204,2,14.0,0.48233672342608447,0,0.0,0.8526419847723465,2,45.0,0.664580557147155,6,75.0,0.3610758062530769,1,17.0,0.7204266140065061,25,373.0
430.0,21,182.0,1.1666666666666667,8.332869810390438,7,154.0,0.25876906962815965,1,15.0,0.2840633451634025,1,11.0,0.5895158686992543,1,11.0,0.8138932657946678,1,10.0,0.5982516097993883,0,0.0,0.9632273664491569,1,53.0,0.399677176611097,4,71.0,0.3677359907584454,0,4.0,0.7777883483204523,16,329.0
435.0,27,251.0,1.608974358974359,8.18020952395115,9,152.0,0.22224679981234707,0,0.0,0.9664486797717949,2,19.0,0.486458723837512,1,5.0,0.783469287789379,4,9.0,0.4188904487560234,0,0.0,1.0,1,36.0,0.2963334447754468,4,87.0,0.4147749533697239,1,3.0,2.4444167707601667e-05,22,311.0
440.0,27,333.0,2.1623376623376624,8.516942488644176,11,179.0,0.17738182490014925,0,0.0,0.9257157991716909,0,0.0,0.688025715068706,3,15.0,0.6784210827987479,1,10.0,0.6642919754281366,0,0.0,1.0,1,15.0,0.4700294761047835,4,107.0,0.20663632779919855,0,4.0,0.8632207228123066,20,330.0
445.0,28,374.0,2.3974358974358974,8.538309387509353,12,193.0,0.06950371714074867,0,0.0,0.968837603188005,0,2.0,0.9204877112977826,2,32.0,0.5071312129444144,1,7.0,0.6560450633363587,0,0.0,1.0,1,18.0,0.7211481732288563,6,131.0,1.0955521377969885e-05,0,4.0,0.8601585999906336,22,387.0
450.0,29,313.0,2.045751633986928,8.54388602060085,12,225.0,0.1897555978761929,0,0.0,0.9367905840248085,0,0.0,0.8723305221266392,4,45.0,0.5196904966319399,2,17.0,0.6199416577488626,0,0.0,1.0,0,0.0,0.7782033030876928,4,43.0,0.13223940786193084,0,4.0,0.9303460187519307,22,334.0
455.0,30,400.0,2.7027027027027026,8.724754315458435,13,268.0,0.2114146004360377,0,0.0,0.9213797808532604,0,0.0,0.9228671710205482,7,97.0,0.301481525501138,1,14.0,0.7605118706331419,0,0.0,1.0,1,28.0,0.7105582974289453,1,14.0,0.4830750259043266,1,6.0,0.7540639499155338,24,427.0
460.0,27,367.0,2.5310344827586206,7.663913832718007,11,210.0,0.07603123267070176,0,0.0,0.9611357978433239,0,0.0,0.9570500206003493,6,97.0,0.35118890211786097,0,12.0,0.7130994234425947,0,0.0,1.0,2,38.0,0.2980054810502569,1,19.0,0.5278411055523833,1,5.0,0.5957545149691724,21,381.0
465.0,18,178.0,1.2191780821917808,8.703746848183892,5,147.0,0.2472750943134458,1,2.0,0.655701621214913,0,0.0,0.9554460670032275,0,62.0,0.6134172298677707,2,11.0,0.650928260617336,0,0.0,1.0,1,28.0,0.5844861125246997,1,8.0,0.47220094661599527,2,11.0,0.3984873981799607,12,269.0
470.0,20,173.0,1.2013888888888888,9.466029939339487,5,131.0,0.28662128699734485,1,7.0,0.485004484358842,1,2.0,0.840955232865787,1,26.0,0.6835595438734109,0,12.0,0.7064375620824235,0,5.0,0.9698955171317072,2,8.0,0.39646012988624996,1,7.0,0.607827988444917,3,25.0,0.4454512857629182,14,223.0
475.0,16,171.0,1.163265306122449,9.571364396036651,5,140.0,0.33184754881929873,0,0.0,0.9288700118374211,1,7.0,0.8009439013765008,2,34.0,0.6667326562118074,1,9.0,0.45429050583780484,0,5.0,0.9730119759862873,3,20.0,0.3519247609194805,2,15.0,0.5430690048522001,0,0.0,0.6340132281977745,14,230.0
480.0,19,174.0,1.1756756756756757,8.917320184447107,6,128.0,0.16999363719242877,0,6.0,0.9406848280137914,0,0.0,0.8495361522786865,2,42.0,0.5819650193851316,4,24.0,0.41958318675572304,0,0.0,0.9730737410919936,2,22.0,0.31007422201468055,1,5.0,0.1866871941488474,1,20.0,0.7825037022189808,16,247.0
485.0,24,130.0,0.896551724137931,8.54763737628094,5,121.0,0.20873550355619316,0,6.0,0.9846005066413137,0,0.0,0.8945827322765187,5,65.0,0.3703099559131703,3,22.0,0.4336430608340382,0,0.0,1.0,2,9.0,0.503765510038828,2,12.0,0.32921126207131735,2,11.0,0.5899646266016352,19,246.0
490.0,25,196.0,1.380281690140845,8.18734341146022,5,75.0,0.2090417244558936,0,6.0,0.7626595370117005,2,3.0,0.7202310427625329,8,105.0,0.21795796617847207,0,15.0,0.5798397366172362,0,0.0,0.9717684849331624,2,19.0,0.6692065157471917,2,19.0,0.5652893232358323,2,30.0,0.5685151440404977,21,272.0
495.0,21,214.0,1.5070422535211268,8.511557380512587,3,59.0,0.18885641044456303,0,6.0,0.8304751135450449,1,6.0,0.7749325075700669,5,88.0,0.38087891685054953,1,8.0,0.7898283579174465,0,0.0,0.945809174841563,3,21.0,0.3782814107641465,2,23.0,0.6516573174156923,3,26.0,0.5367655695050045,18,237.0
500.0,22,232.0,1.6223776223776223,8.914149686189452,3,64.0,0.3943742689701386,0,6.0,0.9364461283494373,1,7.0,0.7641538284212932,2,93.0,0.555817758572921,0,4.0,0.7960889649940637,0,0.0,1.0,6,35.0,0.3239032770176756,3,34.0,0.6732542671621286,4,45.0,0.4671532448647384,19,288.0
505.0,22,240.0,1.6666666666666667,8.309996302352367,3,79.0,0.3718608946902176,0,6.0,0.9749951880245535,3,12.0,0.4544641229797971,0,52.0,0.7285261333477249,1,5.0,0.38242128296702854,0,0.0,1.0,8,66.0,0.15342527854660704,2,25.0,0.6403065549023306,2,14.0,0.6667117490620352,19,259.0
510.0,21,196.0,1.3611111111111112,8.530034144518693,3,54.0,0.2888706055576958,0,0.0,0.9136711527134175,3,16.0,0.4087144705692459,0,10.0,0.7950929255417277,3,24.0,0.29168500266219644,0,0.0,1.0,4,82.0,0.3290889585690645,5,33.0,0.44268098304694714,0,9.0,0.704434145747298,18,228.0
515.0,19,188.0,1.2533333333333334,9.088006696411936,4,65.0,0.38811092031387107,0,0.0,0.9073579595233853,1,16.0,0.6632377032071421,1,16.0,0.5076470162495351,1,11.0,0.7404729935861561,0,0.0,0.822545609407017,0,43.0,0.6988355439184476,6,60.0,0.35731133726518954,2,11.0,0.75464978406763,15,222.0
520.0,22,201.0,1.34,8.78900574828347,4,85.0,0.2885889318569854,0,0.0,0.7956828919937387,1,21.0,0.7991527587093203,4,37.0,0.48782288256874556,1,16.0,0.7347661436974499,0,0.0,0.9652977204248209,2,124.0,0.5529502208158923,5,51.0,0.18312979872245533,2,5.0,0.37950952840304747,19,339.0
525.0,25,269.0,1.7581699346405228,7.909613266679852,6,107.0,0.20175120708126232,1,1.0,0.6254609685867513,0,8.0,0.7063929949976646,6,64.0,0.16466898296294402,2,22.0,0.4437855646257754,0,0.0,0.9810215946025489,1,16.0,0.5254964992424197,3,72.0,0.6063245266243193,3,20.0,0.4100786068000493,22,310.0
530.0,34,328.0,2.1578947368421053,7.548868263519731,4,131.0,0.3794427221413909,1,6.0,0.7057891031140212,4,19.0,0.37426340435498723,4,56.0,0.5950723641789273,1,14.0,0.7047146656703807,0,0.0,1.0,7,30.0,0.12606157477111737,2,54.0,0.5983190848284475,3,35.0,0.2348149727632517,26,345.0
535.0,33,318.0,2.0516129032258066,7.955834079226597,4,131.0,0.2787018553359748,1,11.0,0.6058538697258287,5,39.0,0.4075695974118227,1,47.0,0.5939063982312611,0,12.0,0.8050777612640008,0,0.0,0.973338004121064,13,83.0,0.12392511595878458,0,8.0,0.7534829674197125,1,21.0,0.7110936052423638,25,352.0
540.0,32,375.0,2.450980392156863,8.274924305004657,5,102.0,0.31839969454442973,0,0.0,0.8801472753806726,1,12.0,0.5891588703013655,1,29.0,0.6496873563948229,1,14.0,0.7941291324997325,0,0.0,0.9445842419088617,13,148.0,0.1305250548869439,1,16.0,0.3521854010401172,1,15.0,0.7721802466969033,23,336.0
545.0,29,333.0,2.1346153846153846,8.08905601912332,2,71.0,0.4193942531111956,0,4.0,0.9499213221426956,1,5.0,0.2664722103723552,1,15.0,0.7545629216393428,1,7.0,0.5458557277522439,0,0.0,0.9726881846169213,8,184.0,0.22423326600738366,6,31.0,0.14317589201426023,1,20.0,0.5474713858978546,20,337.0
550.0,21,254.0,1.6178343949044587,8.595266181136747,2,32.0,0.35922605450735706,0,0.0,0.7222679112479525,3,18.0,0.24588896457886275,1,25.0,0.6047598857230968,2,13.0,0.5276684799762538,0,0.0,0.9913684371787255,1,141.0,0.6470456050103319,4,34.0,2.7480274459914653e-06,0,4.0,0.33972989100759077,13,267.0
555.0,21,206.0,1.3205128205128205,8.708728700585317,3,34.0,0.26397783281669734,1,1.0,0.7457360650746392,1,12.0,0.7755522393035431,1,30.0,0.7976507205664,3,22.0,0.547317701778541,0,0.0,1.0,3,117.0,0.3592500631062149,2,37.0,0.4252400290312689,2,13.0,0.4718388302632329,16,266.0
560.0,20,227.0,1.4276729559748427,8.986051652219722,4,58.0,0.4465695409310897,0,0.0,0.8063295389202021,0,4.0,0.7878768271666378,0,8.0,0.8197840769050305,2,13.0,0.49552199318292,0,0.0,1.0,4,136.0,0.3166404501092791,2,47.0,0.5849023220559592,2,19.0,0.34355761501966836,14,285.0
565.0,23,212.0,1.3006134969325154,9.044619670601561,3,37.0,0.26309712072836133,1,2.0,0.6808907668731775,2,11.0,0.5438444340766462,2,20.0,0.5997014844694953,3,24.0,0.5260565163903403,0,0.0,0.8583759452789309,3,123.0,0.4276945014240287,1,28.0,0.7871663324558321,1,4.0,0.74010268070484,16,249.0
570.0,32,303.0,1.8475609756097562,8.930329191464267,3,48.0,0.36525216586072484,0,0.0,0.9519845715107829,6,32.0,0.37237615582622463,7,43.0,0.4517618531547822,4,46.0,0.4765212558617235,0,0.0,0.9784599191641048,5,142.0,0.45439450559599925,0,11.0,0.6402305671991785,0,15.0,0.9334440166977827,25,337.0
575.0,27,248.0,1.5403726708074534,8.086085211185917,4,64.0,0.4504665356275671,0,0.0,0.0710928044908168,3,22.0,0.45167413545045415,4,27.0,0.3999383107212179,4,47.0,0.4482339936086441,0,0.0,1.0,4,81.0,0.2038545262847307,2,25.0,0.5380204817341601,0,15.0,0.9182631315141212,21,281.0
580.0,19,110.0,0.6875,8.76397954352366,5,61.0,0.44518402420924647,1,4.0,0.06466215197853625,0,7.0,0.8537232645530994,2,17.0,0.3191437274479888,0,22.0,0.5469386729370769,0,4.0,0.9303069570836979,2,70.0,0.5477538824643202,1,12.0,0.46754748048377553,1,2.0,0.6323371674941328,12,199.0
585.0,23,162.0,1.0318471337579618,8.9387083361971,8,91.0,0.1778114241700059,0,0.0,0.6036889017598498,1,4.0,0.8184359711866646,2,25.0,0.6330927722768042,2,20.0,0.6208366826663347,0,4.0,0.9885449305811003,2,95.0,0.6313538460941441,2,18.0,0.520595818042892,1,7.0,0.5937779401725953,18,264.0
590.0,29,255.0,1.6346153846153846,8.539303790237508,13,146.0,0.17247968268394925,0,0.0,0.9417292897856211,0,3.0,0.8696173631534079,3,33.0,0.6306131333009031,1,18.0,0.5392648217192727,0,0.0,0.9889415898485531,4,101.0,0.31703238862877703,2,15.0,0.557756017411286,1,12.0,0.7240739466707473,24,328.0
595.0,27,296.0,1.8271604938271604,8.109759878893419,8,138.0,0.20500725266914,0,0.0,0.9444478595102257,2,8.0,0.6139853272538263,3,48.0,0.4742231215855788,2,17.0,0.5121005109045397,0,0.0,0.9894777427612429,5,112.0,0.13581193046697418,1,5.0,0.5244674363052733,1,17.0,0.6290174961624803,22,345.0
600.0,28,330.0,2.049689440993789,8.144212092335506,7,151.0,0.1917606159059371,0,0.0,0.9527399031151029,3,25.0,0.5521510209856452,2,6.0,0.48704373831102277,3,31.0,0.37370086169147276,0,0.0,1.0,5,137.0,0.10713799275375457,3,16.0,0.22362863160602248,0,8.0,0.9558597992227407,23,374.0
605.0,28,365.0,2.310126582278481,7.874191349191675,8,178.0,0.16370144082603216,0,0.0,0.9346570642492041,1,8.0,0.6723250265299688,3,41.0,0.49297628420369893,3,28.0,0.19559030606857913,0,0.0,0.9888876253568208,3,100.0,0.46451370490521,4,25.0,0.3128112423994711,1,9.0,0.6849224236009808,23,389.0
610.0,20,274.0,1.7908496732026145,8.246767957766638,8,173.0,0.17425737141255856,0,0.0,0.9477676393887714,1,3.0,0.3202066589408011,4,62.0,0.3297476361837742,0,16.0,0.5767842650319702,0,0.0,0.9793266436589924,1,33.0,0.6414351245930342,1,11.0,0.5435660233767099,1,14.0,0.749707030618511,16,312.0
615.0,17,162.0,1.051948051948052,8.691087835754093,4,156.0,0.35925241993758483,0,0.0,0.966364122538174,2,17.0,0.4771604328592199,2,34.0,0.573743127900421,0,8.0,0.6382185445564394,0,8.0,0.9294772582948592,1,21.0,0.4914501704931052,2,19.0,0.44139122095883254,1,34.0,0.7726744079159947,12,297.0
620.0,20,174.0,1.144736842105263,8.345499352759168,4,83.0,0.3351852386077452,0,0.0,0.9012610430934676,1,5.0,0.3398982097032805,0,1.0,0.956984793085053,0,8.0,0.9612069572830062,0,61.0,0.9455801210941521,3,17.0,0.13022058477627838,2,29.0,0.5187933000367818,1,43.0,0.6383114191296894,11,247.0
625.0,27,261.0,1.728476821192053,8.414371852264932,4,71.0,0.4707861877724337,0,4.0,0.9015569737430638,2,11.0,0.0021618596994781372,0,3.0,0.9084755846804057,0,8.0,0.9840808240195632,0,129.0,0.8138037978779555,3,29.0,0.4787430921539068,2,27.0,0.572320150705602,2,34.0,0.6290823266214679,13,316.0
630.0,25,302.0,1.986842105263158,8.27398653149682,4,69.0,0.42799002804172576,0,4.0,0.9549615759578746,2,25.0,0.2149497223103484,3,7.0,0.5394404025732198,0,12.0,0.6824197560826606,0,21.0,0.8104812413166425,3,41.0,0.3913364999078193,2,37.0,0.5537971296963852,1,24.0,0.747761002672343,15,240.0
635.0,23,232.0,1.5466666666666666,7.934878195204722,6,71.0,0.42338080023470054,0,8.0,0.9839671690508672,0,4.0,0.9227747905673221,4,24.0,0.3575176419554767,0,4.0,0.6663325649457467,0,24.0,0.9392889825462809,2,21.0,0.34798002252499344,2,47.0,0.3965438312444737,2,25.0,0.4690760822264942,16,228.0
640.0,26,245.0,1.5909090909090908,7.908916574082814,7,103.0,0.24151472437143504,0,8.0,0.9108713647799109,0,4.0,0.8691541693626594,6,62.0,0.40175764218958454,0,0.0,0.8662788247353485,0,3.0,0.9385632077357198,2,13.0,0.3949053127972668,0,0.0,0.8954256958634315,4,37.0,0.3709406649290635,19,230.0
645.0,26,178.0,1.1710526315789473,7.257682084876898,9,103.0,0.0686284496554232,0,8.0,0.9525915045957216,0,4.0,0.9167067906330877,4,29.0,0.5246699248727511,1,2.0,0.27022295450782463,0,20.0,0.9427472337379167,3,32.0,0.4896353843920552,0,0.0,0.419476483056796,6,38.0,0.22915069791224546,23,236.0
650.0,17,118.0,0.7612903225806451,8.447417491296783,7,116.0,0.19871663674970186,0,8.0,0.808900447298492,0,4.0,0.9213942978566241,2,19.0,0.5911445448817915,4,28.0,0.409237530708259,0,27.0,0.9115424394624407,1,58.0,0.4709372563284228,1,5.0,0.5891701947755829,1,34.0,0.6006288982118998,16,299.0
655.0,17,169.0,1.05625,9.127731909812576,7,125.0,0.24038273652976264,0,4.0,0.9098410171792505,0,4.0,0.9453543167078099,3,29.0,0.5865046560661588,1,19.0,0.7538391812061065,0,7.0,0.9640357847367556,2,108.0,0.5363215140927461,0,4.0,0.9480100951866686,2,23.0,0.4798720311096975,15,323.0
660.0,15,217.0,1.3231707317073171,9.264962872810775,7,156.0,0.3602235707167986,0,0.0,0.9638752106269894,0,4.0,0.8780439841854832,4,54.0,0.4727324297306021,0,7.0,0.799547500244139,0,0.0,0.9674901137530401,3,77.0,0.25749223487251893,0,0.0,0.961210662902514,0,4.0,0.9105780044179976,14,302.0
665.0,16,188.0,1.1898734177215189,8.870743361336958,7,158.0,0.18338461155712707,0,0.0,0.9847051065958606,0,4.0,0.8537822165717547,5,42.0,0.4158781750688096,2,16.0,0.43412633272423096,0,3.0,0.7612091046376537,1,43.0,0.5885600645227032,0,8.0,0.9007742901377607,0,0.0,0.9765428724370812,15,274.0
670.0,10,89.0,0.559748427672956,9.13872480328585,5,160.0,0.3978199546838562,0,0.0,0.9408364696263065,0,0.0,0.8717744250824803,1,32.0,0.5869774899311302,0,4.0,0.40914021746692936,0,3.0,0.9140361893776394,1,83.0,0.6983762185511795,0,8.0,0.7009195279991922,0,0.0,0.9048753632096118,7,290.0
675.0,21,135.0,0.8766233766233766,8.734211542285609,5,90.0,0.4138534746763061,0,0.0,0.9819365364036949,1,5.0,0.699155209839019,5,37.0,0.3319687083653722,1,9.0,0.6795946779194503,0,20.0,0.931406373883967,2,88.0,0.4829580171356728,2,14.0,0.7782085207812107,0,0.0,0.9602640929260934,16,263.0
680.0,17,159.0,1.0063291139240507,8.41910998994901,7,107.0,0.3076973662014195,0,0.0,0.791149551726349,1,7.0,0.5461188242539847,1,10.0,0.42199280522750277,1,13.0,0.679344728769088,0,73.0,0.9479715108289438,1,40.0,0.5226389207623665,2,16.0,0.6688472486571096,0,0.0,0.7355478193801569,13,266.0
685.0,22,191.0,1.21656050955414,8.312893600410181,6,109.0,0.18065059514985726,0,0.0,1.0,1,9.0,0.6930757972298207,1,17.0,0.7791468539204581,0,7.0,0.8884629773471359,0,8.0,0.8782464875042578,5,26.0,0.517399986288261,3,17.0,0.31442078154592623,1,4.0,0.7402193515443398,17,197.0
690.0,33,322.0,2.0251572327044025,8.39285377123938,8,141.0,0.25898008395817373,0,0.0,1.0,1,18.0,0.792928935790155,1,22.0,0.6468824377282519,0,7.0,0.6479732055825987,0,0.0,0.9650311451377631,7,66.0,0.34297689678147886,6,42.0,0.21834599310149938,1,15.0,0.7049614838668824,24,311.0
695.0,33,407.0,2.527950310559006,7.8950768733845464,8,180.0,0.28124792325105635,0,0.0,1.0,1,9.0,0.7852097380255385,4,34.0,0.37291144511146085,2,7.0,0.5204008388158956,0,15.0,0.9234872428229649,6,62.0,0.3360684306425206,6,68.0,0.21591749761879675,1,12.0,0.8240491987715519,28,387.0
700.0,20,311.0,1.9559748427672956,8.298842071951915,9,206.0,0.13872078039159355,0,0.0,1.0,0,4.0,0.833086518533771,2,24.0,0.44074229860634395,0,0.0,0.7873332402279009,0,0.0,0.9308946423854482,2,32.0,0.35595334676003176,4,57.0,0.49371570388899877,1,15.0,0.7905085112092096,18,338.0
705.0,27,330.0,2.0754716981132075,8.628257095347001,9,233.0,0.12520107038357614,0,0.0,1.0,1,20.0,0.8336043210829502,3,31.0,0.5586734475627037,1,6.0,0.7453164551098074,0,12.0,0.85392944568001,3,42.0,0.3935217083967946,3,36.0,0.4981387335385958,4,73.0,0.4819854290438225,24,453.0
710.0,30,375.0,2.358490566037736,8.343869024385189,10,254.0,0.24094829951836855,0,0.0,1.0,0,16.0,0.8486174172541987,3,38.0,0.51356841796545,3,11.0,0.5232284090398689,0,10.0,0.7440927771255814,1,30.0,0.5145191461257819,3,51.0,0.3708631641592304,5,75.0,0.3164397503194682,25,485.0
715.0,18,295.0,1.8553459119496856,8.332338864932629,7,260.0,0.320762357938609,0,5.0,0.871459439506304,4,19.0,0.6375907824790086,1,9.0,0.47481677293880087,0,0.0,0.6535869089521407,0,0.0,0.8475040926215414,1,35.0,0.3411956856017131,3,20.0,0.23062118479711913,0,62.0,0.5474730142754041,16,410.0
720.0,26,371.0,2.378205128205128,8.84294591513904,7,287.0,0.24127508321711957,0,6.0,0.9226141562783411,4,43.0,0.5432027952741011,2,12.0,0.456686906513821,1,9.0,0.6221226910959374,0,0.0,0.8765020907120528,4,51.0,0.31718992159457005,2,6.0,0.34120782769888963,0,54.0,0.7598275547039741,20,468.0
725.0,24,456.0,2.961038961038961,9.653313473831595,9,324.0,0.10556075835369975,0,5.0,0.9525419109794532,1,19.0,0.7937917419324335,2,21.0,0.6231182909672007,1,14.0,0.7544764463301195,0,0.0,0.7569805391840762,4,95.0,0.36577454099440837,2,14.0,0.45223092486212685,1,15.0,0.6639864798486649,20,507.0
730.0,24,381.0,2.411392405063291,9.215176670874913,9,287.0,0.2312791356750791,0,5.0,0.9401041374791753,1,10.0,0.6119737187663531,4,35.0,0.36157436529721143,0,1.0,0.6912015095018155,0,0.0,0.8921606355870951,4,119.0,0.4126920173262127,1,14.0,0.7916978237793938,3,25.0,0.5030258411631884,22,496.0
735.0,22,151.0,0.967948717948718,9.045049427781887,4,228.0,0.22449367395762315,0,5.0,0.9448404954329135,5,35.0,0.5537277576814253,5,25.0,0.36377141033912835,2,9.0,0.6367780117759704,0,4.0,0.8380436832046868,2,78.0,0.4174772014807611,1,19.0,0.7279930913154425,2,18.0,0.4015240337189513,21,421.0
740.0,20,158.0,1.0128205128205128,8.798614282019356,3,133.0,0.2668505863238928,0,1.0,0.9207454915894367,2,37.0,0.7113282878136515,1,18.0,0.6017365569703709,3,24.0,0.5130701181079209,0,3.0,0.9349070164979869,3,85.0,0.288253330723905,2,27.0,0.690780144222477,3,22.0,0.12160990746750336,17,350.0
745.0,19,162.0,1.0657894736842106,8.642116467891086,4,132.0,0.18575737951189875,0,1.0,0.7718753564192855,1,28.0,0.7183759023194516,2,19.0,0.3594457401450407,1,5.0,0.764992206263029,0,0.0,0.986801432951366,6,111.0,0.3516318532691145,1,31.0,0.694111785185808,4,37.0,0.18180242045601563,19,364.0
750.0,22,177.0,1.1644736842105263,8.580478749954867,6,158.0,0.3117323526088396,1,6.0,0.7641209892091909,4,27.0,0.6252590075174872,1,9.0,0.5317887644768458,1,10.0,0.634341535499795,0,0.0,1.0,4,63.0,0.20814520817468957,3,42.0,0.47004338102452764,1,21.0,0.6064783161633625,21,336.0
755.0,21,197.0,1.304635761589404,9.379733270659337,6,188.0,0.16102973931091816,1,5.0,0.5788863684294243,4,38.0,0.5273206848862737,3,21.0,0.6251257472907761,1,19.0,0.6123287321869609,0,0.0,1.0,1,51.0,0.449747345201781,5,61.0,0.4101322406691707,0,10.0,0.8791224425740222,21,393.0
760.0,20,183.0,1.196078431372549,8.925651173295496,7,173.0,0.18278268085651928,2,19.0,0.4739484230747714,2,39.0,0.5427689568881648,4,34.0,0.41120139430264674,0,4.0,0.9590455250456911,0,0.0,0.9359068319588827,2,18.0,0.39921987691177646,2,16.0,0.20875333654043543,1,5.0,0.6188288548310154,20,308.0
765.0,20,186.0,1.2077922077922079,8.741966133174788,5,151.0,0.36380136743445257,3,34.0,0.548184974210359,1,25.0,0.6104262652934993,4,34.0,0.3411890111942445,0,8.0,0.5278006392336899,0,0.0,1.0,1,10.0,0.5149601831207807,4,22.0,0.1621408713188877,1,5.0,0.666307100223157,19,289.0
770.0,24,229.0,1.5266666666666666,8.45036416632564,6,129.0,0.41954644355402065,1,18.0,0.7736718656616748,2,22.0,0.6429373473205493,4,41.0,0.41495850718886,2,7.0,0.4635736040620818,0,0.0,1.0,1,23.0,0.3089281494564347,6,47.0,1.7833582842865985e-05,1,10.0,0.7411106525002384,23,297.0
775.0,17,148.0,1.0,8.459298474069998,6,94.0,0.381808696114759,0,4.0,0.8330710948608956,0,1.0,0.8592780239365337,5,50.0,0.4996736973002283,0,2.0,0.9736287349329306,0,0.0,1.0,2,14.0,0.4387758698571489,1,8.0,0.45989206288495504,2,20.0,0.6960243040839391,16,193.0
780.0,14,69.0,0.4825174825174825,8.669568050064127,5,64.0,0.3961557712561032,1,3.0,0.5666743274590144,1,4.0,0.43691440513658075,3,18.0,0.4578393691354689,0,10.0,0.727495987792128,0,0.0,1.0,1,10.0,0.5671519939115155,0,4.0,0.5220104003292193,1,6.0,0.6359665056402786,12,119.0
785.0,15,110.0,0.7857142857142857,9.36204868245804,8,81.0,0.35034364217296216,0,0.0,0.4461131450775865,2,12.0,0.0001388877565910779,2,25.0,0.48196614480710076,1,19.0,0.6753891673543804,0,0.0,0.9824225340428958,0,0.0,0.905396857349182,0,0.0,0.6247148743009421,1,3.0,0.5995029772860936,14,140.0
790.0,23,182.0,1.3093525179856116,8.999526618318574,10,115.0,0.2560428201137745,2,8.0,0.0005874403830505604,0,4.0,0.9491944592305683,3,38.0,0.47657361386386005,1,21.0,0.842196302158851,0,0.0,0.9471686267439893,0,15.0,0.7528187233117997,1,7.0,0.4697048218753774,2,12.0,0.561518240634376,19,220.0
795.0,18,176.0,1.2941176470588236,8.841809320665625,9,141.0,0.21232872498361557,2,18.0,0.0,0,8.0,0.7871958418672425,1,24.0,0.5361334894369959,1,18.0,0.6828339072993049,0,0.0,0.9492911252524895,1,18.0,0.5220479745931188,0,4.0,0.8715776664253236,1,27.0,0.765688272507942,15,258.0
800.0,22,213.0,1.5895522388059702,8.168263662643309,11,188.0,0.06347459477624641,0,3.0,0.9267611169606395,0,4.0,0.9496911709770973,1,15.0,0.7290816812480677,2,22.0,0.5263804196287429,0,0.0,0.9342291769356783,1,17.0,0.35257719433716656,0,0.0,0.8802548918655341,2,40.0,0.6463977383424171,17,289.0
805.0,27,298.0,2.2238805970149254,8.366576652785286,11,226.0,0.08239084257472537,0,3.0,0.9665511656723864,0,0.0,0.9438521493052688,1,20.0,0.7655653665256491,2,13.0,0.5410652364803553,0,0.0,0.9727327713391122,2,31.0,0.4860409056773455,0,0.0,0.9686451999708324,3,64.0,0.6159127797159389,19,357.0
810.0,18,293.0,2.1703703703703705,8.65472652098806,8,250.0,0.18454380427204228,0,3.0,0.9580208198822238,0,0.0,0.8744928986494254,0,8.0,0.7554776261917512,0,11.0,0.7231253165860735,0,1.0,0.9332702802762136,2,41.0,0.576950156721647,0,0.0,0.9570240160460532,2,53.0,0.6391547647057244,12,367.0
815.0,17,348.0,2.577777777777778,8.716517233349657,9,297.0,0.13850314879552247,0,3.0,0.9636396594433687,0,4.0,0.9463802132196157,0,4.0,0.8237735845501784,0,4.0,0.7732900649525346,0,1.0,0.6971230932886588,1,6.0,0.40431697747125905,0,4.0,0.7076131480905474,0,42.0,0.6905682971241538,10,365.0
820.0,23,413.0,3.036764705882353,9.021275543361002,9,342.0,0.10570524181109502,0,3.0,0.9646511838420095,1,6.0,0.8332654108594316,0,8.0,0.7367968676894078,0,0.0,0.8522835518473207,0,0.0,1.0,3,20.0,0.31241854615158504,1,3.0,0.6530917284941188,2,28.0,0.5936742980942092,16,410.0
825.0,23,342.0,2.533333333333333,8.92464912022864,8,277.0,0.17144758149957395,0,3.0,0.9712320599508169,0,4.0,0.8055085919197459,1,11.0,0.6137700344529051,0,0.0,0.8526839377028924,0,0.0,0.8987202931656384,4,37.0,0.31548286014833066,3,13.0,0.6048543020081463,4,25.0,0.3393707170896793,20,370.0
830.0,15,162.0,1.2,8.566399397665426,0,177.0,0.4255544015966898,0,3.0,0.5700187422718223,1,13.0,0.6750842100340335,1,16.0,0.6996903601335586,0,0.0,0.8304264279831225,0,0.0,0.7685433029450985,2,83.0,0.37433725787901057,2,15.0,0.7039290287599694,6,53.0,0.23249914709207997,12,360.0
835.0,13,100.0,0.7352941176470589,9.267034608638308,0,42.0,0.6483411841483325,0,0.0,1.0,2,11.0,0.656382222536998,2,26.0,0.6543594342581838,0,0.0,1.0,0,0.0,0.9261084817021629,1,96.0,0.7101425024061468,2,13.0,0.6021283293104712,6,57.0,0.12176865755173412,13,245.0
840.0,13,102.0,0.7183098591549296,9.358853358182355,0,10.0,0.6126361648712957,0,0.0,1.0,1,7.0,0.6718969777481933,2,37.0,0.7254990655557382,0,0.0,1.0,0,0.0,0.9873169049364536,1,86.0,0.5155408524849555,4,36.0,0.4351616791930969,3,56.0,0.47172502904626296,11,232.0
845.0,19,161.0,1.1258741258741258,8.66709694538932,1,5.0,0.3614385097000834,0,0.0,0.8868665380550002,2,15.0,0.6962128112898006,3,52.0,0.5078281809109493,0,0.0,0.870022037757157,0,0.0,0.8635396282259099,2,67.0,0.31118732605627214,5,51.0,0.37577742703898276,4,60.0,0.4471696753916294,17,250.0
850.0,24,200.0,1.4492753623188406,8.311568809851392,3,14.0,0.3177213129203853,0,0.0,0.8865352631560751,3,30.0,0.6131057989473891,1,35.0,0.6334147965706934,0,0.0,0.9692990025994102,0,0.0,0.9738134136401693,3,28.0,0.08344615791351817,3,57.0,0.4607148163711882,3,63.0,0.3886281651031475,16,227.0
855.0,27,253.0,1.8333333333333333,8.732947814699045,3,29.0,0.4836921551569384,0,0.0,0.9410345927075889,3,28.0,0.702923566957317,2,20.0,0.49445896769186953,0,8.0,0.783088486832458,0,0.0,0.9401877433129691,3,20.0,0.24780275155992101,3,62.0,0.42598361669872453,2,51.0,0.5771260174220678,16,218.0
860.0,23,265.0,1.8794326241134751,8.463600623271903,3,33.0,0.39522559259467216,0,0.0,0.9958625408027633,0,17.0,0.6656623295412566,5,37.0,0.16368482594154152,0,8.0,0.8119352394276491,0,0.0,0.9613607895364795,1,32.0,0.6965425039058988,3,70.0,0.420794388647045,4,67.0,0.27050053567328125,16,264.0
865.0,24,282.0,1.9315068493150684,8.462766006881173,2,28.0,0.5213014170182818,0,0.0,0.8852117315059598,3,13.0,0.5475529135339097,3,36.0,0.4415687591499918,1,11.0,0.7572878876724822,0,0.0,1.0,1,31.0,0.7605169955655281,3,81.0,0.48152918603090517,2,28.0,0.2778630617507996,15,228.0
870.0,20,240.0,1.6666666666666667,8.397750410011774,2,36.0,0.5067720051325955,0,0.0,0.9410810166259911,2,8.0,0.570101316505908,2,32.0,0.3847202168293586,1,16.0,0.6879361656303727,0,0.0,0.6883917822074301,1,36.0,0.5835083813816888,2,21.0,0.5043483675608,1,21.0,0.4932914914434182,11,170.0
875.0,27,299.0,2.047945205479452,7.9117579664169755,4,37.0,0.13849532962481328,0,0.0,1.0,1,5.0,0.803419242901598,3,15.0,0.46240757969109836,2,25.0,0.5801104540965513,0,37.0,0.953264994021511,2,34.0,0.4286564461413806,4,25.0,0.4049026010875117,2,36.0,0.4692469413266748,18,214.0
880.0,31,284.0,1.9189189189189189,7.801293855673035,6,65.0,0.228365004795674,0,0.0,1.0,2,13.0,0.6227049084969261,3,17.0,0.5699238027950703,1,6.0,0.41030883299075205,0,37.0,0.9786353767260936,3,31.0,0.2557226475586796,4,45.0,0.32044592325176435,4,59.0,0.5302393529826209,23,273.0
885.0,30,373.0,2.52027027027027,8.411947866558666,6,95.0,0.3062071195483768,0,4.0,0.882726899350478,2,12.0,0.6713620864639279,1,17.0,0.6687055462564457,5,21.0,0.16126853970335361,0,7.0,0.9317194373366362,3,50.0,0.3885468258064974,3,41.0,0.2986042315873477,4,87.0,0.48403466840042075,24,334.0
890.0,25,311.0,2.1448275862068966,8.229466442322177,5,64.0,0.21580374867691804,0,4.0,0.9419787789761399,0,5.0,0.8501037537527667,4,26.0,0.37215261613192374,5,50.0,0.29873505827407687,0,3.0,0.951621793437563,1,27.0,0.5836969439368493,2,33.0,0.421774867498435,4,93.0,0.36941887198551204,21,305.0
895.0,11,125.0,0.8503401360544217,8.866852502205893,2,37.0,0.30372853953227247,0,4.0,0.942067083948626,0,0.0,0.7950030143293777,0,4.0,0.7083625250540796,3,38.0,0.5661784934931738,0,0.0,0.3006702413398868,1,17.0,0.5105943283969379,2,35.0,0.5824781776269806,3,64.0,0.39477314909773265,11,199.0
900.0,10,85.0,0.5902777777777778,9.647893201246669,2,9.0,0.3710022053415843,0,4.0,0.909664648225338,1,5.0,0.8192323565928408,1,11.0,0.6928909151989459,0,30.0,0.7260544888690118,0,0.0,0.9535226836924189,1,18.0,0.2999499975623319,1,34.0,0.5068320022511527,3,60.0,0.4917896078356369,9,171.0
905.0,15,137.0,0.9513888888888888,9.149218922947277,1,12.0,0.7330666613221865,1,7.0,0.7867846992162436,1,10.0,0.7500706218934908,1,16.0,0.6520507128658563,1,15.0,0.6302314941557737,0,0.0,0.9540980391640145,1,2.0,0.583475271497815,3,47.0,0.5681140634949877,5,64.0,0.2407583792174921,14,173.0
910.0,16,192.0,1.352112676056338,8.831303462941554,1,17.0,0.6710451796821523,1,12.0,0.7352744738086423,1,19.0,0.7957470835823982,1,21.0,0.8058892482671527,0,8.0,0.4026561901772021,0,0.0,1.0,0,35.0,0.5916424405546054,3,62.0,0.46752887840852286,5,55.0,0.35806481497408166,12,229.0
915.0,16,115.0,0.8041958041958042,8.442314930952103,2,24.0,0.6223152979678824,0,8.0,0.5335969310667554,0,8.0,0.8371739692623791,2,37.0,0.7276706844218551,4,16.0,0.26188742304461615,0,40.0,0.9410779337160147,1,39.0,0.6604163456364514,3,24.0,0.43916056506170154,0,11.0,0.6856791323003488,12,207.0
920.0,24,181.0,1.2482758620689656,8.137417557099234,2,15.0,0.4489737478898369,3,17.0,0.2943235995634478,1,12.0,0.7974305544446297,3,45.0,0.5785885727252653,4,36.0,0.3204467484881893,0,39.0,0.9925970303319647,0,7.0,0.8165817788477122,3,28.0,0.3946027425951141,1,9.0,0.6353395773123256,17,208.0
925.0,24,217.0,1.4761904761904763,8.102082470117095,2,25.0,0.533614857241187,4,35.0,0.1915980853553065,1,17.0,0.8306221208212548,2,17.0,0.32236277717303563,2,27.0,0.5788545133595039,0,39.0,0.9538676916636006,1,1.0,0.4886410413945251,4,49.0,0.47320022947377083,2,14.0,0.691596555382268,18,224.0
930.0,22,179.0,1.2344827586206897,8.433046387244163,5,32.0,0.4204956420584605,2,25.0,0.3019085071016117,0,4.0,0.8747897351801056,5,30.0,0.3406741637561642,0,8.0,0.7566723342189797,0,17.0,0.9700069067542472,1,14.0,0.6929407412878165,3,34.0,0.4900006944754847,1,10.0,0.8170266764970614,17,174.0
935.0,17,122.0,0.8187919463087249,8.868801231558548,4,42.0,0.3482391732764137,0,4.0,0.9232960545918875,0,4.0,0.9254374259185606,5,57.0,0.49077946196524574,1,8.0,0.7390897006795899,0,0.0,0.9600923806338795,1,10.0,0.6573774426578882,2,26.0,0.5442069664888912,2,38.0,0.6682985480676334,15,189.0
940.0,16,103.0,0.6776315789473685,8.991478497077226,5,57.0,0.4372521404450933,0,4.0,0.9982672564413783,1,1.0,0.6500980192601578,2,23.0,0.7382384235292946,0,12.0,0.6214135112949939,0,0.0,0.835729233846891,2,44.0,0.5988968178699641,2,36.0,0.5653937472805264,3,30.0,0.5551297472770377,15,207.0
945.0,18,122.0,0.8243243243243243,8.430067823537469,7,81.0,0.36364038530358667,0,4.0,0.7920361302872498,0,0.0,0.7485730531618137,0,12.0,0.531459208904603,1,20.0,0.7511002616115703,0,0.0,0.9675596076720333,3,51.0,0.4643877944205882,2,15.0,0.05690926932180611,5,44.0,0.3447414080317511,18,227.0
950.0,27,191.0,1.2733333333333334,8.669679249213102,7,99.0,0.20723294912950685,1,11.0,0.6989216170818066,1,3.0,0.8063281486062052,2,16.0,0.4983389456133782,1,29.0,0.7579600256221032,0,0.0,0.8396450751812551,2,27.0,0.49952451136838677,3,19.0,0.40273203852140504,6,55.0,0.2636564689030474,23,259.0
955.0,20,206.0,1.3733333333333333,8.923347049994673,5,118.0,0.28808784612358534,1,16.0,0.704953438674055,1,8.0,0.799712173554664,2,23.0,0.5475716282288898,1,30.0,0.5766225538752827,0,2.0,0.9007782001078362,0,64.0,0.6289970960880552,3,28.0,0.37954008736411726,3,42.0,0.22989673749241768,16,331.0
960.0,16,171.0,1.14,9.19534323000331,6,115.0,0.22024475515369507,1,21.0,0.5954544313541813,0,0.0,0.9511504222814801,2,27.0,0.5753347573231696,2,13.0,0.5459597963682994,0,2.0,0.968545486099182,2,61.0,0.5491963015384348,0,8.0,0.9276313727580086,1,18.0,0.44628761819734947,14,265.0
965.0,15,156.0,1.04,8.622760614267754,6,132.0,0.20373787017126416,0,4.0,0.9101330152857681,0,0.0,0.937638867526063,1,11.0,0.5039522869799716,2,15.0,0.567093938762472,0,0.0,0.956873088248418,0,49.0,0.48384700741260583,1,9.0,0.6776652213714086,1,35.0,0.7253757460443265,11,255.0
970.0,18,194.0,1.2763157894736843,9.03991832060557,5,144.0,0.4101454020642902,0,4.0,0.9116772513135438,0,0.0,0.9490078189247141,3,18.0,0.6381966769281564,2,24.0,0.6024259897845994,0,0.0,0.9925435922096525,4,50.0,0.3544507682450879,1,14.0,0.7044788917764887,0,26.0,0.826916314096556,15,280.0
975.0,16,224.0,1.4933333333333334,8.868208646030732,6,173.0,0.47942079562559237,0,4.0,0.9204039226459821,0,8.0,0.8699702687882805,2,23.0,0.6020250650880372,0,7.0,0.8849313981622732,0,0.0,1.0,4,61.0,0.38769443834783984,1,19.0,0.3894685839739054,0,9.0,0.9427531427290377,13,304.0
980.0,21,208.0,1.395973154362416,8.209151056730054,7,158.0,0.32972449823770406,1,5.0,0.5641269929381856,1,6.0,0.6091184143613135,2,23.0,0.6235342560907187,0,4.0,0.9452704552376148,0,0.0,0.9969057642250893,2,29.0,0.4811127620941871,4,34.0,0.3242984723154094,1,27.0,0.7928565875052529,18,286.0
985.0,24,132.0,0.9041095890410958,7.709427827988651,9,152.0,0.1797180956796251,2,12.0,0.4557579005601197,3,20.0,0.5713461615774992,0,12.0,0.83362766372493,1,11.0,0.4541210909263955,0,0.0,0.9408115911025685,1,27.0,0.5742688331656299,4,54.0,0.3201372541231882,1,24.0,0.520695394616615,21,312.0
990.0,28,209.0,1.4315068493150684,8.179677950679237,11,123.0,0.1625757813116,2,22.0,0.48557859474635495,1,17.0,0.832724573443683,1,8.0,0.7465130119050275,0,5.0,0.9429041105147227,0,0.0,0.9142264885285136,3,44.0,0.5429595531287685,3,48.0,0.4664417602222953,2,36.0,0.5070904145103698,23,303.0
995.0,26,251.0,1.695945945945946,8.028196249863148,11,154.0,0.17654075519995782,0,0.0,0.9234853274114179,0,8.0,0.8202834859321577,2,10.0,0.41160858708482656,0,5.0,0.5544797554861323,0,3.0,0.9210339660810836,1,10.0,0.4233544397358299,3,63.0,0.32358365436911063,3,48.0,0.237367640268591,20,301.0
1000.0,31,267.0,1.7450980392156863,7.878303429102902,12,204.0,0.1218243725045243,1,1.0,0.37397900865755,1,11.0,0.821334386480137,2,9.0,0.23523603684164326,2,16.0,0.2603346504594238,0,3.0,0.9189407202757682,2,15.0,0.5282753164539307,4,83.0,0.20456751552780042,2,40.0,0.46074148639474477,26,382.0
1005.0,23,225.0,1.4705882352941178,8.508980224419235,9,219.0,0.2136360416805808,1,6.0,0.428135711074909,0,4.0,0.8268653576338846,1,9.0,0.6942784200886414,3,27.0,0.3640639173570782,0,0.0,1.0,2,21.0,0.623408661355341,4,43.0,6.0554919164176436e-05,0,36.0,0.7754997108803173,20,365.0
1010.0,22,208.0,1.3419354838709678,8.344895503956469,8,227.0,0.2689075523746694,0,0.0,0.9595957113120775,2,10.0,0.6629585045660216,2,15.0,0.6509863575665553,0,23.0,0.6103267634150812,0,0.0,1.0,1,8.0,0.5261179941855947,1,17.0,0.39148476544314753,0,21.0,0.7265397674991039,14,321.0
1015.0,25,220.0,1.4102564102564104,8.175349682114845,6,239.0,0.26400636405793176,0,0.0,1.0,3,27.0,0.620125019250423,0,14.0,0.6577614285404625,1,18.0,0.6966365277471189,0,0.0,1.0,2,16.0,0.5009405243632862,2,26.0,0.6152999419014565,1,3.0,0.5973780108221061,15,343.0
1020.0,20,183.0,1.1582278481012658,8.268486947650077,11,227.0,0.18845862884701406,0,0.0,1.0,2,24.0,0.7100812075053591,1,15.0,0.6243354539843142,2,18.0,0.6833302837515507,0,0.0,0.9988632109688691,2,54.0,0.41560838451904974,0,0.0,0.7716613807400446,2,55.0,0.4945319460941609,20,393.0
1025.0,20,213.0,1.3396226415094339,8.587389982576006,11,249.0,0.1064578692803402,0,0.0,1.0,1,14.0,0.8057792640984293,2,23.0,0.6690640572105838,2,32.0,0.6666685340415117,0,0.0,0.9399021219227,2,35.0,0.40154566120383245,0,0.0,0.9235868026623034,0,50.0,0.9302363422609299,18,403.0
1030.0,26,258.0,1.5828220858895705,8.176005450153037,11,275.0,0.13590140549114924,0,0.0,1.0,2,11.0,0.7330645050422651,2,31.0,0.6910914619565707,3,37.0,0.39701887852367734,0,0.0,0.9650774897628163,1,45.0,0.5237846149786338,1,7.0,0.42892850873340055,1,56.0,0.6609452766580799,21,462.0
1035.0,27,241.0,1.4606060606060607,7.9715799975291555,9,260.0,0.1901810838110833,0,0.0,1.0,1,9.0,0.8220896675498492,2,17.0,0.6103452301800041,3,16.0,0.4184952316691402,0,0.0,0.9527355093966632,4,50.0,0.38970150715364377,1,9.0,0.5706273490417035,4,66.0,0.5279406643947208,24,427.0
1040.0,23,295.0,1.7664670658682635,8.715055299684515,11,279.0,0.28383886387074697,0,0.0,1.0,0,4.0,0.9031336291395741,4,38.0,0.5691308204464997,1,14.0,0.4267478928576242,0,0.0,0.9878291812133295,2,31.0,0.642712572084381,0,4.0,0.7493101778806307,4,54.0,0.4677006529550708,22,424.0
1045.0,29,385.0,2.2514619883040936,8.414447505612081,11,300.0,0.1568567006767666,0,4.0,0.9270610950646216,0,4.0,0.9354676961826459,6,69.0,0.23588757068699656,3,28.0,0.5197132676388088,0,0.0,0.9867021566598527,1,15.0,0.7400527694877985,0,0.0,0.8014475790578028,3,68.0,0.5536842460176924,24,488.0
1050.0,38,497.0,2.940828402366864,7.1345441164692245,14,335.0,0.09383292224446316,0,4.0,0.9200485890948561,1,5.0,0.5438264755047485,6,69.0,0.3154773174494652,2,27.0,0.6262199947319084,0,0.0,0.9599498674378116,2,24.0,0.5595281347278251,0,4.0,0.6569853387164237,3,55.0,0.4477772003686698,28,523.0
1055.0,31,420.0,2.5,7.422446298371968,10,369.0,0.2118209217709057,0,4.0,0.9013096482033374,2,12.0,0.594111767088684,0,54.0,0.5140170126443776,0,19.0,0.7087856107671172,0,0.0,1.0,4,18.0,0.14722158602055233,1,8.0,0.6819267619916317,3,29.0,0.35381593061715166,20,513.0
1060.0,32,503.0,2.994047619047619,8.500508198420283,6,340.0,0.20473633663193028,0,4.0,0.936541480758778,4,25.0,0.527171858593908,0,16.0,0.6612912757011207,1,11.0,0.772547624204529,0,0.0,1.0,3,32.0,0.3416177893893879,2,24.0,0.6316297095094088,4,44.0,0.5052471784727717,20,496.0
1065.0,28,463.0,2.7724550898203595,8.12856162698865,6,287.0,0.08092731729038775,0,4.0,0.8989311902007054,2,21.0,0.7093740573684986,1,9.0,0.6152763617578939,0,0.0,0.48643421806687864,0,0.0,0.9290968079170583,3,54.0,0.4851269089001038,1,16.0,0.7231463649289929,4,72.0,0.4405886969355103,17,463.0
1070.0,31,353.0,2.1011904761904763,8.04297695138744,8,252.0,0.23868427775729487,0,4.0,0.9401490662515677,0,14.0,0.8094810680432537,1,3.0,0.6462404664398321,2,10.0,0.11157078932500389,0,0.0,0.9625927189942141,4,59.0,0.40988186449527453,1,13.0,0.6542994077509318,5,74.0,0.3034343522962537,21,429.0
1075.0,32,394.0,2.331360946745562,8.351495439078338,9,194.0,0.23807013555576872,0,0.0,0.8086056143970062,0,3.0,0.960418200305996,2,11.0,0.7282840277119162,4,36.0,0.4236519030993018,0,0.0,0.9825342519615685,1,17.0,0.6071343052675137,1,22.0,0.5034675380562004,1,23.0,0.45946540136213226,18,306.0
1080.0,30,474.0,2.8214285714285716,7.8425536064754,8,188.0,0.1887140621560243,1,3.0,0.6918768495873302,0,3.0,0.9237516998401435,2,21.0,0.45338462969632454,3,42.0,0.6675959281482664,0,0.0,1.0,2,31.0,0.5333054218988251,2,28.0,0.4976176673556212,2,21.0,0.5975102307513774,20,337.0
1085.0,25,295.0,1.7352941176470589,8.187878023076616,4,167.0,0.12243997093118944,0,0.0,0.894298901227741,0,3.0,0.9340967922095833,2,12.0,0.3087654069009176,0,21.0,0.7652740527477874,0,0.0,1.0,4,53.0,0.30650568621120367,3,38.0,0.6024889217245445,2,70.0,0.5025225422446481,15,364.0
1090.0,23,196.0,1.1529411764705881,8.506628128797932,5,108.0,0.18483250696325318,0,0.0,0.8612668859616806,0,3.0,0.8933130379546833,0,9.0,0.8590775073733752,0,10.0,0.6183123185062125,0,0.0,0.9462310276571725,3,38.0,0.2918730980970193,3,51.0,0.6521642877055327,2,58.0,0.6358063343548978,13,277.0
1095.0,14,147.0,0.8909090909090909,9.052636935788538,4,76.0,0.288108479427457,0,4.0,0.9096710387961519,0,3.0,0.966926701167139,0,17.0,0.9512825649565732,2,10.0,0.6194074128038412,0,0.0,0.9859930667560405,2,28.0,0.22673219183425866,3,70.0,0.6325598545766772,1,133.0,0.672986983671127,12,341.0
1100.0,20,198.0,1.2298136645962734,8.949127156807405,3,79.0,0.5005284751640348,0,4.0,0.8969159898688077,1,4.0,0.7392580120562995,0,12.0,0.8307852101369102,3,19.0,0.5660092143292136,0,3.0,0.9898351637399313,3,59.0,0.36371695031784235,4,72.0,0.5003346120713023,2,210.0,0.4183356837897095,16,462.0
1105.0,20,189.0,1.2038216560509554,8.240212033501255,4,79.0,0.4702394466608876,1,6.0,0.2704696856652648,4,20.0,0.5777275232585647,0,8.0,0.9244203169030595,4,31.0,0.23962510369230067,0,3.0,0.9018641343010462,1,32.0,0.5537721808823002,2,74.0,0.5346273988656992,2,168.0,0.4108872820266065,18,421.0
1110.0,17,219.0,1.3860759493670887,8.509126114119166,3,55.0,0.49559428661625743,1,8.0,0.634565419289939,4,37.0,0.5535817725715091,0,5.0,0.6548648470977669,5,57.0,0.3497331259000594,0,1.0,0.9257535677557851,0,29.0,0.5050668952374601,2,85.0,0.46743536437021954,0,87.0,0.7205923635187891,15,364.0
1115.0,23,256.0,1.641025641025641,8.758980770607197,4,56.0,0.20376708704264332,0,7.0,0.8973943269951036,5,60.0,0.47945886399538135,1,9.0,0.6378246273977803,4,49.0,0.5226999751822506,0,1.0,0.9161295035162701,2,39.0,0.6109334200279175,5,105.0,0.21283176408508722,0,10.0,0.8218984430979387,21,336.0
1120.0,23,301.0,1.9050632911392404,8.684417298206727,6,73.0,0.1351569319785384,1,4.0,0.3386178772403788,6,97.0,0.5480298742804145,2,15.0,0.6333961232441275,1,37.0,0.5594289093805735,0,0.0,1.0,2,49.0,0.6266883524078787,4,116.0,0.3427276634788274,0,4.0,0.922041527477574,22,395.0
1125.0,20,342.0,2.1375,8.85338407299022,6,92.0,0.1756372990961717,0,3.0,0.8456156246785851,6,115.0,0.485571269234483,0,8.0,0.7580824598470094,2,19.0,0.41010561719276034,0,0.0,1.0,2,38.0,0.3819738969194238,2,115.0,0.5447865047926167,0,4.0,0.8674445176432379,18,394.0
1130.0,21,325.0,2.018633540372671,8.923882525280304,4,99.0,0.3741854420560179,0,3.0,0.9303446343572062,4,70.0,0.6253745752722919,2,15.0,0.6709798572886275,3,41.0,0.5626941749737414,0,0.0,1.0,5,48.0,0.2625787061825105,2,121.0,0.7178957839771946,1,2.0,0.6859325639667359,21,399.0
1135.0,17,158.0,0.9753086419753086,8.64073669943998,6,114.0,0.47592494267699653,0,3.0,0.9616595686907156,1,9.0,0.6819766733867705,4,31.0,0.5421849204559941,1,15.0,0.6512504606537545,0,4.0,0.9894876936734476,1,35.0,0.45059365836299403,1,1.0,0.5859583271707697,3,18.0,0.5412578433007296,17,230.0
1140.0,23,228.0,1.4161490683229814,8.326793308443431,6,143.0,0.39044992265787487,0,3.0,0.7101253921702684,3,21.0,0.5431538560141042,5,40.0,0.30728838258310825,3,26.0,0.5063345301434575,0,4.0,0.9427193555543119,0,4.0,0.7679295147499569,3,10.0,0.42815213012295383,3,37.0,0.6800362627293424,23,288.0
1145.0,18,220.0,1.3496932515337423,8.002912752174781,5,144.0,0.15525598099849627,0,0.0,0.8484480768255289,2,13.0,0.49640292429758665,3,44.0,0.4652239875047746,3,33.0,0.31516979855424776,0,0.0,0.9747218264644074,1,9.0,0.5847458757891247,3,25.0,0.2737395334945266,0,8.0,0.8246057497259591,17,276.0
1150.0,30,244.0,1.4787878787878788,7.961707364120932,7,155.0,0.12940426155321447,1,5.0,0.6400305055112606,0,8.0,0.9035782811106802,3,34.0,0.4740387175949607,4,29.0,0.2703158478642289,0,3.0,0.9873586707778549,4,22.0,0.352937286337916,2,16.0,0.40950181145387254,3,16.0,0.6470159826282109,24,288.0
1155.0,26,287.0,1.7393939393939395,8.626051202594576,7,173.0,0.0391125444320504,0,4.0,0.705537334859461,0,5.0,0.8710053482562907,2,25.0,0.4001707214960678,1,24.0,0.4190190327410475,0,7.0,0.8146376611166398,4,35.0,0.44457248867538357,1,24.0,0.5664054951574413,4,34.0,0.4502391850707241,19,331.0
1160.0,24,338.0,2.011904761904762,8.904326452590935,6,187.0,0.0,0,4.0,0.8149333887939066,0,9.0,0.8306458877953143,2,18.0,0.732085709799226,1,25.0,0.7060467802096425,0,0.0,0.9504792674399462,4,51.0,0.4283753518966163,2,30.0,0.5374892777214301,3,19.0,0.4448017745501289,18,343.0
1165.0,21,365.0,2.2392638036809815,9.070191145220845,4,224.0,0.2784087163731231,0,4.0,0.9504118242909222,0,9.0,0.89463876468386,3,29.0,0.6238104569615155,1,30.0,0.8297106686436044,0,4.0,0.9283248432892711,3,47.0,0.45142368797269794,3,47.0,0.46775111444928086,0,7.0,0.5503748412187938,14,401.0
1170.0,24,344.0,2.097560975609756,8.37080119299642,5,207.0,0.3342302637228969,0,4.0,0.9372282441514043,2,15.0,0.6425426658966358,2,8.0,0.3849832519160688,0,12.0,0.9240288943345546,0,4.0,0.9377975328971507,1,18.0,0.7214272478737458,2,15.0,0.4993059333577752,2,9.0,0.45683983881746404,14,292.0
1175.0,24,328.0,2.0372670807453415,8.273546261161359,6,135.0,0.2852495870935655,0,4.0,0.7669214486992889,1,12.0,0.7890446144498018,0,0.0,0.7816373406634674,0,8.0,0.5830626465000781,0,2.0,0.9332068926581013,1,71.0,0.48328357704938874,1,17.0,0.7225180452044024,2,19.0,0.24427333320536276,11,268.0
1180.0,28,296.0,1.8853503184713376,8.556054477221577,4,92.0,0.3546611650167132,1,6.0,0.6445148518933788,0,5.0,0.7859519622309118,1,2.0,0.794622001092477,2,19.0,0.6010357218746282,0,2.0,0.9660271607769221,4,60.0,0.47266155781186625,1,18.0,0.7654050144916422,1,25.0,0.7306211317144794,14,229.0
1185.0,29,372.0,2.325,8.455031965226922,4,54.0,0.41104499589714977,1,1.0,0.5590050445860516,2,11.0,0.5965303270442606,1,7.0,0.7398274424395568,1,15.0,0.7388253353812045,0,0.0,1.0,4,68.0,0.37441298293365965,3,4.0,0.29297639256641306,1,17.0,0.7888542419484246,17,177.0
1190.0,32,451.0,2.891025641025641,8.126772079762118,5,47.0,0.3635835965911028,1,6.0,0.4804570027832475,2,8.0,0.5788287950071038,1,12.0,0.4395363666544911,1,10.0,0.5611966670895873,0,0.0,0.942043150913029,5,52.0,0.16840112630540743,3,17.0,0.2893000311601884,1,21.0,0.6773245450860832,19,173.0
1195.0,21,307.0,1.9430379746835442,8.656232785544773,3,31.0,0.45762893549706696,0,0.0,0.689075253301616,1,3.0,0.662940149755973,2,25.0,0.683721479957566,1,11.0,0.4236741838037253,0,4.0,0.9321073683638437,0,12.0,0.8790495170453437,4,37.0,0.4754234450298776,1,1.0,0.1580414931150521,12,124.0
1200.0,7,71.0,0.4382716049382716,9.288294427520123,3,55.0,0.5697380480850863,0,0.0,0.6876190770722899,1,8.0,0.7630426206466902,0,4.0,0.7579937366677334,1,5.0,0.7330809597534577,0,4.0,0.9692538927192338,0,16.0,0.7071904872350854,2,28.0,0.5725400789715906,0,2.0,0.8372226643550592,7,122.0
1205.0,9,72.0,0.43373493975903615,9.096936506121242,4,45.0,0.3122870009862179,1,5.0,0.49872813623063833,0,4.0,0.962624809106365,0,11.0,0.5786927638868284,0,8.0,0.6847346748934916,0,0.0,1.0,1,15.0,0.47975686341953505,2,28.0,0.5500747883449585,0,2.0,0.9141956231187347,8,118.0
1210.0,21,135.0,0.8035714285714286,8.67830346695869,5,70.0,0.29142906259019086,1,10.0,0.0,0,4.0,0.9431933203924093,5,28.0,0.3069273715263223,2,16.0,0.6145725198443232,0,49.0,0.6237973967138876,2,5.0,0.4454576158774198,3,42.0,0.5435209758919108,1,3.0,0.690040305773465,19,227.0
1215.0,25,197.0,1.201219512195122,8.750323334750403,6,92.0,0.2860131200237228,0,0.0,1.0,1,1.0,0.46844566425366735,3,16.0,0.17863381821686666,2,17.0,0.6223211287235154,0,50.0,0.7481931849462824,1,11.0,0.7086755470464823,3,53.0,0.48985944399424425,3,10.0,0.5416936005282411,19,250.0
1220.0,22,251.0,1.578616352201258,9.261759450014535,7,126.0,0.2927828566465246,0,0.0,1.0,0,0.0,0.9301943033442587,0,7.0,0.7798131463438323,3,17.0,0.5202664576974597,0,0.0,0.9007235567146777,1,24.0,0.6475464575985171,3,68.0,0.48369354490154765,3,17.0,0.30186328250589023,17,259.0
1225.0,21,287.0,1.8164556962025316,9.29562697795821,8,157.0,0.23956733336127475,0,4.0,0.9332682811338697,0,0.0,0.8731743022945851,0,0.0,0.8601734389923307,3,21.0,0.5645652333667851,0,23.0,0.8906541309544749,0,19.0,0.4289276580006675,3,60.0,0.3434548726058657,3,30.0,0.0,17,314.0
1230.0,14,214.0,1.3544303797468353,9.124406472963065,7,155.0,0.2987387627071967,0,4.0,0.9612433772999354,1,3.0,0.6087654936690027,0,27.0,0.7856182530897412,1,5.0,0.5407083929101846,0,52.0,0.8707742954536348,2,25.0,0.409547297314888,1,49.0,0.43103413294773174,0,0.0,1.0,12,320.0
1235.0,25,231.0,1.44375,8.38216224224764,8,150.0,0.352608144848728,0,4.0,0.9371120130022138,0,0.0,0.9637707739270276,1,37.0,0.6421976084877303,3,15.0,0.4719717901874658,0,45.0,0.8113880307878565,4,41.0,0.17655032143955174,3,63.0,0.4558751831441816,0,4.0,0.4792471039642505,19,359.0
1240.0,29,328.0,2.0628930817610063,8.533404867392882,8,159.0,0.3441775443321816,0,4.0,0.9543364253615663,0,0.0,0.9344985700543761,4,53.0,0.5827324972930115,5,36.0,0.44148302288167124,0,29.0,0.880885056315676,3,19.0,0.37726570328845394,2,75.0,0.4810349815245288,1,8.0,0.5986815244122478,23,383.0
1245.0,25,231.0,1.434782608695652,8.2240167270321,9,114.0,0.2353708423381998,0,4.0,0.981587255074312,0,0.0,0.9251866067327597,7,85.0,0.362742213093725,4,42.0,0.4298241663633095,0,30.0,0.8097315888649611,0,9.0,0.5488555393209799,1,12.0,0.6849458604954102,0,7.0,0.8026389022101221,21,303.0
1250.0,26,177.0,1.127388535031847,8.328361416872392,5,89.0,0.3817723550582915,0,4.0,0.8466411812664089,0,4.0,0.9384991117470554,12,131.0,0.29672135002397504,1,36.0,0.4064591133299616,0,0.0,0.945875490521545,2,14.0,0.6075825305507871,3,26.0,0.297766349231377,0,7.0,0.9284973025909746,23,311.0
1255.0,27,214.0,1.3459119496855345,8.297583074165225,7,75.0,0.2760994158157306,0,0.0,1.0,0,4.0,0.8167171374898501,8,106.0,0.3547476420728588,2,17.0,0.4265905464878108,0,0.0,0.9592100382533053,1,13.0,0.4578921887924796,4,46.0,0.30008808439481643,0,8.0,0.8708825233869089,22,269.0
1260.0,23,172.0,1.075,9.066641014643789,8,98.0,0.35150600580424185,0,0.0,1.0,1,7.0,0.7446051659767812,4,86.0,0.5299154553209944,2,30.0,0.6024861538308839,0,0.0,0.9311581379075818,1,24.0,0.48985361422271473,2,30.0,0.5033307357989799,0,9.0,0.9133147162938476,18,284.0
1265.0,21,168.0,1.05,8.735541630567676,6,118.0,0.316598907537802,0,0.0,1.0,2,13.0,0.6387684205618153,4,74.0,0.5106522538458514,1,13.0,0.7539301507319216,0,0.0,0.9632981018523055,2,14.0,0.45848104942768253,1,15.0,0.5682098380520572,0,11.0,0.8934747513131761,16,258.0
1270.0,26,206.0,1.3205128205128205,7.842391678220333,10,135.0,0.318422325046384,0,0.0,0.878966335589347,2,8.0,0.6300698970511557,6,84.0,0.4214377783966198,1,18.0,0.4959797144763897,0,0.0,1.0,1,51.0,0.3857963904846853,1,20.0,0.37473209428711846,3,21.0,0.5981528221776894,24,337.0
1275.0,28,261.0,1.6624203821656052,8.01790839508088,10,146.0,0.3155243921228845,0,0.0,0.9879616992104449,1,7.0,0.6325111786649816,5,79.0,0.34619045557627726,3,30.0,0.5245967191093034,0,0.0,0.7263124626172623,1,118.0,0.5529699714693246,3,31.0,0.3470428432360029,1,15.0,0.40392284787788196,24,426.0
1280.0,35,357.0,2.2452830188679247,8.352899286945055,11,180.0,0.20966370611706361,0,0.0,0.9681762161157929,2,19.0,0.6802201217351459,6,84.0,0.34781773977848235,3,38.0,0.4148000194962989,0,0.0,0.9777403996463783,1,98.0,0.6328440778793565,4,57.0,0.5275271832137864,3,24.0,0.31006633287386576,30,500.0
1285.0,36,448.0,2.8,7.844118506303937,13,234.0,0.13371276812470134,0,0.0,0.9565160448484009,0,0.0,0.9377318317627005,10,123.0,0.12521957741628278,1,32.0,0.30695271693713,0,7.0,0.9829139557011974,1,9.0,0.3500175069306684,2,64.0,0.502670709945011,5,45.0,0.28407807964796933,32,514.0
1290.0,41,515.0,3.102409638554217,7.617916494065425,14,262.0,0.20328639353579042,0,0.0,0.885725832135584,0,0.0,0.9258476888543298,9,124.0,0.35989381872163406,1,15.0,0.3479824107236638,0,13.0,0.9261275078964678,2,9.0,0.4904644188012212,5,83.0,0.33439173162128116,3,23.0,0.0005240684677951089,34,529.0
1295.0,31,339.0,2.067073170731707,8.266675891770593,10,277.0,0.18584041946084143,0,0.0,0.455710397632832,0,9.0,0.9244255135761748,6,134.0,0.4589373455310079,1,19.0,0.5527857824068081,0,22.0,0.9587956300483896,3,22.0,0.5415498326447771,4,58.0,0.23468582471641794,0,0.0,0.7471935706186872,24,541.0
1300.0,29,312.0,1.937888198757764,7.932108978437628,8,218.0,0.16428460719451865,1,4.0,0.6062072656175238,0,4.0,0.8868703777715498,5,119.0,0.3160276314675828,2,24.0,0.6199477904829586,0,0.0,0.9024986677866436,2,14.0,0.21819496603730168,4,54.0,0.4537919029591759,0,8.0,0.9649216919350643,22,445.0
1305.0,31,374.0,2.2804878048780486,8.378628558613647,6,200.0,0.2717777804284351,1,9.0,0.6311753566595083,0,4.0,0.8949232542391065,4,100.0,0.2867199237695898,2,30.0,0.5502273116006824,0,0.0,0.960358180763135,4,38.0,0.20427430984839867,4,60.0,0.49368745740102377,0,10.0,0.9580347701776804,21,451.0
1310.0,30,334.0,2.0365853658536586,7.752811139697435,5,204.0,0.2362799802454683,1,14.0,0.4833667088357805,3,10.0,0.6743576420699593,4,114.0,0.34484434609874515,3,22.0,0.521655677092555,0,0.0,1.0,4,56.0,0.2733524720866785,3,41.0,0.43028905673170187,0,10.0,0.43682586801433515,23,471.0
1315.0,28,308.0,1.8666666666666667,7.719339404440346,8,185.0,0.27152007670534556,0,0.0,0.8883286524855419,1,7.0,0.6557674142995641,4,117.0,0.48371034468005586,1,13.0,0.38847652929623705,0,0.0,1.0,3,92.0,0.3900859397894905,0,11.0,0.29756568485533524,3,17.0,0.314338695119665,20,442.0
1320.0,23,181.0,1.096969696969697,7.91533972386762,8,191.0,0.22176812254121434,0,0.0,0.9677631086205698,0,4.0,0.8077228808234681,1,73.0,0.5429443095451647,2,22.0,0.5347724698809058,0,0.0,1.0,1,36.0,0.4721494127557206,2,7.0,0.20643386381168877,5,37.0,0.14580733912756486,19,370.0
1325.0,22,153.0,0.9053254437869822,8.520739780262797,7,158.0,0.17522303382056154,0,0.0,0.9590706778008719,0,0.0,0.6724144502824418,3,59.0,0.48577355407914286,0,12.0,0.8971752711058865,0,0.0,0.8271310818395973,2,25.0,0.5666729455784867,1,9.0,0.6365302633790227,2,24.0,0.5072518538498115,15,287.0
1330.0,29,243.0,1.4727272727272727,8.320062484423907,8,140.0,0.2964468938294743,0,4.0,0.5587784799169256,0,0.0,0.8919023453690974,8,101.0,0.31286516162907607,0,12.0,0.8568998232090578,0,0.0,0.9498569486933554,2,17.0,0.45364377654091254,1,14.0,0.5480417945027846,0,5.0,0.813039731474774,19,293.0
1335.0,38,363.0,2.226993865030675,7.692716989814801,8,153.0,0.279267342273293,1,9.0,0.4757896720348531,0,0.0,0.8176469075745701,10,112.0,0.11604442177730155,1,13.0,0.53149601919356,0,13.0,0.9310492689165489,4,27.0,0.19089298263907908,2,25.0,0.4689673584609432,0,8.0,0.9126741166142436,26,360.0
1340.0,29,361.0,2.201219512195122,8.071428188975922,9,168.0,0.20913112815280066,1,14.0,0.6506563144805367,1,5.0,0.8044076402004636,3,94.0,0.337294818509736,1,13.0,0.38641703846167386,0,13.0,0.87826889615675,4,39.0,0.4212025271821796,1,11.0,0.7538838689289247,0,16.0,0.5141557356111548,20,373.0
1345.0,25,296.0,1.793939393939394,8.440429714162748,6,183.0,0.16231278733608911,1,19.0,0.6257542427666557,0,0.0,0.9537144091330353,3,66.0,0.43446745264306935,1,12.0,0.3666683566163316,0,54.0,0.7685148541106414,2,48.0,0.5165978419743735,0,4.0,0.9323793130465537,2,26.0,0.5418703838672959,15,412.0
1350.0,27,387.0,2.388888888888889,8.850495302561049,6,165.0,0.4565170309692567,1,24.0,0.4679743028260143,1,1.0,0.777495512343795,3,49.0,0.5793710789974719,2,13.0,0.4364979658605181,0,4.0,0.9720779389971196,0,78.0,0.6051845034784127,1,7.0,0.6048578585035472,3,37.0,0.4705388377577171,17,378.0
1355.0,27,340.0,2.111801242236025,8.230696006191758,6,75.0,0.34604083229872584,0,0.0,0.635764103444629,1,10.0,0.8278771619427344,3,53.0,0.5011072993792955,0,0.0,0.9395451866906622,0,0.0,0.9890586317076386,2,48.0,0.48889307934124726,0,0.0,0.5752779663276832,4,57.0,0.41916177046520686,16,243.0
1360.0,20,181.0,1.1383647798742138,8.094494025358163,3,55.0,0.3911411182385887,0,0.0,1.0,1,2.0,0.7387415913365014,1,32.0,0.6077167171405591,0,0.0,0.8458699579688633,0,0.0,0.9860700284016318,2,57.0,0.49522991757939955,1,5.0,0.5442407755299319,3,57.0,0.2809183145495027,11,208.0
1365.0,28,161.0,0.9877300613496932,7.907751464754471,6,64.0,0.1935912854259996,0,0.0,0.9446438692612885,2,14.0,0.646159070105027,3,22.0,0.5160828370138493,1,5.0,0.6121220571681782,0,0.0,0.9943414950285213,4,62.0,0.3143974375942934,2,10.0,0.46873281271405,2,11.0,0.3814718730946212,20,188.0
1370.0,42,327.0,2.0061349693251533,8.069844082671358,8,85.0,0.26019779718847513,0,3.0,0.949237044726237,3,29.0,0.6150219504852003,5,41.0,0.27903301123226937,2,14.0,0.6563146079754493,0,6.0,0.9661317543577697,7,55.0,0.3844776628073588,2,8.0,0.5838406643332997,3,24.0,0.4280544610924934,30,265.0
1375.0,34,355.0,2.2049689440993787,7.711441739048061,5,99.0,0.16262616640414002,0,3.0,0.9735772796492532,1,6.0,0.8080234453038754,6,68.0,0.27056494225064787,1,12.0,0.460046383213984,0,1.0,0.9537267970391067,3,34.0,0.3432224705284814,2,20.0,0.6532526597226606,3,56.0,0.5563655069502667,21,299.0
1380.0,20,180.0,1.1320754716981132,7.7489853737291945,4,77.0,0.29393281377260944,0,3.0,0.9468933951668023,1,6.0,0.7037544828679103,1,49.0,0.5724315588794897,2,6.0,0.22308933059322872,0,0.0,1.0,1,67.0,0.5832233399848613,3,31.0,0.530302539350681,0,17.0,0.7150946545184292,12,256.0
1385.0,25,255.0,1.5740740740740742,7.782236391065171,3,69.0,0.2808107204169041,0,3.0,0.9203598662858523,3,22.0,0.7353574389868316,2,31.0,0.6828461890879768,2,12.0,0.46803253455724125,0,0.0,1.0,1,69.0,0.5303446531333496,4,58.0,0.5346679366644227,1,23.0,0.6800946054866523,16,287.0
1390.0,32,299.0,1.845679012345679,7.887162266216127,4,80.0,0.281380659346505,0,3.0,0.9473449403070804,3,22.0,0.7022513618230847,4,28.0,0.5192118762192741,0,0.0,0.8851014794854609,0,0.0,1.0,2,74.0,0.523913683681593,5,38.0,0.38338209305150167,3,13.0,0.333414773265142,21,258.0
1395.0,37,377.0,2.3271604938271606,7.423852029532695,5,93.0,0.3113740385725645,0,0.0,0.971385751775453,2,24.0,0.68690169044635,3,18.0,0.2640850426647879,0,0.0,0.8730513190827041,0,0.0,1.0,1,9.0,0.5500177348556683,7,65.0,0.19699142026478775,5,33.0,0.4258820342591792,23,242.0
1400.0,41,524.0,3.175757575757576,7.718385301645522,5,98.0,0.2852637482696714,0,0.0,0.9480955323562623,3,29.0,0.6496748641421487,4,17.0,0.42321189496310746,0,4.0,0.53992117485832,0,22.0,0.9460991806918375,1,59.0,0.46412098088637554,10,107.0,0.22331602364339542,5,62.0,0.47372292814880784,28,398.0
1405.0,33,529.0,3.1867469879518073,7.797160233239894,3,89.0,0.3195580551271424,0,0.0,0.9249172853526016,2,22.0,0.8067689527380971,4,40.0,0.42519576570686995,1,9.0,0.5730194839961427,0,22.0,0.8284088289866648,2,130.0,0.43932983781499263,8,107.0,0.30831556270099186,2,21.0,0.38810050009600977,22,440.0
1410.0,25,493.0,2.987878787878788,7.920375851243672,4,65.0,0.2239393245587894,0,4.0,0.9584631971509583,0,11.0,0.8412186066585091,3,22.0,0.4335230893066622,1,13.0,0.6442495402863497,0,0.0,1.0,1,83.0,0.4817576140859264,2,88.0,0.5020279988446072,1,9.0,0.5486574475226365,12,295.0
1415.0,32,543.0,3.2710843373493974,8.11085237910242,5,41.0,0.3509700710435406,0,8.0,0.9406496093151656,1,11.0,0.770792684206049,2,22.0,0.6300826100134204,2,24.0,0.4612159356658594,0,0.0,1.0,1,80.0,0.6282602769397032,3,53.0,0.48852786037561174,2,19.0,0.43688615307770906,16,258.0
1420.0,29,357.0,2.125,8.196904890338704,5,40.0,0.26780439470251866,0,8.0,0.9334747887100386,1,8.0,0.8710423121702612,2,29.0,0.6441533534361886,3,39.0,0.5430886394653228,0,0.0,1.0,1,84.0,0.3989523920846555,3,60.0,0.49665149529970865,2,30.0,0.5614966246582773,17,298.0
1425.0,25,239.0,1.4058823529411764,8.017956105749663,5,65.0,0.28449689760822927,0,8.0,0.9417273177327445,0,4.0,0.7963597033402402,2,33.0,0.4635909408027046,3,54.0,0.5166175733381294,0,0.0,0.9932403320020702,4,41.0,0.28435638461355744,4,50.0,0.3960977364013694,2,44.0,0.5352750051974356,20,299.0
1430.0,35,281.0,1.6432748538011697,8.449991935260956,3,35.0,0.30137484576944096,0,8.0,0.9318766959952989,4,14.0,0.6128403479110899,2,43.0,0.3209568532803743,4,74.0,0.5135934416379493,0,0.0,1.0,4,50.0,0.4849358829576027,5,43.0,0.3957168132627337,4,59.0,0.34301462211735273,26,326.0
1435.0,32,275.0,1.5895953757225434,7.979780607924515,2,30.0,0.33196316205258825,0,8.0,0.9388069062126384,3,15.0,0.6644508569622494,1,26.0,0.7267660029342666,1,5.0,0.6166432042868223,0,0.0,0.7900767746141527,4,227.0,0.48084160898183637,5,50.0,0.34210075009445784,1,37.0,0.5353534803849926,17,398.0
1440.0,29,246.0,1.4470588235294117,8.112925282951906,3,43.0,0.37096461497464917,0,16.0,0.7948530713707461,2,5.0,0.7543204559531469,0,0.0,0.7793744641109304,3,18.0,0.44025613764490124,0,0.0,0.9438203648675821,4,226.0,0.3764288849678442,5,49.0,0.25712740877759965,1,8.0,0.7373286628789555,18,365.0
1445.0,25,205.0,1.21301775147929,8.304283954339573,2,40.0,0.46667016024451874,1,25.0,0.7971001391354,2,15.0,0.735034383286152,1,3.0,0.4668941364483773,5,43.0,0.4109663089036199,0,0.0,1.0,2,222.0,0.420356275587458,3,61.0,0.3161977214155977,2,11.0,0.5853269680841121,18,420.0
1450.0,19,214.0,1.3375,8.404083454115383,1,38.0,0.5437589050597196,1,17.0,0.735962087643131,2,25.0,0.6428813235915813,0,0.0,0.8091253331474482,4,58.0,0.5381665901780814,0,0.0,1.0,4,233.0,0.435688116123119,4,81.0,0.4021691858213348,0,3.0,0.5738402908135255,16,455.0
1455.0,22,135.0,0.84375,8.443920371103887,3,40.0,0.2334872261381004,0,16.0,0.874415967998031,1,20.0,0.6347178429052365,0,11.0,0.9139022282591238,2,61.0,0.5127496050712714,0,0.0,0.9258822236605059,7,156.0,0.21833940287444126,1,14.0,0.5448548842480426,2,29.0,0.405593346024583,16,347.0
1460.0,30,167.0,1.0245398773006136,8.665468755959727,2,41.0,0.3360344791374806,0,16.0,0.9343288865782405,2,5.0,0.47144994872202056,0,7.0,0.9223105941501544,4,46.0,0.4388283996936085,0,4.0,0.9274481012318038,6,89.0,0.21572841196903134,2,12.0,0.4959263754978475,4,47.0,0.28354568849994916,20,267.0
1465.0,32,245.0,1.5123456790123457,7.969815015286135,3,64.0,0.34944391688544973,0,8.0,0.939683246936543,2,19.0,0.4138556785520766,1,2.0,0.7882211254860672,2,30.0,0.49846924164367956,0,4.0,0.8037393946627107,6,111.0,0.21663167934289837,3,18.0,0.37859559086678296,3,45.0,0.33608628144179525,20,301.0
1470.0,31,304.0,1.876543209876543,7.674403570614711,4,84.0,0.27748067625022177,0,8.0,0.8330948041365416,1,15.0,0.3745597172173799,2,18.0,0.7697883574816767,4,42.0,0.3274444014480966,0,99.0,0.9939973745952488,5,83.0,0.07287563253484197,1,14.0,0.25041222679280245,0,26.0,0.6083221914002667,17,389.0
1475.0,33,326.0,2.0375,7.727142296338485,5,79.0,0.3446955877481519,1,16.0,0.6672047644333567,2,11.0,0.2383459247820056,1,23.0,0.8052744048249194,6,75.0,0.37118996652882646,0,2.0,0.9431963787928679,4,65.0,0.20267776024897402,1,19.0,0.5413528990995281,0,0.0,0.6674933138436236,20,290.0
1480.0,34,430.0,2.6219512195121952,8.303919914455784,2,59.0,0.3297527853467856,1,17.0,0.6872718661065765,3,26.0,0.24310006300232564,2,27.0,0.6800693815552618,9,116.0,0.4260066990335724,0,55.0,0.9615125459932031,3,100.0,0.3739470676015558,2,20.0,0.3488836708102948,1,1.0,0.49516129813520454,23,421.0
1485.0,30,440.0,2.7160493827160495,7.9275190665832405,3,43.0,0.23519143988790417,0,4.0,0.6425581106176741,0,0.0,0.9139713288267342,2,32.0,0.4033220562607106,8,120.0,0.4348413275763109,0,53.0,0.9235762588701641,2,83.0,0.5148822247009069,1,3.0,0.6243725416096666,0,0.0,0.02111843585393393,16,338.0
1490.0,31,347.0,2.128834355828221,8.243075507211069,4,39.0,0.43273747202487395,1,9.0,0.7408883025203997,0,0.0,0.9434229422414511,2,21.0,0.44759430129575667,5,115.0,0.2483607422175306,0,0.0,0.9332443742279715,5,210.0,0.3307122095191873,1,8.0,0.49955930535422943,1,9.0,0.4830297713549026,19,411.0
1495.0,28,269.0,1.670807453416149,8.156051141412478,2,35.0,0.5416010764357824,1,14.0,0.736608929077562,0,4.0,0.9325640195975726,1,14.0,0.6058203109067908,5,80.0,0.18518616124391837,0,0.0,1.0,8,187.0,0.28693950906531307,2,9.0,0.44810260522980916,1,16.0,0.6339720572859999,20,359.0
1500.0,24,193.0,1.20625,7.33913961332414,4,22.0,0.31385051699175004,2,21.0,0.569840517323606,0,4.0,0.9204646457895747,2,23.0,0.7384675225477199,4,72.0,0.1669997741126949,0,0.0,1.0,6,156.0,0.23276779719930438,2,14.0,0.4690694844949833,0,6.0,0.9278057140317338,20,318.0
1505.0,27,133.0,0.83125,7.527405795170236,3,22.0,0.19553618111567073,3,13.0,0.202567896622954,1,7.0,0.46675989954980956,2,26.0,0.60356511708345,4,80.0,0.3071578195432733,0,9.0,0.9877687817659639,2,249.0,0.3919066494770893,2,24.0,0.5678371632543598,0,4.0,0.627961285454535,17,434.0
1510.0,28,199.0,1.24375,8.200321202439856,2,27.0,0.3412501861280807,3,18.0,0.08148826962909611,1,16.0,0.6758046654515419,1,17.0,0.6549182876179996,5,87.0,0.33459740662774956,0,16.0,0.8419027592182446,2,215.0,0.3856812732520726,1,19.0,0.5477969416326128,1,9.0,0.4889949536490881,16,424.0
1515.0,32,253.0,1.6217948717948718,8.325555678174974,2,26.0,0.4043596221333444,3,32.0,0.0,1,17.0,0.7655760166997254,2,21.0,0.6275671477846515,4,66.0,0.45890564809531653,0,51.0,0.9458692293645758,5,179.0,0.3646943364218163,2,28.0,0.6313146151607795,1,24.0,0.7314032328963384,20,444.0
1520.0,22,156.0,0.9811320754716981,8.5197460141621,3,20.0,0.25279008658822827,1,11.0,0.4918479981908066,0,0.0,0.8914454327243068,3,35.0,0.481122801614256,0,30.0,0.4432686608959363,0,51.0,0.9508924294537676,4,94.0,0.28555918662090257,3,39.0,0.5869186705358364,1,29.0,0.6907266027684494,15,309.0
1525.0,18,129.0,0.7962962962962963,8.663536624638192,4,39.0,0.3665296097979324,0,0.0,0.9737745677671054,0,0.0,0.8831728894412222,2,19.0,0.6569823392953099,1,12.0,0.4077664627749686,0,0.0,1.0,4,57.0,0.3253831598391253,3,16.0,0.5073173331040522,1,12.0,0.6443127340845651,15,155.0
1530.0,28,210.0,1.3291139240506329,8.208486408423243,5,61.0,0.32605217642225737,0,0.0,0.018004510255966645,1,6.0,0.7983092310756272,2,20.0,0.7113427813955712,2,22.0,0.37009629831461544,0,11.0,0.9326590256575938,2,48.0,0.4572840872770693,2,26.0,0.5578322274452,1,18.0,0.559161870688479,15,212.0
1535.0,29,225.0,1.4705882352941178,7.790261603229422,6,48.0,0.34222117197123036,0,0.0,0.39128867595068934,1,11.0,0.7867469370644162,5,37.0,0.45463696855193564,1,17.0,0.6550362702046308,0,11.0,0.9621171344232662,1,49.0,0.5170047634420841,3,38.0,0.4428469935594082,2,23.0,0.5074423413712891,19,234.0
1540.0,25,116.0,0.7435897435897436,8.133258733941508,2,29.0,0.3639267143809796,0,0.0,0.9962609899661748,0,4.0,0.9162631415217314,5,33.0,0.584706316689216,2,26.0,0.6858913652177112,0,91.0,0.9617733715102471,1,44.0,0.4846640369869766,4,14.0,0.16292801207899094,0,0.0,0.9079529704885594,14,241.0
1545.0,18,145.0,0.9177215189873418,8.681595086456714,5,40.0,0.3012097677549819,0,4.0,0.9823481300940189,0,5.0,0.833476142516519,0,14.0,0.5336077678506248,2,44.0,0.5573546732381607,0,91.0,0.87945694661689,1,25.0,0.4482397735103678,3,25.0,0.009471639445663201,0,4.0,0.7473335105465067,11,252.0
1550.0,24,147.0,0.9483870967741935,8.556480827844817,4,42.0,0.2732665831465962,0,4.0,0.9264290054060766,2,10.0,0.6351179656902168,2,8.0,0.190168252946243,3,52.0,0.4891606091659162,0,0.0,0.9683322014068259,4,27.0,0.3993534564188347,3,32.0,0.1983197467448122,1,12.0,0.5257187067245046,19,187.0
1555.0,21,156.0,1.0,8.543004469328697,3,36.0,0.36653777534311527,0,4.0,0.9494809308549912,1,5.0,0.5694418274621602,3,8.0,0.2909124113690118,4,63.0,0.39828366166792184,0,2.0,0.74461744049983,4,54.0,0.40432378643710515,2,28.0,0.3028930906557576,0,10.0,0.7209339322351458,17,210.0
1560.0,24,203.0,1.2767295597484276,9.0781167074747,3,47.0,0.4461317907007015,0,4.0,0.6339972585813088,3,14.0,0.5709028873661033,2,14.0,0.48505633210944066,3,61.0,0.4605714299318767,0,25.0,0.9743359170443572,2,40.0,0.5535925291597383,2,46.0,0.34932311758281687,1,11.0,0.40312576730345473,16,262.0
1565.0,23,175.0,1.1146496815286624,9.07044280908353,4,40.0,0.4404209002698898,0,4.0,0.976956638290123,3,29.0,0.596459969217181,2,29.0,0.5349391723443208,1,38.0,0.5485596515669804,0,0.0,1.0,0,38.0,0.6014701413085299,3,53.0,0.37395737623633835,2,18.0,0.6291665217107132,15,249.0
1570.0,14,82.0,0.5256410256410257,8.62796823939067,2,43.0,0.16891978034266897,0,4.0,0.9200350300315119,1,11.0,0.7299023584425767,0,5.0,0.7830028857427243,1,15.0,0.6684671253595952,0,0.0,1.0,1,32.0,0.47297306256249605,1,14.0,0.7301495235140099,2,28.0,0.6661620270154877,8,152.0
1575.0,19,96.0,0.6233766233766234,8.394218264866721,7,59.0,0.1209355095099559,0,0.0,0.9459795463720607,2,16.0,0.6342984285672706,0,4.0,0.7999124994500151,0,10.0,0.8026675487372794,0,0.0,1.0,2,99.0,0.44118410411632264,0,4.0,0.7956566924594636,0,6.0,0.8226184385087242,11,198.0
1580.0,30,178.0,1.1337579617834395,8.14586366159383,6,65.0,0.281883245871938,1,1.0,0.47039560404236125,3,27.0,0.5912890008149249,2,8.0,0.6321602908275629,1,11.0,0.6867783489040374,0,132.0,0.9569752008145642,5,118.0,0.3715218977191139,0,4.0,0.653324395207739,2,9.0,0.40899157506608985,20,375.0
1585.0,32,260.0,1.6352201257861636,8.083936275583419,4,77.0,0.44743906319701926,1,10.0,0.6442909067954952,0,8.0,0.9335383635347199,3,22.0,0.3843909608328977,2,17.0,0.6743515379639394,0,66.0,0.977291650755433,6,61.0,0.24654585861188918,1,4.0,0.5597259028068802,5,35.0,0.3494021035038626,22,300.0
1590.0,38,361.0,2.270440251572327,7.73003079987417,4,86.0,0.5192268773029528,1,15.0,0.4689986840609378,1,6.0,0.6583656003596048,5,43.0,0.22080274356824428,1,8.0,0.5882746932637124,0,0.0,1.0,3,45.0,0.48666570330119424,3,16.0,0.4834302415379258,1,35.0,0.6650639698111959,19,254.0
1595.0,30,274.0,1.7232704402515724,8.2823775842693,4,78.0,0.4114731438459935,0,4.0,0.9115911879526508,2,14.0,0.5376652800346704,5,41.0,0.39864026109252276,1,5.0,0.6699147373042387,0,27.0,0.9782056183740607,1,5.0,0.7380288262307673,5,45.0,0.5096316440917369,2,32.0,0.5496152093660733,20,251.0
1600.0,27,209.0,1.3144654088050314,8.080683551134548,4,47.0,0.3655296244214981,0,4.0,0.9882884220553909,1,11.0,0.7558447209558554,0,18.0,0.6507255490265531,1,10.0,0.7439208653355868,0,27.0,0.9740286089327461,2,69.0,0.4058432260930649,4,38.0,0.48680703758242794,4,51.0,0.5894562355085623,16,275.0
1605.0,23,161.0,1.00625,7.781322901999277,5,41.0,0.3476427590121116,0,4.0,0.9070641625293416,0,12.0,0.6401681062285036,1,9.0,0.6462920707893667,0,4.0,0.8179855075649117,0,4.0,0.9725285477367859,4,114.0,0.28348816153435935,2,22.0,0.5800846766074349,3,49.0,0.5445653686983891,15,259.0
1610.0,25,216.0,1.3416149068322982,7.827619456140179,4,50.0,0.438569704806969,0,4.0,0.8560055614975267,3,22.0,0.5796302469390957,0,0.0,0.5884325815096149,0,0.0,0.5492427180407643,0,4.0,0.9475564938679442,4,123.0,0.3580472837604932,4,38.0,0.049374230820632255,3,24.0,0.5597750038358307,18,265.0
1615.0,30,281.0,1.7345679012345678,8.176004082267902,4,40.0,0.3242932122138684,1,10.0,0.7091716823493344,1,11.0,0.7803682496081406,2,7.0,0.558294610928835,1,8.0,0.5657171335460642,0,17.0,0.9300144930663681,5,134.0,0.37608928804131386,5,36.0,0.2960818091131494,4,40.0,0.5426820005151611,23,303.0
1620.0,32,259.0,1.5602409638554218,8.079419068616689,6,65.0,0.23703600150504808,1,15.0,0.6231066335373449,0,8.0,0.7772766260987918,2,17.0,0.6236521316511802,0,8.0,0.7026488603704024,0,17.0,0.9651922818474962,5,244.0,0.39411063117786255,1,33.0,0.6197037679841102,4,38.0,0.4429544610669698,19,445.0
1625.0,30,266.0,1.6024096385542168,8.092569562096706,5,71.0,0.19724026472695458,1,20.0,0.4856470789435645,1,8.0,0.774752594405339,2,23.0,0.48222621397760124,0,12.0,0.6616457353607865,0,20.0,0.8612889844564913,4,222.0,0.35673496224933615,1,28.0,0.8036018578815012,3,38.0,0.39225206294425324,17,442.0
1630.0,28,271.0,1.6130952380952381,8.580800517252188,4,64.0,0.4009942795007311,0,4.0,0.926131125029247,0,8.0,0.9082584437208853,3,37.0,0.6219131226972214,2,19.0,0.6834895348337306,0,0.0,1.0,5,179.0,0.21732614693157704,1,29.0,0.7703150090737074,4,43.0,0.32047873194849325,19,383.0
1635.0,23,188.0,1.1393939393939394,8.27449477235865,4,57.0,0.4097981980934276,0,4.0,0.955969692472499,0,12.0,0.8158482880443532,2,9.0,0.5667076050632975,1,10.0,0.7222641786465948,0,44.0,0.9802804829642363,6,289.0,0.33338755771771206,3,38.0,0.5970308354349902,3,61.0,0.4003930766276957,19,524.0
1640.0,22,164.0,0.9647058823529412,8.540886182457454,5,53.0,0.47526513231580175,0,8.0,0.9195581115439486,1,12.0,0.6871106607850236,2,15.0,0.29387589160427385,1,14.0,0.5641750436065102,0,8.0,0.9688406086357713,5,123.0,0.3768973161494397,3,53.0,0.5417497778535953,1,57.0,0.7533977105665045,18,343.0
1645.0,26,203.0,1.2011834319526626,8.011931486965146,3,39.0,0.4898889577059636,1,5.0,0.7402513638365595,1,9.0,0.7891457469723463,5,46.0,0.4187084671065874,3,25.0,0.5290405704199678,0,8.0,0.9606465804391134,6,83.0,0.27778065829421217,1,17.0,0.35336171252722465,1,24.0,0.6807862628660152,21,256.0
1650.0,30,237.0,1.4107142857142858,8.047198505978056,4,54.0,0.26271427532320824,0,4.0,0.9176906269473675,0,4.0,0.8140824770986042,3,58.0,0.5651434831443957,3,29.0,0.557278631935853,0,0.0,1.0,8,125.0,0.3041354081380157,5,35.0,0.41645399987418896,1,12.0,0.6047879636934698,24,321.0
1655.0,25,189.0,1.1385542168674698,7.739006767551569,7,52.0,0.30602730501084824,0,4.0,0.7361606414987558,1,8.0,0.7948467370589015,1,66.0,0.6451434457750026,1,30.0,0.3420477757187949,0,0.0,1.0,4,101.0,0.3734360609851484,5,50.0,0.4655548359862166,1,6.0,0.6734684771569908,20,317.0
1660.0,17,108.0,0.6467065868263473,8.682129494946146,3,66.0,0.257743116770367,1,8.0,0.7290870671058748,0,4.0,0.9165782350288826,2,57.0,0.6992969215407497,2,23.0,0.4217298372590217,0,24.0,0.9507127310081647,2,67.0,0.4823325292842395,4,38.0,0.48798809633075485,2,17.0,0.49191513160911793,16,304.0
1665.0,24,163.0,1.0061728395061729,8.05270862703416,4,65.0,0.4002098218053131,0,4.0,0.9441060612018813,1,7.0,0.7495515375692934,2,40.0,0.6452207113073315,2,11.0,0.2502496619781555,0,12.0,0.9664210051463766,4,54.0,0.22216914280428773,4,43.0,0.4961913365616827,2,35.0,0.7024245157664415,19,271.0
1670.0,32,225.0,1.3803680981595092,7.59835575099143,6,76.0,0.428657395779711,0,4.0,0.462652483883548,2,10.0,0.640088476770808,6,33.0,0.3140023016799939,4,23.0,0.2627955229328259,0,9.0,0.9417555042321701,4,55.0,0.21623213464764682,5,68.0,0.3430806597187663,0,8.0,0.7869695139555817,27,286.0
1675.0,27,222.0,1.3454545454545455,8.227457891420013,6,85.0,0.29471279492182906,1,5.0,1.4505571457374001e-05,3,23.0,0.4254206300770878,7,55.0,0.22451254883968733,4,47.0,0.3988794864990333,0,22.0,0.9813624029500283,0,85.0,0.583524135153908,6,46.0,0.23343242990411237,0,8.0,0.8417202078678973,27,376.0
1680.0,24,215.0,1.360759493670886,7.8974183945284535,5,96.0,0.09778864361191107,1,10.0,0.45076165539189167,3,23.0,0.5870654856037071,10,107.0,0.22534285884605126,2,38.0,0.633055256663331,0,22.0,0.6447770440737959,1,43.0,0.46098532121578056,1,31.0,0.5290366084427834,1,12.0,0.7825670122734644,24,382.0
1685.0,19,183.0,1.150943396226415,8.194623746453027,6,93.0,0.19301704045309467,0,0.0,0.9460743332088667,0,10.0,0.6591717580368563,6,82.0,0.2969727315832851,1,29.0,0.7337248284520134,0,7.0,0.9662353699244429,1,1.0,0.07938932345102159,2,20.0,0.5641555877573647,2,10.0,0.4524535326670631,18,252.0
1690.0,16,169.0,1.0764331210191083,9.673170580484147,6,108.0,0.24911703407288854,0,0.0,0.9110381178591374,0,0.0,0.9322148537538215,0,32.0,0.6530157880272933,2,24.0,0.601022133955267,0,27.0,0.9604237982710672,3,48.0,0.44915196815030595,2,15.0,0.6399598429914853,1,6.0,0.5760571771861928,14,260.0
1695.0,11,161.0,1.0320512820512822,10.033161401496123,2,107.0,0.3667513463703726,0,0.0,0.9732368979169025,0,8.0,0.869745644872103,0,14.0,0.7188274690858106,0,12.0,0.8243521112437298,0,21.0,0.9653271850187456,3,74.0,0.5149269598958035,2,25.0,0.6118017886933026,1,11.0,0.6237879791561878,8,272.0
1700.0,12,165.0,1.0576923076923077,8.97665588356042,3,76.0,0.47771091480060984,0,0.0,0.8428659783476485,0,8.0,0.9028407498319875,1,11.0,0.7813361513143674,1,6.0,0.5961579603956514,0,21.0,0.9977613536318511,1,41.0,0.40756532559255687,3,27.0,0.47454131998053106,0,0.0,0.9340651141134181,9,190.0
1705.0,17,183.0,1.1883116883116882,8.435297756590773,3,79.0,0.431609087501972,0,4.0,0.8960562094020624,1,5.0,0.811360719360447,1,16.0,0.8003457021414451,4,20.0,0.3170415716513004,0,1.0,0.9347823624417809,0,0.0,0.5658474980911121,3,19.0,0.16438904943080251,0,4.0,0.9295792366530411,12,148.0
1710.0,27,267.0,1.7225806451612904,8.271947507059723,3,91.0,0.365409962925992,0,4.0,0.9986103245918961,1,10.0,0.7866006024812469,3,25.0,0.5080880704865478,6,26.0,0.037925449366069224,0,1.0,0.9706250987105477,1,32.0,0.6171896190581642,5,43.0,0.11408860520087837,0,12.0,0.9388844055058131,19,244.0
1715.0,30,372.0,2.3846153846153846,8.558270182939554,5,105.0,0.36182608207554384,0,4.0,0.9558367781812671,1,19.0,0.8179992178962383,3,37.0,0.5657010520164033,3,28.0,0.20206396350725,0,0.0,1.0,2,37.0,0.49219376383670493,6,73.0,0.2085554619012812,0,12.0,0.8839064453593235,20,315.0
1720.0,28,332.0,2.141935483870968,8.136391813391876,8,60.0,0.3373589215865248,0,4.0,0.9442569685171326,1,24.0,0.689166961697414,3,12.0,0.5766927391366697,3,26.0,0.11015285616664668,0,0.0,1.0,1,34.0,0.5618594272307,3,62.0,0.5491740777638738,1,11.0,0.6627021585017976,20,233.0
1725.0,23,309.0,2.0463576158940397,7.996809599867904,4,60.0,0.24448063607764095,0,4.0,0.9042149685144214,0,8.0,0.857471553687997,1,13.0,0.7114869011777195,2,33.0,0.3458030103248642,0,0.0,1.0,2,29.0,0.2410708027234611,2,57.0,0.4875385941928696,2,24.0,0.4364111413221538,13,228.0
1730.0,26,331.0,2.2364864864864864,8.159176425111953,6,87.0,0.3793052487707428,0,4.0,0.5609729706038147,2,22.0,0.724319136600779,3,27.0,0.4975026472597179,0,20.0,0.8319820607676249,0,0.0,0.9289695766888,3,63.0,0.36880642806368336,2,20.0,0.47261375600129035,4,74.0,0.5307198569974243,20,317.0
1735.0,19,206.0,1.355263157894737,7.592117847598552,7,76.0,0.27781958814520447,0,0.0,1.0,2,36.0,0.6507468864692946,2,14.0,0.49075643363958815,0,8.0,0.9349505817926117,0,0.0,0.9857259872582311,2,49.0,0.5157675652451343,4,34.0,0.32501154119066966,2,47.0,0.5662430025644836,19,264.0
1740.0,16,69.0,0.45695364238410596,8.77836987947207,4,56.0,0.38640180890684844,0,4.0,0.959526238464791,1,19.0,0.675201322050549,0,4.0,0.8039883085207722,0,4.0,0.8894598676237141,0,0.0,1.0,2,25.0,0.47123575129368384,3,14.0,0.5382636986523905,4,54.0,0.5266690176182508,14,180.0
1745.0,18,137.0,0.9194630872483222,9.407877172928034,4,58.0,0.23417086814368346,0,4.0,0.9564881900736432,2,29.0,0.6446387040786324,1,3.0,0.7228209331118733,1,10.0,0.7258856021068202,0,0.0,1.0,4,58.0,0.3457008366325685,1,13.0,0.5755436788117011,4,74.0,0.5777068660428387,17,249.0
1750.0,19,144.0,0.972972972972973,9.402517141440576,3,44.0,0.3753728620632256,0,4.0,0.8830285082696337,2,35.0,0.7178333116485079,1,8.0,0.7939435056231227,2,13.0,0.6693017339261443,0,0.0,1.0,3,27.0,0.4480062299174854,2,18.0,0.5549869710501724,2,66.0,0.4886257381683464,15,215.0
1755.0,18,114.0,0.76,8.961226926691557,2,34.0,0.5777029408707858,0,4.0,0.9142368813605819,2,23.0,0.7105210450440076,1,13.0,0.49333248973711785,0,4.0,0.9519342428517721,0,23.0,0.9943353522625176,1,58.0,0.5599237398149818,2,19.0,0.36368390439811615,4,60.0,0.5076432546666549,12,238.0
1760.0,19,138.0,0.9078947368421053,8.281013268264402,2,44.0,0.48224235201960636,0,8.0,0.8901306782613401,1,4.0,0.5696583106037265,1,20.0,0.634023552867073,0,4.0,0.8434910304283265,0,0.0,1.0,2,27.0,0.5454156280556426,2,23.0,0.36779664838238413,5,47.0,0.4309100818929498,13,177.0
1765.0,24,172.0,1.1241830065359477,7.987506486628223,2,36.0,0.5241751978552227,0,8.0,0.9682604972035829,4,20.0,0.6207946317522073,1,24.0,0.8113619507921765,1,11.0,0.3623858802493439,0,0.0,1.0,4,21.0,0.3850248686274419,1,19.0,0.6169414474641765,4,49.0,0.35602703823130655,17,188.0
1770.0,27,210.0,1.381578947368421,7.855674299545038,3,48.0,0.5119284936127693,0,4.0,0.9308873072219958,2,17.0,0.784501733134582,2,35.0,0.4618225619893655,3,17.0,0.5552057702960682,0,0.0,1.0,4,32.0,0.32553502830616643,2,33.0,0.6611308510418837,2,26.0,0.40744855743131564,18,212.0
1775.0,19,226.0,1.4580645161290322,8.43638368994729,3,59.0,0.4536049622963185,0,4.0,0.9323566680438985,1,10.0,0.7109095381780367,2,31.0,0.5289512944091529,0,9.0,0.7799452266992315,0,10.0,0.9516212767315624,5,55.0,0.3399208879555854,2,44.0,0.6837599727343329,2,20.0,0.2208776613150898,15,242.0
1780.0,17,175.0,1.1146496815286624,8.826453895474911,3,23.0,0.43990422942475943,0,4.0,0.9676819840493662,2,10.0,0.7716236046963119,0,19.0,0.8514917023421535,1,9.0,0.5991079542385559,0,10.0,0.9554753481731115,3,30.0,0.3685829206724715,2,25.0,0.6194392672320754,1,11.0,0.6202436261064156,12,141.0
1785.0,14,144.0,0.9056603773584906,8.490881940429396,3,37.0,0.6035056035610096,0,7.0,0.9299958131636517,1,11.0,0.7286398367328731,0,8.0,0.9727792351848962,1,10.0,0.5662840025967291,0,0.0,0.991855534393577,2,5.0,0.4713415201147274,2,30.0,0.4281337837408192,0,0.0,0.9026476533239769,9,108.0
1790.0,23,238.0,1.4691358024691359,7.838671981835454,4,50.0,0.3448904484053581,0,7.0,0.8769783970259144,1,15.0,0.7986054348729978,0,16.0,0.881071646289044,3,22.0,0.5624581619288174,0,0.0,0.9235815125066679,2,21.0,0.5599842478649961,8,44.0,0.2716232590736218,0,5.0,0.7943464773251205,18,180.0
1795.0,22,130.0,0.7926829268292683,7.721085518363203,5,21.0,0.2848889130505665,0,3.0,0.9521649749260694,1,12.0,0.6928008895279247,0,12.0,0.8180215819537828,3,37.0,0.5601618345487198,0,12.0,0.9969587025914469,1,21.0,0.22098864743717833,7,53.0,0.3393459802324954,1,10.0,0.5790057975936402,18,181.0
1800.0,21,133.0,0.8109756097560976,7.924518110455789,5,34.0,0.2718655572172951,0,3.0,0.9769240150684937,2,21.0,0.518602300684624,1,3.0,0.5675956207009578,1,26.0,0.40869894665891404,0,12.0,0.9736853194586478,1,13.0,0.11416702926669005,3,52.0,0.48068031783162257,0,5.0,0.37603126697331396,13,169.0
1805.0,21,193.0,1.1768292682926829,8.90833797371038,5,56.0,0.17199999402022526,0,7.0,0.9780851578033251,1,12.0,0.8310085590863927,1,9.0,0.5927044937926896,2,25.0,0.5433643492615535,0,16.0,0.927211458609828,1,27.0,0.44186579093097145,3,40.0,0.49847108187132616,1,9.0,0.4811387368548411,14,201.0
1810.0,18,207.0,1.2545454545454546,8.917638433699027,5,64.0,0.12176897284584569,0,7.0,0.9322117775909557,0,8.0,0.809562257680241,1,10.0,0.7007298857275337,3,32.0,0.6221885814888367,0,5.0,0.9514539043093764,0,16.0,0.6248018176537038,3,41.0,0.43247047328601784,1,14.0,0.7067140160887156,13,197.0
1815.0,23,212.0,1.2926829268292683,8.977553086760285,3,64.0,0.3673461069321184,0,4.0,0.9641958406853429,3,15.0,0.6469168428140455,1,15.0,0.8297840913138843,0,12.0,0.7626639684606562,0,1.0,0.9953187900633031,0,11.0,0.6150759220540435,4,49.0,0.4778328004304883,1,23.0,0.7438761592218072,12,194.0
1820.0,22,290.0,1.8471337579617835,8.19728757817887,3,43.0,0.1971910383861129,0,4.0,0.939016857178303,1,14.0,0.8258217965425342,1,24.0,0.7471971480279809,1,15.0,0.49935206685097283,0,0.0,1.0,1,9.0,0.4290826881585951,4,65.0,0.39686993464483505,1,28.0,0.8052229190804606,12,202.0
1825.0,28,269.0,1.7025316455696202,8.237357092884285,3,36.0,0.22911504373273828,0,4.0,0.9697788063690774,0,4.0,0.9188224485320795,4,38.0,0.41417241585107856,6,34.0,0.29536855546107155,0,2.0,0.9997346046260934,3,21.0,0.4985042628929847,2,22.0,0.6365859542084572,1,33.0,0.7719652955606793,19,194.0
1830.0,28,316.0,1.9874213836477987,8.239665663692834,2,29.0,0.24669939483873785,0,4.0,0.680759302941311,0,4.0,0.9420620048100276,2,20.0,0.46229475847451756,7,69.0,0.23206108335167305,0,30.0,0.8369892576611916,4,29.0,0.3139671432105889,2,32.0,0.595722507367935,1,39.0,0.7327175459623815,18,256.0
1835.0,27,248.0,1.55,7.846694624658713,3,34.0,0.1343987184995383,1,6.0,0.4718315686166185,0,4.0,0.8406302154259214,2,11.0,0.5374953544619947,5,68.0,0.3365183000451928,0,39.0,0.9635570117156562,3,117.0,0.3746478624549118,3,46.0,0.4832949441068003,0,5.0,0.5522490695816108,17,330.0
1840.0,31,273.0,1.7169811320754718,8.202779520979094,2,15.0,0.0,0,0.0,0.46011166610224674,0,4.0,0.801367545282656,3,28.0,0.5446022624857011,1,62.0,0.5905059594730552,0,15.0,0.9907895103076585,3,140.0,0.48983702684099906,3,57.0,0.37028040376448285,3,15.0,0.45962428106307457,15,336.0
1845.0,25,260.0,1.6560509554140128,8.495585931586549,1,19.0,0.44557998456414544,1,7.0,0.41918605601174397,3,12.0,0.6564896155245874,0,10.0,0.8639457829705158,1,17.0,0.6282018438090384,0,1.0,0.9616233355852991,2,75.0,0.5353808359606644,5,79.0,0.35314617289997513,3,30.0,0.45509289671112835,16,250.0
1850.0,24,252.0,1.6153846153846154,8.07606868355638,1,24.0,0.7175592700604407,1,12.0,0.6253095531118025,0,4.0,0.9080296859494953,1,10.0,0.747651541649471,1,9.0,0.276389128080897,0,0.0,0.9313053548064518,2,107.0,0.5488365626084108,7,109.0,0.22015790922523795,3,20.0,0.3337412985838212,16,295.0
1855.0,29,275.0,1.7515923566878981,7.730756969128654,1,25.0,0.7494647395271167,0,4.0,0.6066000869643398,0,4.0,0.8416883278580696,1,11.0,0.7715684737899019,2,17.0,0.3233898236750285,0,4.0,0.9902795768625663,3,114.0,0.44479434096491727,5,62.0,0.025176502225243796,3,24.0,0.2440509704455945,15,265.0
1860.0,23,259.0,1.628930817610063,7.788628074739599,0,0.0,0.7042514769723626,0,4.0,0.9913629689101656,1,9.0,0.8293160271453238,0,8.0,0.7500738270335949,2,27.0,0.32223680581326375,0,14.0,0.9805564903107584,3,140.0,0.49277947974254344,3,44.0,0.24265575438769837,4,36.0,0.29885573753841765,13,282.0
1865.0,19,212.0,1.3503184713375795,8.284935273540576,2,5.0,0.4050895260080737,0,4.0,0.9408457191892525,1,9.0,0.7420442036754212,1,16.0,0.6781929698789229,1,25.0,0.49776077242267747,0,20.0,0.9391122477464151,0,75.0,0.4605491072122351,3,49.0,0.0,1,14.0,0.7256491997108591,9,217.0
1870.0,24,246.0,1.5375,8.75173000052648,4,23.0,0.012644952802066846,0,8.0,0.9059965846544928,2,19.0,0.5818327831305774,3,34.0,0.5263130667566124,0,4.0,0.9253028344247175,0,29.0,0.8900045813705761,2,70.0,0.575173704807377,1,19.0,0.48503635406189005,0,0.0,0.7435608117276866,12,206.0
1875.0,23,311.0,1.896341463414634,8.761060358256502,4,40.0,0.47376324198533104,0,4.0,0.9557436948974795,1,10.0,0.6356793181780589,1,25.0,0.5402431143897786,0,4.0,0.8947454826380805,0,42.0,0.7533828926837691,3,45.0,0.5563995652102407,1,24.0,0.642523999549578,0,4.0,0.7248506511425704,10,198.0
1880.0,19,242.0,1.4578313253012047,9.171538730601124,1,45.0,0.5258700932080951,0,4.0,0.8489723819688961,2,11.0,0.5710841491471618,0,8.0,0.7757982592160552,0,12.0,0.8510073764771448,0,30.0,0.9129776507065427,2,63.0,0.3495679814747574,1,29.0,0.6639736597021738,2,11.0,0.6611929472593744,8,213.0
1885.0,23,296.0,1.783132530120482,8.88326702320571,5,47.0,0.158090760222056,0,4.0,0.9260818638674501,2,25.0,0.6371907573075711,0,0.0,0.9450721004833814,1,13.0,0.7550249780787553,0,37.0,0.9256586328686983,2,146.0,0.5177607511308632,1,34.0,0.7574455355831262,2,30.0,0.5979080070757229,13,336.0
1890.0,26,257.0,1.5864197530864197,7.834786008912256,5,40.0,0.151675644407721,0,4.0,0.93124969050724,1,5.0,0.7576478712941623,0,4.0,0.926000915078114,3,20.0,0.44306568250932243,0,10.0,0.9222342654047044,4,173.0,0.3045964021001568,1,35.0,0.8148487692731516,3,33.0,0.45187607034173266,17,324.0
1895.0,22,153.0,0.9386503067484663,8.527104030185784,2,45.0,0.36446196148754,0,4.0,0.804022474014389,1,6.0,0.7365510179885428,1,11.0,0.7534043897321271,6,43.0,0.3662874078759956,0,3.0,0.7500628059668026,4,208.0,0.30720578815707633,2,49.0,0.726366366207558,2,39.0,0.5686892957501642,18,408.0
1900.0,22,160.0,0.963855421686747,8.805721207752583,3,32.0,0.37711577301766785,0,4.0,0.9602206713065291,1,15.0,0.602100817028123,2,30.0,0.681013290347392,4,45.0,0.5687277810956105,0,0.0,0.6549965663915037,2,109.0,0.48930998516587276,4,20.0,0.4970055055641107,2,98.0,0.4899166378928399,18,353.0
1905.0,18,135.0,0.8282208588957055,8.871833834265718,2,31.0,0.48412696897400603,0,0.0,0.9119175389282015,0,4.0,0.8839632725624732,0,14.0,0.7538462627103669,0,28.0,0.5938890705935399,0,0.0,1.0,3,38.0,0.3613547942595723,5,36.0,0.4559867933814493,4,119.0,0.4660646616546867,14,270.0
1910.0,22,119.0,0.7345679012345679,8.438607453142716,2,21.0,0.3414571570386399,0,0.0,0.9457053985054377,0,4.0,0.8070326973669424,2,19.0,0.5294771165987832,2,8.0,0.48303704655919366,0,0.0,0.9200652869013822,3,30.0,0.2778304324453526,8,64.0,0.10456475034344366,3,85.0,0.4256156210908714,20,231.0
1915.0,21,103.0,0.64375,8.843437810162602,4,37.0,0.36592491279316053,0,4.0,0.9213142323746618,0,4.0,0.6613863582903081,5,41.0,0.5350624032418715,0,10.0,0.8058646180159329,0,0.0,0.9489181616296269,1,21.0,0.5464265240592218,7,55.0,0.17694682678153506,2,57.0,0.5215452746440375,19,229.0
1920.0,15,100.0,0.625,8.665091706323903,3,32.0,0.15321252931360255,0,4.0,0.9005621324368099,0,4.0,0.8217412042786739,3,17.0,0.509801722364573,0,20.0,0.6968915760810392,0,0.0,0.8404066041780767,1,31.0,0.6558045186777374,3,50.0,0.47760347416244625,2,75.0,0.6329323043873873,12,233.0
1925.0,14,123.0,0.76875,9.689251569025389,1,26.0,0.39099363318599295,0,4.0,0.9556703980984764,2,8.0,0.5893309968865125,2,13.0,0.631722437374394,2,31.0,0.607277940592276,0,32.0,0.9491160186700828,0,26.0,0.5966475648061504,3,52.0,0.5575702705331665,2,60.0,0.6452439771050755,12,252.0
1930.0,15,147.0,0.9074074074074074,9.768831158388986,1,27.0,0.5789393211323329,0,4.0,0.8205789211221448,2,18.0,0.5529829818468939,2,34.0,0.66707680676715,2,28.0,0.7283612179218513,0,32.0,0.9237581052815785,2,8.0,0.12703942415966687,3,50.0,0.5445771994694294,2,39.0,0.7254069377713239,14,240.0
1935.0,14,192.0,1.2075471698113207,9.43115294928283,1,28.0,0.6427326170936791,0,4.0,0.8321718052963658,2,28.0,0.7313189545057165,2,47.0,0.4655486923251088,0,25.0,0.5484242915935081,0,0.0,0.9389426882602776,2,18.0,0.3294304551491411,5,69.0,0.402462700811316,2,47.0,0.4719691891669267,14,266.0
1940.0,19,193.0,1.20625,9.093719840512254,2,36.0,0.5000401975082871,0,4.0,0.8535539359159111,1,16.0,0.8708494743701044,2,46.0,0.554305944514557,3,30.0,0.3668886802475329,0,0.0,0.9749800591714757,1,13.0,0.5617446546645336,8,102.0,0.32940072781740953,2,10.0,0.5701392006480069,19,257.0
1945.0,26,206.0,1.3205128205128205,7.946760104776477,4,54.0,0.3753210459097653,0,4.0,0.8986021244804127,0,0.0,0.7373963723816094,5,65.0,0.4981891761391587,3,16.0,0.24205700899350832,0,1.0,0.9589039496316558,1,9.0,0.5905758392015096,7,117.0,0.4260688104490474,2,8.0,0.5200840842201164,22,274.0
1950.0,28,253.0,1.6217948717948718,7.527795210801061,4,70.0,0.2676727134948435,0,0.0,0.8732084199589562,4,14.0,0.6799551122194613,4,55.0,0.2826249368237177,5,39.0,0.26485424270053953,0,1.0,0.9684271143793571,2,18.0,0.4830247948804859,4,116.0,0.4462168286605402,4,20.0,0.3438476097448467,27,333.0
1955.0,21,284.0,1.7974683544303798,8.31371656722082,3,85.0,0.40620275411854995,1,1.0,0.5385383090909971,2,14.0,0.7769344927746493,0,28.0,0.46345938895195576,5,71.0,0.39599196764742933,0,0.0,1.0,3,17.0,0.25741621190128494,4,136.0,0.5031177512141259,3,22.0,0.5688467775054376,21,374.0
1960.0,21,244.0,1.525,9.272623674807178,4,94.0,0.33020677002562077,2,9.0,0.30134424298296847,1,9.0,0.6990570791723695,0,7.0,0.5437449653370338,2,46.0,0.7192991911222754,0,0.0,1.0,3,38.0,0.5048071377131548,5,101.0,0.44359021601597753,1,9.0,0.7323059204010711,18,313.0
1965.0,20,167.0,1.0372670807453417,9.966734403584598,2,56.0,0.6380390407639,2,19.0,0.45904112079878284,3,18.0,0.6775310422181584,2,9.0,0.4558550141753039,0,24.0,0.8195965309833213,0,0.0,1.0,5,54.0,0.2742397996376697,4,78.0,0.4648456632631323,1,11.0,0.6758968221645664,19,269.0
1970.0,16,106.0,0.6708860759493671,9.405634598267918,3,33.0,0.42867906269216377,0,0.0,0.9954049912017512,0,4.0,0.8502857197228002,0,4.0,0.7388353026427643,2,9.0,0.5949817400049279,0,0.0,1.0,2,36.0,0.6509129265263586,6,74.0,0.3603730480062348,3,11.0,0.28432718781260063,16,171.0
1975.0,21,146.0,0.9358974358974359,9.041654056077151,5,54.0,0.24428653227264707,0,0.0,0.967242469510836,1,8.0,0.7035726762673968,0,0.0,0.8439304025859278,2,22.0,0.5112646841699644,0,0.0,1.0,1,35.0,0.6813073299433869,6,72.0,0.32834603347205327,4,31.0,0.4647975848468583,19,222.0
1980.0,28,196.0,1.240506329113924,8.290017933721465,5,44.0,0.24797553601160077,0,0.0,0.559928162326695,5,27.0,0.41248633222303516,1,3.0,0.6547361573801471,0,8.0,0.610034351137392,0,2.0,0.9858543046958674,3,42.0,0.35372410233181445,5,90.0,0.29064821673426616,4,51.0,0.5114327737215841,23,267.0
1985.0,23,190.0,1.2179487179487178,7.920354424826568,4,52.0,0.23702402843591155,0,0.0,0.9043500384818772,2,20.0,0.6324753663184622,1,6.0,0.7502410069233413,1,12.0,0.577933598053387,0,2.0,0.9703993869960734,3,15.0,0.2997838753863696,6,112.0,0.27307562588540957,4,22.0,0.14567304382145085,21,241.0
1990.0,25,249.0,1.5759493670886076,9.111995308043882,5,66.0,0.21935005926745066,0,0.0,0.9087867165574915,1,5.0,0.7297950970220799,0,8.0,0.80614429888081,2,16.0,0.589944418493314,0,0.0,0.7535964677938604,4,26.0,0.4618251982933112,7,149.0,0.2782206135585211,3,19.0,0.43224281608434073,22,289.0
1995.0,21,211.0,1.388157894736842,9.318994525125289,5,61.0,0.2734445715812712,1,1.0,0.7174030198437557,1,14.0,0.7203753945880179,1,10.0,0.6926752333047276,0,4.0,0.7504611788782579,0,0.0,0.9499470682677281,5,49.0,0.5046705436091429,4,82.0,0.4901279296022263,3,34.0,0.30285013431449326,20,255.0
2000.0,16,107.0,0.7086092715231788,9.093366817874168,2,31.0,0.4823925386676619,1,6.0,0.7524042511238309,2,14.0,0.7100743498499333,1,19.0,0.7461180650639471,0,4.0,0.8348493002451793,0,0.0,1.0,2,28.0,0.5227789172388977,0,33.0,0.7233620821924838,3,30.0,0.3339604791953655,11,165.0
2005.0,12,76.0,0.5066666666666667,8.970027839137645,2,33.0,0.5222689510427991,1,1.0,0.4553460848139559,0,4.0,0.8204492565857444,1,24.0,0.6635524604050492,1,9.0,0.6842346876712139,0,0.0,1.0,2,19.0,0.3380013548661376,0,0.0,0.6104695807022767,2,17.0,0.49770355102808206,9,107.0
2010.0,18,111.0,0.74,9.359000895599246,3,19.0,0.35337150063429185,2,10.0,0.24867208249960754,1,8.0,0.6885614523374008,1,33.0,0.7500670416623916,0,8.0,0.8120251174119062,0,0.0,1.0,3,33.0,0.4411297734361175,2,7.0,0.45030081476135947,4,40.0,0.46652021182451614,16,158.0
2015.0,20,118.0,0.7712418300653595,8.67311439149588,4,38.0,2.945348008747538e-05,4,25.0,0.18003440440388405,2,22.0,0.6556217669573793,1,15.0,0.5303145193381095,1,10.0,0.7108343329519323,0,0.0,1.0,2,15.0,0.4582156337765945,0,0.0,0.41211469950954055,3,27.0,0.5530001835343406,17,152.0
2020.0,25,173.0,1.138157894736842,8.607864005700335,4,62.0,0.17778403035685025,2,28.0,0.4702786148351385,3,21.0,0.6292612448780863,4,31.0,0.5717141475884733,2,18.0,0.4981839921893829,0,0.0,1.0,4,32.0,0.47743157588757135,2,9.0,0.5288438001132207,0,17.0,0.7061705332716595,21,218.0
2025.0,28,229.0,1.4774193548387098,8.418077803367854,3,62.0,0.48206486126407055,0,15.0,0.7032955439367162,2,21.0,0.6359161496005832,4,34.0,0.5003266315785464,3,16.0,0.6320539182788252,0,0.0,1.0,7,64.0,0.31014572959644554,2,23.0,0.5842858019961225,0,9.0,0.6338036856844566,21,244.0
2030.0,22,190.0,1.25,8.388238605015543,2,55.0,0.37713600593537433,1,7.0,0.7176316119603399,3,36.0,0.5640601829016358,3,14.0,0.4570143339729904,0,8.0,0.6400702221552201,0,0.0,1.0,3,31.0,0.5342783918968609,1,5.0,0.6416749405291492,2,14.0,0.6301757259566144,15,170.0
2035.0,16,139.0,0.8910256410256411,8.898650820977846,3,68.0,0.5999110322301121,0,4.0,0.9891010014436121,2,34.0,0.6778630284038254,2,20.0,0.5042986766764714,1,14.0,0.5361422659099131,0,0.0,0.9876483706155046,0,17.0,0.6510637670089142,1,5.0,0.6976412385018764,0,15.0,0.7839031295290088,9,177.0
2040.0,18,115.0,0.7516339869281046,8.96975868311471,5,56.0,0.3224709092537116,1,5.0,0.6501805921326469,0,4.0,0.8738587302740545,3,28.0,0.6593164273467302,1,10.0,0.5713733187988732,0,0.0,0.93106500553674,2,30.0,0.5258718223124361,1,10.0,0.6669278990827815,1,35.0,0.676689731498491,14,178.0
2045.0,20,131.0,0.8397435897435898,8.76201221363917,5,60.0,0.3835482126467901,1,10.0,0.5043953474618019,1,7.0,0.4800822132814674,3,39.0,0.5503909733719569,2,19.0,0.571857376301716,0,0.0,0.8234803615021975,4,36.0,0.4151784241160741,1,8.0,0.6528962520467492,1,63.0,0.5919553776652883,18,242.0
2050.0,20,153.0,0.9683544303797469,8.276578291823345,6,78.0,0.3623877520934275,1,11.0,0.5116749133868088,2,10.0,0.36605373341739417,1,14.0,0.43708489479669094,2,25.0,0.42977430560361896,0,0.0,0.9514257579636853,2,37.0,0.4601142558941583,1,7.0,0.7087692608338501,2,52.0,0.3991341155540251,17,234.0
2055.0,24,172.0,1.0817610062893082,8.637569777493752,6,71.0,0.2597162409860751,1,16.0,0.7524469038958053,2,6.0,0.540668955174948,3,9.0,0.4055133903811895,2,25.0,0.5419204175676813,0,0.0,1.0,4,52.0,0.4412087712342673,2,8.0,0.43833960041667464,0,40.0,0.7164139440271939,20,227.0
2060.0,26,164.0,1.0379746835443038,8.58957756095857,3,63.0,0.28185826790183455,1,1.0,0.3500145097785864,2,16.0,0.6377163484433624,4,33.0,0.3073670122100713,0,14.0,0.6999718882847742,0,0.0,1.0,4,44.0,0.3221949182149449,3,9.0,0.35894366997496363,0,0.0,0.9147634317199771,17,180.0
2065.0,15,125.0,0.8169934640522876,8.649392626093313,4,71.0,0.3995845581502926,0,0.0,0.5289631004869731,0,0.0,0.9277207111861149,1,14.0,0.7246491249187701,0,4.0,0.7584751544973423,0,0.0,0.935114225381897,3,30.0,0.404510781859506,2,21.0,0.4593313056110214,0,0.0,0.9157835651182271,10,140.0
2070.0,25,193.0,1.2532467532467533,8.849955691608843,5,77.0,0.3108690947219316,0,0.0,0.9323377692235011,1,4.0,0.7811888618217533,0,4.0,0.8903090824428425,0,4.0,0.5788942695787992,0,4.0,0.9351838829057787,5,39.0,0.3967020408419333,4,39.0,0.5361663265701823,0,8.0,0.8897745021347354,15,179.0
2075.0,23,226.0,1.4580645161290322,8.818357564535686,5,103.0,0.4392244304659367,0,0.0,0.914356616039935,1,13.0,0.695667316703022,1,4.0,0.7509160265025959,1,8.0,0.28816647418272445,0,4.0,0.9529015400858389,3,38.0,0.17666309576721564,2,28.0,0.4925997822549268,0,9.0,0.9264406145308263,13,207.0
2080.0,20,227.0,1.4276729559748427,8.297221345775249,6,125.0,0.39523474239949674,0,0.0,0.9267731567303799,1,9.0,0.6553034251395222,1,9.0,0.7386194790317047,2,17.0,0.0038302109193080673,0,0.0,1.0,0,21.0,0.3369888517189391,4,46.0,0.2853583028983119,0,13.0,0.9081532047897019,14,240.0
2085.0,22,287.0,1.8050314465408805,8.617020590217312,5,148.0,0.37853062600623616,0,0.0,0.4183814506188714,0,4.0,0.6929355855981872,1,11.0,0.6714226953866266,2,14.0,0.47644524697437196,0,0.0,0.9824147016549521,1,46.0,0.5771098680138763,6,73.0,0.3115871115950083,1,22.0,0.7302606474718764,16,318.0
2090.0,20,328.0,2.089171974522293,9.166840089625692,6,169.0,0.22458558705677562,0,0.0,1.0,1,8.0,0.7999683217759278,3,33.0,0.4432754319897265,0,0.0,0.945328359460128,0,0.0,0.9752381157635466,0,69.0,0.8215844153521332,4,83.0,0.349174894012909,1,22.0,0.8106208188695695,15,384.0
2095.0,25,440.0,2.8025477707006368,8.717253230625692,7,187.0,0.20277401204693007,0,4.0,0.9397844020217088,1,13.0,0.7888444257841408,3,49.0,0.5828193330509304,0,0.0,0.06125150062369513,0,4.0,0.9834264792144825,1,75.0,0.6725791557206892,4,103.0,0.13311512201039086,2,24.0,0.6162951872139988,18,459.0
2100.0,33,527.0,3.3354430379746836,8.026478840874804,7,227.0,0.1383635530864457,0,4.0,0.9556798482994657,2,25.0,0.7113429090243545,3,61.0,0.5871869672337023,0,4.0,0.7474534142176055,0,2.0,0.978283525361307,3,85.0,0.39911647288369995,7,134.0,0.0003121614091810918,5,41.0,0.45006458612649747,27,583.0
2105.0,33,456.0,2.8860759493670884,7.137888778938448,6,242.0,0.2312892081651081,0,4.0,0.9464573916859446,3,32.0,0.6292088142227004,3,68.0,0.5659943777867605,0,4.0,0.9493164168487941,0,0.0,1.0,2,32.0,0.38511096059766137,5,81.0,0.0,6,72.0,0.2969075147483195,25,535.0
2110.0,22,336.0,2.1265822784810124,8.071376318539043,7,258.0,0.15115497803557426,0,4.0,0.6904226684066236,3,26.0,0.4910756559936373,4,50.0,0.28102201463550297,0,4.0,0.8502696358717166,0,0.0,0.9841652742974781,1,34.0,0.4572409957729676,0,28.0,0.5957164190263275,2,63.0,0.4528074525215832,17,467.0
2115.0,31,321.0,2.0709677419354837,8.232790187108971,6,208.0,0.30256629256726864,1,7.0,0.755304033936807,4,35.0,0.35578720246641843,3,41.0,0.43134875607401124,0,9.0,0.6603144007087303,0,0.0,0.931201239121431,3,48.0,0.537217508396478,0,7.0,0.8074097508687539,6,85.0,0.13605714288492962,23,440.0
2120.0,21,137.0,0.8782051282051282,8.536478596561441,4,136.0,0.4776139025735505,0,4.0,0.7053718263219799,2,25.0,0.3901138654840296,4,34.0,0.46740016380675603,0,8.0,0.7902162463784842,0,0.0,0.9239253963911572,1,54.0,0.4971427721592154,0,7.0,0.937418875952065,4,77.0,0.22622311284944127,15,345.0
2125.0,16,113.0,0.743421052631579,8.854170343289692,4,59.0,0.4932481986940433,1,9.0,0.6875105880912915,0,4.0,0.6387160983943314,1,12.0,0.5558502118428363,1,13.0,0.7207541890878376,0,0.0,0.9590752910332219,2,25.0,0.3863736902409014,0,4.0,0.8654411911948888,2,23.0,0.6205710594241933,11,149.0
2130.0,20,145.0,0.9477124183006536,9.083050721053668,6,66.0,0.43902238963911394,2,17.0,0.5425459989655689,0,4.0,0.9437559372879121,0,0.0,0.7083143001233878,0,0.0,0.6881623361200587,0,3.0,0.9471051947807227,4,43.0,0.4833159108361883,0,0.0,0.8422330721945601,2,46.0,0.6534686778078863,14,179.0
2135.0,19,80.0,0.5128205128205128,8.85852983337516,3,52.0,0.4239492189731072,1,8.0,0.6210255705558229,0,11.0,0.8097543902234762,3,12.0,0.4794710607568091,2,5.0,0.5496098113842195,0,3.0,0.9671016562356817,4,46.0,0.39322454216178204,0,2.0,0.8746522456641642,1,22.0,0.6137630112686738,14,161.0
2140.0,17,109.0,0.6987179487179487,8.865534164887926,5,49.0,0.2815778034882851,0,0.0,0.9491362336627226,0,4.0,0.9113438185164711,1,14.0,0.7118294215717468,4,19.0,0.4317487020737378,0,37.0,0.9623697366178945,0,64.0,0.4282945579380411,1,7.0,0.6699994370185317,2,46.0,0.4471789671606619,13,240.0
2145.0,27,199.0,1.236024844720497,8.613772098632007,7,65.0,0.16678471867432265,0,0.0,0.8981155770338495,0,8.0,0.9621276318721984,1,7.0,0.6043714156676856,5,42.0,0.20129763461783434,0,42.0,0.8385589859620979,4,67.0,0.2839913887470873,2,9.0,0.6447607917601507,3,55.0,0.4499570926632973,22,295.0
2150.0,29,214.0,1.3375,8.26680064456587,7,96.0,0.25657340443686455,0,0.0,0.9780387549277472,0,8.0,0.8342342563260899,3,18.0,0.1606465873296041,5,49.0,0.13883180377377644,0,0.0,0.9340303558027366,2,74.0,0.32885129373810507,3,20.0,0.4444987779094339,3,24.0,0.47046207331606216,23,289.0
2155.0,22,218.0,1.371069182389937,8.464626817927149,5,94.0,0.2998823357230336,0,4.0,0.9390384034246012,2,12.0,0.5615193627359132,1,9.0,0.7410096692306583,0,46.0,0.4755905105398707,0,0.0,0.9760127735590929,2,57.0,0.6223489984466111,4,36.0,0.3114787968670024,0,28.0,0.7083878526063652,14,286.0
2160.0,29,289.0,1.7839506172839505,8.420156702300872,7,93.0,0.303479638248248,0,4.0,0.942959882483307,1,14.0,0.7246767344024149,1,5.0,0.6956292914866014,0,16.0,0.7917507210326614,0,0.0,1.0,2,52.0,0.5706985614800781,5,51.0,0.3369288281787244,3,14.0,0.5393599632900056,19,249.0
2165.0,33,295.0,1.84375,8.113832862682822,11,123.0,0.2023353470008848,0,4.0,0.93078724867925,1,2.0,0.6886219624082687,2,22.0,0.6239377765161922,1,22.0,0.5503516154148923,0,0.0,0.9859341875009308,1,19.0,0.6038351890553706,5,63.0,0.46390670088431346,3,25.0,0.44674129695480724,24,280.0
2170.0,33,413.0,2.5337423312883436,8.178155865388772,12,168.0,0.09668952742229875,0,4.0,0.8998070157647216,1,11.0,0.6476574027930221,3,36.0,0.690831629381424,2,20.0,0.4098739197875666,0,0.0,0.9492362455415725,1,27.0,0.43308829470453786,5,84.0,0.44943559184229925,4,43.0,0.1083607414454774,28,393.0
2175.0,30,336.0,2.0869565217391304,7.7020515550675315,10,155.0,0.041148697462110494,0,4.0,0.9889303787970294,1,1.0,0.7280496264997189,3,31.0,0.40540779811166255,2,30.0,0.5544015484097202,0,0.0,0.969408413095852,2,50.0,0.40878828606927997,6,52.0,0.31708483408617927,4,21.0,0.32904272157165987,28,344.0
2180.0,20,249.0,1.5276073619631902,8.737570884292483,5,152.0,0.2103888351930666,0,4.0,0.934779222788768,1,6.0,0.7749561222219471,3,24.0,0.4458302327860794,1,23.0,0.6706588937415259,0,0.0,0.9615492917939431,1,61.0,0.6339891530426799,3,43.0,0.5065220454601883,1,18.0,0.5583114239602164,15,331.0
2185.0,22,294.0,1.7818181818181817,9.28565682167421,5,135.0,0.41544836159028437,0,0.0,0.9788060723777167,1,11.0,0.6701370203404092,6,53.0,0.4719817863469076,0,4.0,0.7395142401216294,0,0.0,0.8382107187693111,1,76.0,0.6198992163565002,3,48.0,0.5310296380170583,3,27.0,0.5316052187730239,19,354.0
2190.0,28,294.0,1.7710843373493976,8.637428694163809,5,123.0,0.3043933801138668,0,0.0,0.40382770936060075,0,4.0,0.9457779825089508,7,86.0,0.36572911916369233,0,4.0,0.9135909478165,0,0.0,0.9515287062216274,3,79.0,0.29660659532618167,5,37.0,0.4855989211450576,3,23.0,0.26724414833626203,23,356.0
2195.0,28,170.0,1.0179640718562875,8.179030178974584,4,113.0,0.23694596733455775,0,0.0,1.0,0,4.0,0.9489675129852962,4,52.0,0.5999101768438941,1,9.0,0.7137886559929174,0,0.0,0.9263136741381889,4,115.0,0.4410733605324038,7,53.0,0.39945859204135237,2,8.0,0.49821544743063234,22,354.0
2200.0,29,204.0,1.221556886227545,8.064102273109134,5,55.0,0.42778579367220737,0,0.0,0.8703392271573502,1,5.0,0.5914318340267126,0,32.0,0.5381998212144805,2,12.0,0.5894436432282476,0,0.0,1.0,3,81.0,0.4924143094137431,10,98.0,0.35591176422854537,2,33.0,0.6209952079381148,23,316.0
2205.0,24,194.0,1.1547619047619047,8.000971011971254,4,53.0,0.39327419126989993,0,0.0,0.9885678512396403,1,12.0,0.7397939268784924,0,10.0,0.6298030215617288,1,5.0,0.6506618741859637,0,40.0,0.9759856915870463,5,34.0,0.2716164648369152,8,89.0,0.3763327579258003,0,16.0,0.7655727216691182,19,259.0
2210.0,24,187.0,1.1130952380952381,8.401580120598432,4,53.0,0.35005646578468064,0,0.0,0.9502091648228357,1,6.0,0.5503394414591615,1,11.0,0.7484763787159116,2,21.0,0.5437319787258454,0,75.0,0.9395656625868013,3,27.0,0.489404682437073,5,102.0,0.4422229923085286,1,20.0,0.5761687142514212,17,315.0
2215.0,25,198.0,1.1715976331360947,8.706075188796577,6,50.0,0.21645707336913286,0,0.0,0.9761388815874441,3,18.0,0.5937772163741506,3,32.0,0.47914189161746845,3,33.0,0.5305245681806322,0,43.0,0.9202888006614015,0,3.0,0.6446998878314699,3,70.0,0.48788223072737597,2,30.0,0.6897340396476304,20,279.0
2220.0,29,270.0,1.588235294117647,8.560915926908406,6,62.0,0.21815109313004818,0,0.0,0.5360383987445622,0,0.0,0.9291614675670957,3,42.0,0.5242818232480702,3,37.0,0.609035672427878,0,11.0,0.9713867313977547,2,8.0,0.3035510593575042,7,91.0,0.4271499537772361,2,53.0,0.5265416588847621,23,304.0
2225.0,18,111.0,0.6529411764705882,8.327459655498929,2,64.0,0.17972152720283352,0,0.0,0.9149017350566487,0,0.0,0.8995648120453626,0,21.0,0.4544069466090073,0,29.0,0.5710798080845194,0,7.0,0.9794996462276466,4,27.0,0.3631094927680861,5,51.0,0.24025259927155326,1,34.0,0.5618972437581378,12,233.0
2230.0,26,181.0,1.0710059171597632,8.367136964507504,4,43.0,0.232412271762196,0,0.0,0.9927860759099514,0,0.0,0.9528401650347471,2,26.0,0.5773570932072212,1,11.0,0.5978859907934531,0,9.0,0.9185929885080744,3,27.0,0.2681777465121257,5,56.0,0.35143772926361644,3,29.0,0.614489415075293,18,201.0
2235.0,24,228.0,1.3571428571428572,8.678745598193395,4,50.0,0.23286149552594895,0,0.0,0.685136354103312,0,4.0,0.8568330008078124,3,35.0,0.6340301811701831,1,20.0,0.5668298166235832,0,16.0,0.9273979536706463,3,19.0,0.06390767306023416,5,66.0,0.440286692257862,0,19.0,0.7287916276937837,16,229.0
2240.0,21,206.0,1.2261904761904763,9.299117782388015,3,61.0,0.28411625508512933,1,3.0,0.0004246228228169979,1,8.0,0.7918666249921185,1,54.0,0.7037587265976364,3,29.0,0.6845232805689527,0,10.0,0.9612548998019397,4,37.0,0.1808950314432087,4,71.0,0.5344134165862319,2,27.0,0.6478269133494922,19,300.0
2245.0,18,187.0,1.1265060240963856,9.265755418300733,4,73.0,0.20368490044818047,0,0.0,1.0,2,17.0,0.7553985937411151,0,35.0,0.7949937958112678,4,53.0,0.630303552302664,0,4.0,0.9544230486669355,3,31.0,0.3620883964361129,2,52.0,0.5249481044136699,2,64.0,0.5724746659587374,17,329.0
2250.0,22,207.0,1.2777777777777777,8.748002568567115,3,59.0,0.38142438894263353,0,0.0,0.9411203118842779,2,23.0,0.6643570871862998,1,40.0,0.8165787619519828,5,62.0,0.5270547054616378,0,21.0,0.952341266314572,0,9.0,0.3548361526933398,3,50.0,0.5017992990439161,2,66.0,0.468531489720199,16,330.0
2255.0,18,158.0,0.9575757575757575,9.042539412302522,2,48.0,0.5471149110529753,0,0.0,0.945242891097089,2,17.0,0.759684539459034,1,24.0,0.741003959515114,2,24.0,0.5245071272647261,0,17.0,0.948259817225998,2,15.0,0.3238428129709387,3,61.0,0.5679143655469817,2,70.0,0.37393216274349556,14,276.0
2260.0,16,139.0,0.8273809523809523,9.088952912274063,3,53.0,0.31233422476575906,0,0.0,0.9204420283083325,0,13.0,0.8808179373004269,2,25.0,0.47443088515707293,2,13.0,0.5899498818144718,0,0.0,1.0,0,4.0,0.6647893351672848,2,52.0,0.6379180158268618,2,61.0,0.5196426491363269,11,221.0
2265.0,22,197.0,1.2085889570552146,8.772316033713665,5,79.0,0.21179011559891553,0,0.0,0.9132842128380236,1,5.0,0.8184502712615968,4,37.0,0.3700628741294682,4,34.0,0.47305542444428583,0,0.0,1.0,1,7.0,0.6060424199456396,3,70.0,0.5537450549382565,1,81.0,0.7320264758526192,19,313.0
2270.0,34,270.0,1.6666666666666667,8.064628829449987,5,56.0,0.20533696006226818,0,4.0,0.9485991417011709,0,8.0,0.8943975772120715,7,66.0,0.22668426937291442,6,51.0,0.4225086016718336,0,0.0,1.0,3,30.0,0.5416785391641086,5,85.0,0.16561979057960965,2,95.0,0.6096986187544764,28,395.0
2275.0,29,251.0,1.5304878048780488,8.101262625039434,4,75.0,0.4499041631913854,0,4.0,0.9357016756487201,1,8.0,0.6896163447911412,3,27.0,0.4061512915406384,2,53.0,0.5635862483532535,0,0.0,1.0,2,29.0,0.6402861080491977,3,82.0,0.2169216734639376,3,126.0,0.3081552345613926,18,404.0
2280.0,29,288.0,1.7349397590361446,7.952935565271547,4,78.0,0.3789312247885047,0,4.0,0.9728830330869987,3,17.0,0.5197040677163324,1,10.0,0.7472230779303698,3,38.0,0.47786520580534575,0,3.0,0.9484747111007156,1,18.0,0.5589545628815789,2,78.0,0.26413027409468176,4,113.0,0.3054121650848936,18,359.0
2285.0,23,258.0,1.5449101796407185,8.149377279090357,3,33.0,0.3238110950566224,0,6.0,0.9390012661995104,1,19.0,0.4713243676011425,2,16.0,0.6509610904235498,2,29.0,0.48427249047923565,0,5.0,0.970317315857875,3,45.0,0.37969852549419636,3,93.0,0.3805863315545995,0,50.0,0.7755814022803449,14,296.0
2290.0,26,181.0,1.096969696969697,8.228182938631807,3,46.0,0.40020872792270196,0,6.0,0.9961893650363597,3,12.0,0.00017089502319795192,1,9.0,0.6258810921728675,5,36.0,0.3069667542051349,0,3.0,0.7765412414808772,3,55.0,0.5708070836314973,2,30.0,0.5861407120484239,0,4.0,0.8400278414149369,17,201.0
2295.0,29,271.0,1.6728395061728396,8.596170337347232,4,64.0,0.30956052031774395,0,6.0,0.9759573173627069,3,31.0,0.31980656165708404,4,22.0,0.5744257267603478,7,70.0,0.2460131902546462,0,0.0,1.0,1,38.0,0.6395195015371156,1,5.0,0.7773037464007939,0,4.0,0.647180224993768,20,240.0
2300.0,23,238.0,1.460122699386503,8.690046628565028,4,75.0,0.34191415783879164,0,2.0,0.9258221928053733,0,8.0,0.8666571092767729,5,44.0,0.3308568957915214,5,73.0,0.3652727743255851,0,5.0,0.853013690790845,1,39.0,0.6488770570875061,2,12.0,0.5988241793705332,0,8.0,0.7060129626274183,17,266.0
2305.0,18,193.0,1.1840490797546013,8.553465294894194,2,83.0,0.5941784556781162,0,2.0,0.9579128806704088,0,8.0,0.8110794027910838,4,33.0,0.26383868782378983,1,62.0,0.5571441613505008,0,9.0,0.9529338961656707,1,53.0,0.6429000368554482,2,9.0,0.5253117856144267,1,13.0,0.8012780163468022,11,272.0
2310.0,20,228.0,1.3902439024390243,9.331874791120557,2,74.0,0.3850185307451951,0,2.0,0.9472575712227996,1,11.0,0.7282296336831213,0,14.0,0.8234365898293395,0,14.0,0.620645421938821,0,0.0,0.9421741749225594,0,52.0,0.5195535328122499,4,25.0,0.3212072254556986,1,14.0,0.5902433170499163,8,206.0
2315.0,26,240.0,1.509433962264151,8.792355109596762,4,44.0,0.2752120969251604,0,0.0,0.9327725767564616,0,9.0,0.8986397612090086,1,8.0,0.8394200303488727,2,22.0,0.6558531080486453,0,0.0,0.9155300275763104,2,69.0,0.20418921752960859,5,45.0,0.3582953100262965,1,2.0,0.056184633628913815,15,199.0
2320.0,18,129.0,0.8113207547169812,8.412468540212378,3,30.0,0.16752497358496046,0,0.0,0.8792667477583758,0,8.0,0.885868917436168,1,1.0,0.5350151474788682,1,24.0,0.6630874452415896,0,0.0,1.0,1,32.0,0.3492549089438896,3,38.0,0.29331771840760196,1,81.0,0.5074701543624871,10,214.0
2325.0,24,193.0,1.2138364779874213,8.527279909004044,5,55.0,0.29647405524157,0,0.0,0.9566221819448619,0,8.0,0.7877809149818848,5,19.0,0.3608844417918532,1,33.0,0.7203286707028539,0,23.0,0.915302922681032,0,0.0,0.978749641669385,2,43.0,0.3126977542333721,2,132.0,0.6169049417888653,15,313.0
2330.0,23,244.0,1.5741935483870968,8.6922738202456,3,26.0,0.53912523474596,1,3.0,0.0,0,4.0,0.7222217630351458,7,84.0,0.41224316309990106,0,12.0,0.6090085977243862,0,23.0,0.9586318917445777,0,11.0,0.8960293388611542,4,63.0,0.3230836486146527,2,87.0,0.5648537926657297,17,313.0
2335.0,18,255.0,1.624203821656051,8.789398018211793,1,22.0,0.6734523892921095,1,8.0,0.0,0,0.0,0.9103723105521068,2,66.0,0.4518876821525072,0,8.0,0.6750138951539404,0,0.0,0.9308982423510681,0,19.0,0.5198642826744108,3,50.0,0.40029483457525317,2,89.0,0.5944618897581371,9,262.0
2340.0,21,291.0,1.8417721518987342,9.146811456148198,1,40.0,0.6244992875367369,1,13.0,0.45420559788239634,0,7.0,0.9244839015986298,0,26.0,0.6923883516272592,2,23.0,0.6316223786272582,0,0.0,0.8206022991893869,1,17.0,0.5002464095720295,2,31.0,0.4985259159697229,2,92.0,0.6787900240021078,9,249.0
2345.0,28,357.0,2.23125,8.468218346187054,4,24.0,0.29097661177599027,0,0.0,0.9494816288328822,1,5.0,0.7736906268367607,0,4.0,0.8940149420029379,0,12.0,0.7234571305586892,0,0.0,0.9916347274287609,1,23.0,0.46085148242837914,3,45.0,0.6074402190082542,2,69.0,0.5923063730122595,11,182.0
2350.0,28,393.0,2.440993788819876,8.315502452769106,2,30.0,0.4162747534133303,0,0.0,0.9548129758512583,1,4.0,0.7575313404579204,2,8.0,0.6376745475885479,2,13.0,0.5077658439004464,0,0.0,0.6929875717162927,2,27.0,0.3253749046912252,3,51.0,0.5587458367644073,3,81.0,0.40096087296364996,15,214.0
2355.0,26,254.0,1.5974842767295598,8.768670647864136,4,37.0,0.43585945163878614,0,0.0,0.9566465207477077,1,9.0,0.5958989904437412,3,25.0,0.5660911521571984,3,27.0,0.4158016502248891,0,5.0,0.8266067895185109,1,4.0,0.7150340159726037,3,63.0,0.5420673131869388,1,14.0,0.6582871553848986,16,184.0
2360.0,22,248.0,1.5696202531645569,8.919322765453872,4,53.0,0.3334859567602684,0,0.0,0.9756903019926483,1,13.0,0.6045286739157035,4,44.0,0.4273772495447167,2,20.0,0.364916773205459,0,0.0,0.9532239433884248,1,94.0,0.6186853028070147,4,87.0,0.5683045403434256,2,20.0,0.6340159145077825,18,331.0
2365.0,22,243.0,1.5986842105263157,8.126850668199861,5,52.0,0.33650526374368495,0,0.0,0.4935987907100459,1,11.0,0.7980093418980704,3,55.0,0.4530435453546656,0,11.0,0.48050838983408656,0,1.0,0.9177916585856082,2,145.0,0.5218147007181273,4,104.0,0.3863113695618067,3,31.0,0.5693848542595459,18,410.0
2370.0,19,268.0,1.7402597402597402,8.123038968813537,4,71.0,0.36853979947536103,1,5.0,0.0,0,8.0,0.534732458807386,3,30.0,0.4792857382235691,1,4.0,0.522640154440532,0,0.0,0.925397265920605,2,135.0,0.45705011590195166,5,129.0,0.3768018850932851,1,25.0,0.6481817517094747,17,407.0
2375.0,17,191.0,1.2649006622516556,8.206016753770268,5,98.0,0.3653915412244366,0,0.0,0.9872755052951021,2,14.0,0.6220783573348231,2,19.0,0.5488983896038983,0,4.0,0.8693875651212485,0,0.0,0.9733948657215574,2,208.0,0.4054754448169271,3,39.0,0.19371903891657336,0,0.0,0.45741015651623507,14,382.0
2380.0,21,211.0,1.3973509933774835,8.34445708519264,2,48.0,0.3124970623308798,0,0.0,0.2998329770453966,0,1.0,0.9166614711278287,4,32.0,0.558312776423687,1,5.0,0.788150937341877,0,0.0,0.9251993261107371,4,181.0,0.3780976709950091,4,62.0,0.3200083258821673,2,7.0,0.32496143162418323,17,336.0
2385.0,13,171.0,1.14,8.661954983863813,3,40.0,0.35868382966175016,1,4.0,0.039856978182552655,0,1.0,0.9420492532776906,1,14.0,0.5765149184130229,1,18.0,0.6746274621704361,0,0.0,1.0,2,140.0,0.42185662529360407,4,82.0,0.40862928957562034,0,4.0,0.9162543260110979,12,303.0
2390.0,14,152.0,1.0066225165562914,8.873905525288013,4,57.0,0.31411936348704533,0,0.0,0.5450390419236475,0,1.0,0.9137380158266483,0,0.0,0.683767557628676,4,21.0,0.4836299646054484,0,4.0,0.8702245186165563,0,101.0,0.6247370253550739,3,77.0,0.419624194415784,1,2.0,0.585779483970439,12,263.0
2395.0,16,162.0,1.051948051948052,9.104731140584159,3,39.0,0.14827166290385846,0,0.0,0.9487977863010165,0,5.0,0.8222720300399652,1,7.0,0.4300554539772611,3,39.0,0.37719896078228876,0,4.0,0.9462066938914627,1,99.0,0.5916110105128202,2,82.0,0.6333905649509933,2,11.0,0.5597170564664188,12,286.0
2400.0,16,194.0,1.2597402597402598,9.60872635014493,2,24.0,0.4777862159767462,0,0.0,1.0,1,9.0,0.8427432572236924,0,4.0,0.7764817966115417,4,52.0,0.3347263592482114,0,0.0,0.9349387436959196,2,66.0,0.41018495341783734,2,92.0,0.6232261543593933,1,9.0,0.6165868228615795,12,256.0
2405.0,18,104.0,0.6753246753246753,8.919561053856114,2,50.0,0.7014432669845343,0,0.0,1.0,3,15.0,0.6449269731122477,0,6.0,0.8718575871268918,2,14.0,0.37977790326504957,0,0.0,0.6481252919579751,1,73.0,0.5632618883842575,2,14.0,0.3751979978452462,1,1.0,0.5412687473693207,11,173.0
2410.0,19,106.0,0.6838709677419355,8.499399151593337,2,59.0,0.5405206051259374,0,0.0,0.8823741424500505,2,5.0,0.5394569670246452,1,15.0,0.731092866201677,3,23.0,0.3350223882111246,0,2.0,0.885390256687605,2,89.0,0.46105319064856276,3,32.0,0.37086558570421857,1,15.0,0.7817373580988111,14,240.0
2415.0,23,156.0,1.0263157894736843,8.250741443112583,2,56.0,0.42926664906784656,0,0.0,0.93023700160934,2,10.0,0.6242873479281418,1,7.0,0.5670253375019265,4,43.0,0.3199408902304876,0,2.0,0.9037145639060611,3,65.0,0.3919533977596031,4,51.0,0.398319475741594,0,10.0,0.9142884198651826,16,244.0
2420.0,20,189.0,1.243421052631579,8.323305021635475,2,59.0,0.3791192439691072,0,0.0,0.9138146625728809,2,24.0,0.6799603730356759,1,13.0,0.629682689033843,3,40.0,0.4937102286444744,0,0.0,0.9969901011415495,4,58.0,0.2836681485221574,2,37.0,0.5365876133614069,1,13.0,0.7449209479221335,15,244.0
2425.0,22,231.0,1.519736842105263,8.484120041935384,3,68.0,0.19545174944252863,0,0.0,0.9280719233826803,3,34.0,0.6548660393357041,1,17.0,0.664796260773001,1,15.0,0.5981245034560136,0,0.0,1.0,6,68.0,0.2556484647586334,2,43.0,0.5250055676655039,1,13.0,0.6008313164365855,17,258.0
2430.0,21,270.0,1.7419354838709677,9.179588531153284,3,68.0,0.08097848398120563,0,0.0,0.952216191185905,1,25.0,0.7928925182393013,1,42.0,0.7086791114201905,1,14.0,0.45316406716394764,0,0.0,0.9337710574279106,7,84.0,0.28681690628384177,2,53.0,0.5614010391368022,1,23.0,0.7596719090852968,16,309.0
2435.0,19,249.0,1.6168831168831168,9.038113210399272,2,70.0,0.3552666174375059,0,0.0,0.6338250013051414,0,4.0,0.8196114509687902,1,7.0,0.8361646572587995,3,6.0,0.41665227979394653,0,0.0,0.8786826865625187,5,64.0,0.284584122502757,2,58.0,0.5231779571440517,1,24.0,0.754515911016061,14,233.0
2440.0,18,216.0,1.3584905660377358,9.280324708079768,2,78.0,0.5678217022645501,1,4.0,0.6249737869244321,2,14.0,0.74212341248384,1,19.0,0.35830197585865703,1,9.0,0.6385763493654765,0,0.0,1.0,4,69.0,0.3718164731218357,1,6.0,0.6114820846175026,1,14.0,0.6189144891553641,13,213.0
2445.0,24,306.0,1.9367088607594938,9.038984283755363,1,72.0,0.582100484252711,1,9.0,0.6474087645299169,0,8.0,0.8821736898039664,8,44.0,0.3518252210497862,1,11.0,0.5921035942412486,0,0.0,1.0,5,86.0,0.35321072778210927,2,14.0,0.6519141448977145,1,17.0,0.5292938371981528,19,261.0
2450.0,23,297.0,1.9161290322580644,8.723318441867516,1,73.0,0.6319897517591525,1,14.0,0.4853701672518087,1,13.0,0.7380754889856854,6,39.0,0.358099326507836,1,8.0,0.713469140013299,0,0.0,0.951231386882486,5,104.0,0.23279486641547292,2,24.0,0.550517141062796,2,30.0,0.48022548073142673,19,305.0
2455.0,18,246.0,1.5769230769230769,9.195156478375452,3,88.0,0.5341903297691096,1,19.0,0.0,3,16.0,0.516123064151128,2,29.0,0.5035916724069603,0,4.0,0.5416803861233768,0,2.0,0.9380496272914689,5,104.0,0.26886618858684275,1,6.0,0.6476149851336147,1,32.0,0.4772175864633404,16,300.0
2460.0,21,230.0,1.5333333333333334,9.732686554127564,2,25.0,0.5655293949994716,0,0.0,1.0,2,30.0,0.5947438448125053,5,39.0,0.5055645186389419,1,8.0,0.6714490881246288,0,2.0,0.979523975370593,6,106.0,0.23332700687221378,0,0.0,0.6856834326323814,2,43.0,0.5797028936336629,18,253.0
2465.0,20,232.0,1.5263157894736843,9.164275934720132,2,21.0,0.35228580957454486,0,0.0,1.0,1,16.0,0.6336457369773968,5,40.0,0.4997887547313296,0,8.0,0.7762173350220422,0,0.0,0.9476695632947779,6,105.0,0.2335683905485104,1,1.0,0.37882466576028717,3,51.0,0.3820304846720876,18,242.0
2470.0,21,162.0,1.0728476821192052,9.016456696711092,6,53.0,0.2424054198542504,0,0.0,1.0,1,9.0,0.6666302471391693,2,21.0,0.4548189272863136,1,10.0,0.8339284683985848,0,0.0,0.9594174429582859,6,72.0,0.30922569788604193,3,14.0,0.4399763661901458,0,10.0,0.5725236003410737,19,189.0
2475.0,26,183.0,1.22,8.58672409764123,6,62.0,0.16305383144801666,0,0.0,0.9855845353619266,3,17.0,0.5352297792506059,6,38.0,0.2750810921155714,1,15.0,0.6015865448540048,0,5.0,0.9478230281543254,7,162.0,0.34792567298042215,2,16.0,0.6872424907926754,0,0.0,0.7334222421898098,25,315.0
2480.0,16,164.0,1.1081081081081081,8.63055104227007,3,71.0,0.2625027278357627,0,4.0,0.9078698116717608,0,4.0,0.7851567418980356,3,13.0,0.46608464240421354,1,11.0,0.40032660197315584,0,0.0,0.9507739860437001,6,155.0,0.23838363347446975,2,30.0,0.6436056592235836,0,0.0,0.9513050452366967,15,288.0
2485.0,13,131.0,0.8851351351351351,9.898540054710502,3,76.0,0.40755638932207433,0,4.0,0.9291521362268372,1,6.0,0.747743309111753,0,4.0,0.9367953187523187,0,12.0,0.5554760639782276,0,0.0,0.9297423267614418,5,166.0,0.3653169788150031,3,45.0,0.7002652570640843,0,0.0,0.9362496098716216,12,313.0
2490.0,14,109.0,0.7364864864864865,9.651614172659801,4,51.0,0.24855847470794512,0,4.0,0.9314266820676268,1,15.0,0.7952810085897615,0,4.0,0.8854018206835983,0,8.0,0.6454927737294494,0,0.0,1.0,6,167.0,0.3757826259498067,2,20.0,0.4444727683603635,0,6.0,0.7955206141971785,13,275.0
2495.0,18,124.0,0.8378378378378378,9.175227704137988,1,35.0,0.5248005727602558,0,4.0,0.9509585391262421,1,16.0,0.7949433384752177,0,4.0,0.9422417831543699,0,12.0,0.7919642689161009,0,0.0,1.0,5,158.0,0.24703463004970352,8,50.0,0.19547336125426742,0,4.0,0.8860144849070409,15,283.0
2500.0,20,176.0,1.2307692307692308,8.92929653892838,1,31.0,0.6765505147786138,0,4.0,0.9714844264118816,1,17.0,0.7972766582703885,0,11.0,0.6947492245686723,0,8.0,0.7159261558862172,0,0.0,1.0,5,143.0,0.327656430914303,9,92.0,0.2821068179814577,0,4.0,0.8365385273125374,16,310.0
2505.0,23,212.0,1.4929577464788732,8.912408243346016,3,51.0,0.43594138656890175,0,0.0,0.9782191516128439,1,22.0,0.5852851245707551,2,31.0,0.6449756835369708,1,13.0,0.7300977819577023,0,5.0,0.6445198737401858,6,171.0,0.3618846586976867,5,61.0,0.4397104272173021,0,5.0,0.7987857609222939,18,359.0
2510.0,26,269.0,1.8943661971830985,8.49280766944325,5,65.0,0.44778411587971495,0,0.0,0.5868445617823834,2,35.0,0.6694592057274297,2,35.0,0.5510097149534567,0,12.0,0.4625176297734777,0,0.0,0.8497869590274836,4,127.0,0.1570386794037533,4,55.0,0.3653592024064745,3,12.0,0.3187200672570612,20,341.0
2515.0,24,225.0,1.5845070422535212,8.426562796065742,5,50.0,0.487594881853393,0,0.0,0.46422644137409275,0,8.0,0.7593059091464839,3,38.0,0.5440948861711844,2,23.0,0.6255656405379703,0,0.0,0.8640720631599907,3,109.0,0.08903998841838413,6,77.0,0.34913936842485466,1,10.0,0.4936463264851658,20,315.0
2520.0,29,258.0,1.856115107913669,8.26856043801452,6,85.0,0.4169854664821515,0,0.0,0.9998552810408481,3,17.0,0.5879879160888671,3,26.0,0.5031062389951473,2,29.0,0.6863996001257447,0,0.0,1.0,4,38.0,0.19779719826144992,7,109.0,0.4257835414117758,1,21.0,0.6419662971062169,26,325.0
2525.0,28,289.0,2.0642857142857145,8.381115176268432,8,121.0,0.15884133731020655,0,0.0,0.9483700624595346,3,32.0,0.590999403178629,3,10.0,0.3743689449943013,1,32.0,0.5364234690804779,0,0.0,1.0,3,33.0,0.36968256993594895,7,134.0,0.40297958638542475,2,63.0,0.550082464194325,27,425.0
2530.0,29,349.0,2.5107913669064748,7.2145561252232,9,163.0,0.1967543370795267,0,0.0,0.9568058178340718,2,28.0,0.6642130097033051,5,33.0,0.07192679337743126,3,22.0,0.4695718466025896,0,0.0,1.0,1,23.0,0.6073523605357767,8,166.0,0.3275489234933011,0,45.0,0.41077770217530446,28,480.0
2535.0,29,344.0,2.4748201438848922,8.009392412310017,8,128.0,0.14866122143678942,0,0.0,0.9561664917523118,0,14.0,0.7793692338471703,3,33.0,0.4954073340767421,5,42.0,0.5267731377985154,0,0.0,1.0,1,16.0,0.6223388505082463,9,181.0,0.19870286024074854,1,30.0,0.5438349223193978,27,444.0
2540.0,21,350.0,2.536231884057971,8.35857353272231,6,151.0,0.24303969185127164,0,1.0,0.4320549938415195,1,6.0,0.6676742249661621,0,14.0,0.7598472562974383,3,43.0,0.40666598024338474,0,0.0,0.9276551218912676,0,0.0,0.557512916919318,7,192.0,0.34982260132056675,1,12.0,0.6585381779397638,18,419.0
2545.0,22,404.0,2.927536231884058,8.561869519159991,7,179.0,0.16040646301198758,1,4.0,0.5675242433574342,1,5.0,0.7901660760067855,1,9.0,0.5827998664448415,2,31.0,0.6185768426236998,0,0.0,1.0,1,15.0,0.5016987881815985,6,220.0,0.4091412205497931,1,24.0,0.7071056760145827,20,487.0
2550.0,20,309.0,2.176056338028169,9.189734219241839,7,183.0,0.2597197448294404,0,1.0,0.9436610992373735,1,6.0,0.7387338680592831,2,17.0,0.6652141525474145,2,34.0,0.7120801783216953,0,0.0,0.46061926260109815,1,24.0,0.4666945411593324,4,97.0,0.5124870939040459,1,36.0,0.729332003162076,18,398.0
2555.0,16,158.0,1.0972222222222223,9.454989505908745,2,164.0,0.2640719284980005,0,1.0,0.9296558525055263,1,11.0,0.55384170729216,2,27.0,0.6968407784785852,4,46.0,0.5105728961294663,0,0.0,0.9300876050159157,0,16.0,0.74794692076064,3,48.0,0.40791124302320514,2,35.0,0.45903891317659795,14,348.0
2560.0,22,195.0,1.3928571428571428,8.729488939053205,2,76.0,0.3298738555899242,0,1.0,0.9928821947881314,0,0.0,0.9517441427520784,2,33.0,0.6632667527010219,6,76.0,0.4892655473156268,0,0.0,0.949061571797657,1,19.0,0.7229065471534979,4,47.0,0.46892795900556855,2,12.0,0.44223584255367115,17,264.0
2565.0,19,214.0,1.4861111111111112,8.581953636494026,2,34.0,0.5507800528637679,0,4.0,0.458004838811091,0,0.0,0.8717960030811036,2,43.0,0.6709421109501036,5,82.0,0.4243742904496764,0,0.0,0.8493288926563953,1,30.0,0.5241061514319725,5,36.0,0.5094750975231024,2,12.0,0.3943249576562007,17,241.0
2570.0,19,170.0,1.1971830985915493,8.866963702961899,2,28.0,0.44880790601837767,1,9.0,0.5045795590319769,1,3.0,0.4534960353975244,2,53.0,0.5481283532127249,1,76.0,0.40788944627923523,0,0.0,0.9434844256396355,3,64.0,0.39213336099474405,4,45.0,0.5453177180165502,3,30.0,0.6073290460077507,17,308.0
2575.0,21,226.0,1.5694444444444444,8.56804963764108,2,42.0,0.5817910312927532,1,14.0,0.6541145007209975,1,12.0,0.727016227430938,2,63.0,0.4622450256115508,3,50.0,0.288537705999894,0,0.0,0.8864962368429746,3,31.0,0.41211025134738133,5,61.0,0.22275430364637866,1,23.0,0.6816631040497173,18,296.0
2580.0,23,153.0,1.0408163265306123,8.328536761522072,1,6.0,0.3423105569766535,0,4.0,0.9686633595432249,0,8.0,0.9438119624236075,1,33.0,0.4010189122755957,5,46.0,0.3556918459970108,0,0.0,0.935762370803595,3,29.0,0.18938808462739706,7,53.0,0.15391046098543917,1,9.0,0.5257151621051536,18,188.0
2585.0,18,101.0,0.6870748299319728,8.885990462709671,2,17.0,0.25972389242458277,0,4.0,0.962560789067734,0,4.0,0.8586573320178094,1,9.0,0.7329616520692762,2,58.0,0.36707260166229777,0,0.0,0.933598460713874,3,6.0,0.34454460633515716,2,31.0,0.47923447094399485,4,21.0,0.2944502813195781,14,150.0
2590.0,13,94.0,0.6666666666666666,9.273557781762571,3,43.0,0.30992784299272014,0,4.0,0.7486631523132896,1,10.0,0.7270952822400308,2,16.0,0.6678981955943037,2,56.0,0.5972785696362222,0,7.0,0.9308685187862454,1,8.0,0.4117203348984452,2,21.0,0.5425082334477414,2,12.0,0.0017806540433439291,13,177.0
2595.0,13,116.0,0.8169014084507042,9.649040433872909,3,59.0,0.4078241409611035,0,4.0,0.9482137220400769,3,26.0,0.6393426391294666,0,0.0,0.839406799205305,2,31.0,0.6394305788429911,0,13.0,0.8659108707008153,2,33.0,0.3299122557392758,2,27.0,0.421097146443853,1,7.0,0.2556721725769546,13,200.0
2600.0,13,113.0,0.7687074829931972,10.22072066301911,3,71.0,0.524677058418562,0,4.0,0.9225904878753074,1,12.0,0.7926466557598556,1,1.0,0.7267084948833396,2,13.0,0.6955075712531165,0,6.0,0.9558846383547154,0,21.0,0.6857040870565942,3,40.0,0.3732885890276399,2,14.0,1.6902879447991853e-05,12,182.0
2605.0,13,80.0,0.5369127516778524,9.52846345147,3,75.0,0.5081563925328215,1,5.0,0.6720544011834934,2,7.0,0.6654642723479495,1,6.0,0.17881544951211661,3,24.0,0.5825949205112526,0,0.0,1.0,1,7.0,0.6253968426793463,1,8.0,0.43570687435002936,1,7.0,0.0,13,139.0
2610.0,18,120.0,0.8275862068965517,9.112595638688274,4,89.0,0.2780300228847184,0,4.0,0.9099301806692349,3,19.0,0.6388101885816945,1,5.0,0.4119012987027775,4,27.0,0.39473207248153536,0,0.0,1.0,1,12.0,0.761036218930265,1,9.0,0.5255378194130043,0,0.0,0.9745245380844543,14,165.0
2615.0,14,110.0,0.7638888888888888,8.590909231933624,3,77.0,0.2497346542736639,0,4.0,0.7705937200109734,1,7.0,0.6980970329154152,0,12.0,0.844446780716941,1,21.0,0.28388949936242586,0,0.0,1.0,1,6.0,0.6093153757379574,2,14.0,0.6847253132884851,0,4.0,0.9457499224945383,8,145.0
2620.0,15,126.0,0.8689655172413793,9.014343667353657,3,57.0,0.4301791353146763,1,4.0,0.6563621536654107,1,5.0,0.8240062281783003,0,12.0,0.6541444789411274,2,16.0,0.47171965250154824,0,1.0,0.9353465850736971,1,5.0,0.5846863371707175,0,0.0,0.907051479935026,0,0.0,0.931058021302286,8,100.0
2625.0,18,190.0,1.2751677852348993,9.057765905845578,3,69.0,0.2811316520088731,1,9.0,0.4722240849499779,1,14.0,0.7154565843370042,1,6.0,0.7142741286515694,1,8.0,0.6338523570248262,0,1.0,0.9649826091296836,2,23.0,0.6872279666002279,1,1.0,0.641031545015834,0,5.0,0.8798435223464477,10,136.0
2630.0,24,258.0,1.7086092715231789,8.803263819378992,3,76.0,0.5012156541170119,0,0.0,0.9469121929873748,2,19.0,0.7217116802170336,1,14.0,0.6004154182057937,3,22.0,0.5087438455978655,0,0.0,0.9430183785102917,1,17.0,0.4552660376598929,3,12.0,0.4811226714646292,0,5.0,0.8514403574012441,13,165.0
2635.0,31,339.0,2.1870967741935483,8.21181951072812,2,68.0,0.4081072859633803,0,0.0,0.9466803605108844,0,4.0,0.9395619067997849,2,18.0,0.6434811022928242,5,44.0,0.258148384183085,0,0.0,0.9784534710850922,2,11.0,0.2552883290712009,3,12.0,0.5641568492546104,0,5.0,0.9052984081383503,14,162.0
2640.0,26,290.0,1.8709677419354838,8.26617231198518,4,80.0,0.37717010496278697,0,0.0,0.9927158820741767,0,4.0,0.9444026621547411,1,11.0,0.5974339017623533,3,51.0,0.20521538522246408,0,8.0,0.947603124367258,2,21.0,0.5614574673898582,2,17.0,0.5148631501793974,0,8.0,0.5570677204048694,12,200.0
2645.0,23,294.0,1.9342105263157894,8.454928900660766,4,84.0,0.19364087085129852,0,0.0,0.9169601981232259,0,8.0,0.9354475633031305,3,23.0,0.5318659498006992,0,28.0,0.41948574421987833,0,8.0,0.9684519434140028,0,4.0,0.8433244238549629,3,31.0,0.4024253779043713,1,17.0,0.7146850725656302,11,203.0
2650.0,19,337.0,2.2171052631578947,8.524825410033381,2,94.0,0.4873408795503901,0,0.0,0.9879232308442426,0,8.0,0.8418820318823055,3,38.0,0.606595100611474,0,0.0,0.8494615191505882,0,29.0,0.6541821014541138,0,0.0,0.45466514591116,3,17.0,0.4307397203855205,1,20.0,0.7524955643809527,9,206.0
2655.0,12,189.0,1.243421052631579,8.686304591851135,2,89.0,0.4422295326199728,0,0.0,0.8945606981979607,0,8.0,0.7818193591439935,2,15.0,0.6015859952921836,0,0.0,0.9652551256254734,0,24.0,0.7832000704364028,1,22.0,0.6269253773648059,1,6.0,0.4585143133473751,0,7.0,0.6832308975242081,6,171.0
2660.0,11,123.0,0.8367346938775511,9.418589060527527,2,81.0,0.47050212373968686,0,0.0,0.990806414895829,0,8.0,0.8729051927682354,1,8.0,0.512715691999771,0,4.0,0.7406959809188318,0,22.0,0.7848243331404873,2,38.0,0.6889835033936623,1,10.0,0.5561722091740692,2,16.0,0.4323973908029326,8,187.0
2665.0,18,172.0,1.162162162162162,9.39943876953176,2,96.0,0.49861018902180865,0,0.0,1.0,0,4.0,0.8050545050169675,2,14.0,0.49150178891001906,1,8.0,0.7097024888956686,0,0.0,0.8245968406583974,2,31.0,0.4482187516419912,1,5.0,0.7849518926086532,3,25.0,0.5232832082258666,11,183.0
2670.0,14,173.0,1.1849315068493151,8.914967072407869,3,108.0,0.4602789996987922,0,0.0,0.9386988123514546,0,4.0,0.8895997988704968,1,3.0,0.626528366928191,1,7.0,0.8016553050297804,0,0.0,0.9410288691260094,3,75.0,0.30595515867757195,0,0.0,0.86342182352213,3,40.0,0.5869189692370509,11,237.0
2675.0,16,118.0,0.7972972972972973,8.697129768816806,3,31.0,0.38457955078908995,0,0.0,0.9899769290848555,0,4.0,0.9213876188216839,0,4.0,0.6791770717511733,0,8.0,0.6772822247043915,0,0.0,1.0,6,108.0,0.17024821929879785,1,2.0,0.7784318403998621,2,32.0,0.49079585363000805,12,189.0
2680.0,23,139.0,0.9391891891891891,8.810717357877172,3,25.0,0.2544711783236447,0,4.0,0.9791555005939311,0,4.0,0.9526431354390208,2,8.0,0.5957110912652345,2,11.0,0.6235059396193857,0,1.0,0.9847636970593786,4,60.0,0.3841990228443648,2,8.0,0.49976525087705276,3,24.0,0.48269322061040576,16,145.0
2685.0,21,195.0,1.308724832214765,8.069835947439195,4,42.0,0.36781750402696894,0,8.0,0.9851830932713873,0,4.0,0.8471943924244807,0,8.0,0.6928424376468448,0,4.0,0.8525295964329987,0,1.0,0.9939572528393177,2,38.0,0.32140411934763585,3,15.0,0.3246011656808404,3,33.0,0.43316460044603966,12,153.0
2690.0,23,235.0,1.525974025974026,8.266752566722904,2,22.0,0.21586556781475416,0,8.0,0.934768844718857,0,0.0,0.8725364010990284,1,12.0,0.7425462510906488,1,6.0,0.6713163257211716,0,0.0,1.0,4,34.0,0.3354174516349865,3,29.0,0.42387600970101597,1,15.0,0.5951225120064962,12,126.0
2695.0,23,272.0,1.7777777777777777,8.773608378565438,1,14.0,0.3906379431331432,0,8.0,0.9507346763777587,1,2.0,0.8108913436458787,1,13.0,0.7157616840677019,2,22.0,0.6110907890061256,0,0.0,0.9516616619399842,3,22.0,0.14608501870129673,3,42.0,0.5903876954140712,0,9.0,0.788325793209051,11,132.0
2700.0,23,233.0,1.4935897435897436,8.447036663265854,2,22.0,0.5843745343689912,0,8.0,0.8451917221927463,1,7.0,0.6772525668586686,4,26.0,0.5205502463535936,0,8.0,0.5788153402867297,0,4.0,0.8601429633234311,4,37.0,0.40685784850224554,2,21.0,0.4632335134030887,1,13.0,0.5402986660740997,14,146.0
2705.0,28,257.0,1.6369426751592357,8.469769603470494,1,11.0,0.6271145558922411,0,8.0,0.8672108475906093,1,5.0,0.8083094892901138,4,46.0,0.4654656937957547,2,15.0,0.3909017950817094,0,4.0,0.8115624545502174,4,51.0,0.4635855978303318,4,36.0,0.3122432501729012,1,30.0,0.7356287403579315,17,206.0
2710.0,24,267.0,1.7337662337662338,8.416672309974105,1,5.0,0.5587635261442783,0,7.0,0.8919766272755112,0,4.0,0.937035671682969,2,20.0,0.5279755126234766,2,13.0,0.4280133916682831,0,4.0,0.9129224140219687,2,75.0,0.5780584405530665,4,60.0,0.3511970721906036,0,29.0,0.7757712414554524,11,217.0
2715.0,26,202.0,1.3289473684210527,7.891343005197439,4,19.0,0.45142780125021326,0,3.0,0.9406338067208142,0,4.0,0.8626691852052693,3,32.0,0.4738103880369667,2,27.0,0.571787658729128,0,0.0,0.989368727843439,1,91.0,0.5435427395161813,3,30.0,0.3733458351305262,1,9.0,0.6371454187928848,14,215.0
2720.0,27,182.0,1.1592356687898089,7.464362532369854,4,31.0,0.2816086402054484,0,3.0,0.9539669214023789,1,7.0,0.7004647320640648,6,66.0,0.3514913360231922,0,4.0,0.6236949883496741,0,0.0,0.9563349677767224,2,99.0,0.3443438369789848,0,4.0,0.7024195272300994,2,17.0,0.21193104669642546,15,231.0
2725.0,31,229.0,1.440251572327044,7.982149844960683,5,45.0,0.2412607963714702,0,3.0,0.9138746635565542,2,20.0,0.6678252782109317,4,58.0,0.5338380703898917,2,15.0,0.6304056707508784,0,0.0,0.9506002825226644,4,60.0,0.2844135400814914,0,0.0,0.7657581307952593,1,8.0,0.6611876669308021,18,209.0
2730.0,31,312.0,1.9746835443037976,8.161411646664082,6,74.0,0.1875297047952393,1,2.0,0.7537072721855501,3,34.0,0.5718135291824338,1,53.0,0.3280796486936768,2,29.0,0.7057542269252343,0,0.0,0.9740246115460526,5,61.0,0.43517844446814163,1,5.0,0.7962487063088187,1,10.0,0.6439864027872167,20,268.0
2735.0,31,395.0,2.4382716049382718,8.416866847962313,5,74.0,0.3246895600963553,0,0.0,0.8737933254812873,2,15.0,0.7134588696434263,2,45.0,0.5684347703823697,2,39.0,0.7143592070970074,0,0.0,1.0,5,66.0,0.3045198452291523,1,1.0,0.6131853430805314,2,28.0,0.685478591686716,19,268.0
2740.0,27,353.0,2.152439024390244,7.848056333799531,0,64.0,0.468264462726153,3,6.0,0.007851875830124306,0,3.0,0.8405618742296641,3,35.0,0.41439153070353507,2,34.0,0.4071358885429575,0,0.0,0.9263702078429751,4,59.0,0.2530337160207073,2,9.0,0.470797755951505,2,38.0,0.5381455502992116,16,248.0
2745.0,32,297.0,1.778443113772455,8.151019789925641,1,15.0,0.51927910165385,4,26.0,0.19726725152583974,1,6.0,0.7805638485217514,4,58.0,0.4053076611479232,2,22.0,0.44567233788379984,0,0.0,0.9548415510577982,2,87.0,0.4884091904813637,4,24.0,0.45396824016325277,2,23.0,0.32502671399828253,20,261.0
2750.0,32,350.0,2.1341463414634148,7.832682793732266,1,16.0,0.45645035614021656,2,25.0,0.364517083169331,1,10.0,0.7461413432820537,3,36.0,0.4019493926800789,3,26.0,0.533884698966131,0,18.0,0.9832209109308715,3,88.0,0.4803092443502496,1,5.0,0.7523494983762161,1,12.0,0.6850898062728886,15,236.0
2755.0,29,332.0,1.9880239520958083,7.875827990693309,6,39.0,0.2672803215904381,1,7.0,0.40344649247173187,1,11.0,0.3690289497520098,2,31.0,0.6685825735813331,0,6.0,0.6746928191289066,0,18.0,0.9624986632927861,3,50.0,0.3186141632237186,1,14.0,0.5411339486923515,2,17.0,0.5542213587524003,16,193.0
2760.0,35,320.0,1.927710843373494,7.999851914515504,9,76.0,0.18280415796878116,1,12.0,0.6283809612863314,3,22.0,0.24779758964295298,4,45.0,0.5225627411146826,1,17.0,0.6473799875323375,0,0.0,1.0,3,159.0,0.3931456953073571,3,11.0,0.48214457726366305,2,26.0,0.5916748707268272,26,368.0
2765.0,26,199.0,1.2208588957055215,7.737881747988286,8,87.0,0.1851122182256947,0,4.0,0.705453339535057,1,12.0,0.11184268478151886,6,39.0,0.2962264450099129,3,27.0,0.6814846415730728,0,0.0,1.0,4,155.0,0.36856117362822816,2,14.0,0.6400408066475832,0,0.0,0.7189708456797169,24,338.0
2770.0,17,122.0,0.7625,8.608946968778033,4,91.0,0.245490463433758,0,4.0,0.47253242449316507,1,5.0,0.4978078139894623,3,33.0,0.2996427216841972,3,31.0,0.2997421264874052,0,0.0,0.9401956870734601,2,168.0,0.5087287937060813,2,27.0,0.5883509466779636,0,0.0,0.9542800467243511,15,359.0
2775.0,21,159.0,1.0,8.307318323808694,4,85.0,0.37514505401584175,0,4.0,0.7934488639031151,1,10.0,0.6161407623378177,3,38.0,0.40519606647519807,3,30.0,0.44813242078719,0,0.0,1.0,1,176.0,0.47921295553228216,3,38.0,0.518077844648144,0,11.0,0.9514651038720989,15,392.0
2780.0,24,186.0,1.1625,8.071686627677602,5,65.0,0.3344825553464824,0,4.0,0.5776348862242154,1,15.0,0.6443856531148705,1,16.0,0.7533958877008429,3,34.0,0.6230105810486003,0,0.0,1.0,3,130.0,0.2138838838040902,4,42.0,0.4226786684502738,0,11.0,0.9541455999839638,17,317.0
2785.0,21,166.0,1.0375,7.806483015723347,4,67.0,0.3211640224291655,0,0.0,0.9121800429085691,1,20.0,0.6393880013272102,2,21.0,0.6809766877960484,1,17.0,0.7372419753790384,0,0.0,1.0,4,90.0,0.3127619231842785,1,37.0,0.33611844650983463,1,15.0,0.48888274741457743,14,267.0
2790.0,32,282.0,1.7407407407407407,7.635096979450477,8,73.0,0.3118777415115117,0,0.0,0.8950489885726445,1,25.0,0.6403848161638572,5,40.0,0.4592921053469263,2,27.0,0.6228973994355201,0,0.0,0.5856233674875985,2,112.0,0.5700487343030854,3,38.0,0.3202995861015035,4,30.0,0.4467228540059884,25,345.0
2795.0,35,370.0,2.3125,7.799975528114241,9,83.0,0.3090219672291707,0,0.0,0.9071723073184478,0,0.0,0.9072108053922352,4,36.0,0.31337109835976285,4,46.0,0.5701885328666773,0,0.0,0.944648825040699,2,98.0,0.5174664452785808,2,48.0,0.4077972460247533,5,47.0,0.41601579543376965,26,358.0
2800.0,23,279.0,1.7222222222222223,8.615025967905066,6,101.0,0.36653628469284727,0,0.0,0.9532632609577932,0,0.0,0.9441763539796131,0,23.0,0.642027907814744,4,45.0,0.5637648988790261,0,0.0,1.0,2,110.0,0.4455840897461339,1,44.0,0.49880981799190216,6,73.0,0.3099565223831575,19,396.0
2805.0,20,170.0,1.0625,8.797635816074916,6,119.0,0.289567790101727,1,1.0,0.5006718871018679,0,0.0,0.7493493320553627,0,9.0,0.9505443135751785,2,39.0,0.4848024631820052,0,0.0,1.0,3,98.0,0.4266851435050969,1,49.0,0.4670161349521673,4,47.0,0.351063245597001,17,362.0
2810.0,23,219.0,1.343558282208589,8.676316759140152,9,168.0,0.10424727714754878,1,6.0,0.4825292222941945,0,0.0,0.8927202704083425,0,10.0,0.7627426150533524,2,29.0,0.3314094684638812,0,0.0,1.0,5,140.0,0.26661352968744073,2,66.0,0.6406801868805776,1,16.0,0.6315405962329835,20,435.0
2815.0,26,181.0,1.117283950617284,7.818393175487313,10,206.0,0.2070568740499038,0,0.0,0.9201457354018405,0,0.0,0.8528955331657122,0,6.0,0.8331304518366067,2,14.0,0.2499345715254782,0,0.0,0.9570601145858093,5,79.0,0.2303438741685312,1,17.0,0.7730346749029195,3,21.0,0.24318827645453844,21,343.0
2820.0,28,208.0,1.2839506172839505,7.669330816060743,12,233.0,0.20646856089616925,0,0.0,0.9914424748743337,0,4.0,0.857049891180857,3,17.0,0.38333112564985883,5,24.0,0.13910160642223235,0,0.0,0.9048397012325711,0,20.0,0.5001255172229938,1,9.0,0.7747565829499333,0,17.0,0.7465968532405858,21,324.0
2825.0,35,281.0,1.7345679012345678,7.289824858112686,12,235.0,0.19894635546939587,0,4.0,0.9816372912252059,0,8.0,0.8606973899657673,6,41.0,0.3045666537629312,8,56.0,0.0737020396357748,0,0.0,1.0,1,17.0,0.37594276517210046,4,17.0,0.4794691375532794,1,31.0,0.7333798061177816,32,409.0
2830.0,28,262.0,1.607361963190184,7.375191211562323,8,264.0,0.3705893897982861,0,4.0,0.931145039325487,0,8.0,0.7541397446320579,8,76.0,0.28178409729982484,6,64.0,0.3136303209944079,0,2.0,0.9887998059999776,1,57.0,0.37832737039728986,4,24.0,0.3560995506866007,1,23.0,0.7148212031296415,28,522.0
2835.0,29,309.0,1.9192546583850931,7.164450383087864,8,243.0,0.322429215683392,0,4.0,0.9675932279058724,2,15.0,0.5118372761205089,10,125.0,0.18472862480440516,0,47.0,0.4703852999673525,0,2.0,0.8015524203836613,5,75.0,0.35871694756479194,2,25.0,0.5065071277175186,2,21.0,0.46182533810493204,29,557.0
2840.0,28,297.0,1.84472049689441,7.243125258137485,9,250.0,0.10870071804060884,0,4.0,0.9737623288164253,1,22.0,0.7648042726040765,5,62.0,0.4071367684102934,2,24.0,0.47217843038527707,0,0.0,0.9091276998200754,7,102.0,0.18328808987246106,3,31.0,0.5675428593967882,0,0.0,0.5965988990602031,27,495.0
2845.0,24,163.0,1.0061728395061729,8.16989080792047,10,227.0,0.14327452479222302,0,4.0,0.9177524808163876,0,8.0,0.8268650508947406,0,13.0,0.7892737287010931,0,34.0,0.8206751354722385,0,0.0,0.9465896627171991,6,70.0,0.17270495055570448,5,39.0,0.5098302159705488,2,8.0,0.54782304908477,23,403.0
2850.0,28,232.0,1.4409937888198758,8.763159338743714,11,176.0,0.22968078100156245,0,4.0,0.9787694560008495,0,8.0,0.8753646447120722,0,10.0,0.9149584032065149,1,43.0,0.659379274648562,0,0.0,0.9507594387863286,3,58.0,0.30437128035048305,8,68.0,0.3240445893166144,3,26.0,0.4681891135057612,26,393.0
2855.0,29,307.0,1.883435582822086,8.461653040153907,11,204.0,0.3198475807180835,0,4.0,0.5982171215672999,1,13.0,0.6777101684052537,0,11.0,0.8895003484422023,3,36.0,0.39779526555294226,0,31.0,0.9601812348232932,3,41.0,0.400965402354179,8,103.0,0.19067524455396856,2,18.0,0.673457678527605,28,461.0
2860.0,29,255.0,1.536144578313253,8.09409535726749,10,230.0,0.12054226237540967,0,0.0,0.5257131778865561,0,8.0,0.8595383562447169,0,6.0,0.8293742926726869,4,27.0,0.5419492390367657,0,8.0,0.9763144644306571,3,74.0,0.4854069966558342,7,107.0,0.29499948069745946,1,5.0,0.6852517256039157,25,465.0
2865.0,25,262.0,1.587878787878788,8.409801980981335,10,232.0,0.20737430403145693,1,3.0,0.4854319778487285,1,10.0,0.8020765340868828,1,10.0,0.6778461306816902,1,23.0,0.612591634400772,0,0.0,1.0,2,91.0,0.5702702273217379,3,100.0,0.47275474686741875,2,17.0,0.532230033954956,21,486.0
2870.0,27,338.0,2.0239520958083834,8.64841069076713,9,222.0,0.23786123400911904,1,8.0,0.48474883315899253,0,8.0,0.8878930570964112,1,11.0,0.7573698772961709,2,16.0,0.5125229029116072,0,0.0,1.0,4,102.0,0.4832197868562432,3,80.0,0.5726897047337484,4,35.0,0.6267476359190817,24,482.0
2875.0,25,306.0,1.7894736842105263,8.462357887986185,9,254.0,0.24246996213799205,0,0.0,0.558324465725108,1,14.0,0.5371132561365153,1,12.0,0.6784388031202632,3,25.0,0.5615535866346304,0,0.0,1.0,3,129.0,0.37571102497321496,1,3.0,0.6288966836165912,5,41.0,0.5461371797634129,23,478.0
2880.0,34,377.0,2.191860465116279,8.484914522522587,11,298.0,0.12974207466621035,0,0.0,0.9306470769615092,5,27.0,0.4001010328331988,2,20.0,0.6694715087028082,3,44.0,0.6008843077515056,0,0.0,1.0,5,65.0,0.2796732525203123,3,18.0,0.4888863447131804,3,52.0,0.48847364643895164,32,524.0
2885.0,42,510.0,2.9310344827586206,8.1653464951438,13,329.0,0.14285364653352647,1,2.0,0.6236176824822927,3,27.0,0.6041834347677055,2,30.0,0.6420695797847994,1,17.0,0.6550921055720392,0,0.0,0.9635558586279002,7,53.0,0.21614979784965382,5,35.0,0.17268523152534337,6,57.0,0.37458867088597037,38,550.0
2890.0,35,518.0,3.1204819277108435,8.130635651234723,9,359.0,0.2345504793889145,1,7.0,0.6100561761277236,1,23.0,0.5487575318710276,2,50.0,0.4868198761415472,1,7.0,0.5734560025498566,0,0.0,0.947758743360035,5,45.0,0.2647704393157882,6,41.0,0.15421064741735696,6,54.0,0.31995961175547044,31,586.0
2895.0,26,478.0,2.8622754491017965,8.297173263006403,7,353.0,0.2587378144038623,0,8.0,0.9143585630500999,3,28.0,0.5405876845485643,3,64.0,0.5912739714384554,4,21.0,0.3937350431459855,0,0.0,0.6882928895602607,2,40.0,0.5389608364154408,3,35.0,0.35318393427168754,1,36.0,0.5506681868935126,23,585.0
2900.0,27,502.0,3.0059880239520957,8.104678169128023,7,316.0,0.2853905358353269,0,12.0,0.9617157591043201,0,8.0,0.9112288131333713,4,70.0,0.5275104186831029,2,20.0,0.44912660073613414,0,0.0,0.9829860944764661,3,65.0,0.30796295209897606,3,37.0,0.4811300158434567,2,32.0,0.6271772219393402,21,560.0
2905.0,20,171.0,1.0058823529411764,8.465033436864237,7,231.0,0.2558311268623352,0,12.0,0.9519288454521855,0,8.0,0.89855722965777,3,23.0,0.4076782708030746,0,8.0,0.5234310865630448,0,0.0,0.9411435673272074,2,65.0,0.3614784707279238,2,39.0,0.5960389957440023,2,40.0,0.7041750649054741,16,426.0
2910.0,27,263.0,1.5202312138728324,9.533217459754145,9,164.0,0.24533290984027625,0,8.0,0.9675834892839538,0,8.0,0.8123398805657195,5,37.0,0.47201987130046774,1,9.0,0.7920736168913323,0,0.0,0.9900568762606747,1,86.0,0.39330355840344255,2,49.0,0.7035290449153518,2,50.0,0.7193665971547034,20,411.0
2915.0,33,369.0,2.132947976878613,9.003178968042826,11,172.0,0.19102285969635577,0,8.0,0.9471816609930018,1,5.0,0.7435256307731789,7,63.0,0.4998984447599219,0,8.0,0.7794200435243653,0,0.0,0.854199907838551,3,90.0,0.5979551215623637,2,59.0,0.543360525052014,3,29.0,0.48909855364957855,27,434.0
2920.0,31,429.0,2.4375,7.654191245552209,11,218.0,0.2155325672360613,0,8.0,0.8530173454407818,0,7.0,0.6964314253615408,5,54.0,0.35703607639963847,3,13.0,0.5372353613971028,0,0.0,0.9789257296528061,1,68.0,0.4418371201250557,2,69.0,0.2730694586077319,2,45.0,0.39263667839614047,24,482.0
2925.0,32,406.0,2.32,7.800027650333283,8,236.0,0.2678045634556269,1,10.0,0.7604669012010266,1,11.0,0.7734264249915223,0,26.0,0.534500002356839,5,35.0,0.4063655517002783,0,0.0,0.9692103258974986,4,54.0,0.23549979149959696,4,85.0,0.1953915624895042,2,28.0,0.3750101561619586,25,485.0
2930.0,32,488.0,2.7885714285714287,7.99662360070299,8,230.0,0.32040656164561415,1,11.0,0.7307759173378449,1,10.0,0.8092849856227153,1,13.0,0.6654932489032339,4,49.0,0.41368650229858633,0,0.0,0.9716002854765536,4,35.0,0.15879681539585228,4,105.0,0.17968653856402922,1,10.0,0.7298676521136256,24,463.0
2935.0,31,358.0,2.022598870056497,8.006120336800409,10,176.0,0.25158556261861836,3,23.0,0.6378998280521925,1,9.0,0.8216554748197068,2,13.0,0.5862613357645353,1,39.0,0.4067448243879269,0,0.0,0.6862526637915386,3,31.0,0.3250282979490633,2,24.0,0.47469382448912734,2,10.0,0.31033885582980253,24,325.0
2940.0,28,331.0,1.9132947976878614,9.045719193773158,7,168.0,0.3255261678044662,1,7.0,0.6688168724179929,1,9.0,0.7186182262846736,4,32.0,0.6184671521147479,3,22.0,0.27273778246133035,0,2.0,0.8958784331099349,0,17.0,0.7742407115126918,2,14.0,0.4885857581882812,2,28.0,0.4815452159488543,20,299.0
2945.0,26,421.0,2.4195402298850577,9.333614170239299,8,155.0,0.17868005288304734,0,0.0,0.8811385971681094,0,3.0,0.9147020849204242,4,56.0,0.6203504896406368,2,10.0,0.23740384640016726,0,2.0,0.9044344104781126,0,27.0,0.9448651897329191,2,24.0,0.5768061581071301,3,42.0,0.5174772571316637,19,319.0
2950.0,29,461.0,2.6647398843930636,8.483873193170085,12,176.0,0.1983351061871501,1,1.0,0.7513420191778815,0,7.0,0.7457224924230093,4,76.0,0.5881739500511364,3,14.0,0.39048288712741736,0,0.0,0.9696369177997395,0,33.0,0.6023425505103299,1,19.0,0.5025664647536958,1,24.0,0.6666270039409345,22,350.0
2955.0,30,426.0,2.4482758620689653,8.435215171637514,8,194.0,0.27351737136575915,1,6.0,0.7062045254815121,1,7.0,0.758752044297802,6,51.0,0.18684748000006113,3,29.0,0.34988473547716864,0,0.0,0.9814728256367069,2,71.0,0.3709315617407321,1,24.0,0.6852052512657043,0,4.0,0.6047817278938581,22,386.0
2960.0,34,510.0,3.0,8.150156713638555,7,167.0,0.16891065654685275,2,5.0,0.32261652077902914,0,4.0,0.9168027709832366,6,38.0,0.21907432219205428,4,53.0,0.39782551742291583,0,32.0,0.9529441470222068,3,48.0,0.49387987510438436,1,29.0,0.735804542577153,2,10.0,0.3473734018318179,25,386.0
2965.0,35,336.0,1.9534883720930232,7.948086594089761,9,159.0,0.18733289548664303,3,16.0,0.32246823519913337,0,4.0,0.8888317158849889,7,62.0,0.2870852459120427,2,33.0,0.6145321252699707,0,0.0,0.9646369342727423,4,53.0,0.2691792581848199,1,8.0,0.7007916216495487,1,5.0,0.5958204682449763,27,340.0
2970.0,27,222.0,1.3214285714285714,8.258194684296623,7,156.0,0.22157063653198592,3,39.0,0.5101684749812946,0,4.0,0.9057642303257174,2,39.0,0.4940091873632486,1,17.0,0.6941904392905678,0,0.0,1.0,3,19.0,0.37732251242747433,4,20.0,0.40529969533087445,0,0.0,0.8240266927904307,20,294.0
2975.0,31,309.0,1.8727272727272728,8.158654755028852,10,163.0,0.24183598592009514,3,54.0,0.45180135839739766,0,8.0,0.8543540284245825,1,14.0,0.6482261508854144,1,19.0,0.6977721199884196,0,2.0,0.8068387763019187,4,35.0,0.34213939964441203,4,40.0,0.32192454140455723,0,0.0,0.9246727990250615,23,335.0
2980.0,24,254.0,1.5301204819277108,8.63977413977357,9,166.0,0.4421029012990601,1,24.0,0.751243965514797,0,4.0,0.886555325008879,2,30.0,0.6746060889446409,0,8.0,0.6538116326606161,0,2.0,0.9292579001382688,4,48.0,0.32451601539423786,3,38.0,0.49224045208768236,0,4.0,0.9429150745202683,19,324.0
2985.0,19,212.0,1.2771084337349397,8.820849323689036,6,183.0,0.32690050100924767,0,8.0,0.9475006917719191,1,9.0,0.7162163345304122,3,43.0,0.5832323902051687,2,12.0,0.5755487897294056,0,0.0,0.9421916244724035,1,38.0,0.4750655447145096,2,30.0,0.503441956888843,0,4.0,0.9308539414494981,15,327.0
2990.0,22,220.0,1.3253012048192772,8.897232863768872,9,169.0,0.2905126861453447,0,8.0,0.9240678197155571,1,14.0,0.8086326691759536,1,24.0,0.7242189963773474,4,36.0,0.5107123954007614,0,97.0,0.9503841199186143,3,33.0,0.3475958922920141,2,42.0,0.6171248467444409,0,4.0,0.6026032869521354,20,427.0
2995.0,27,265.0,1.606060606060606,8.233375784082744,11,172.0,0.15273746581938893,0,4.0,0.9284767567685702,0,4.0,0.9498176389358269,2,26.0,0.5696821092410531,3,45.0,0.44490895529762164,0,80.0,0.9179336716528733,2,31.0,0.5005981160756755,6,58.0,0.30422374667791385,2,21.0,0.5585852718875023,26,441.0
3000.0,24,207.0,1.2545454545454546,8.4171147804381,9,188.0,0.31946788378834745,1,4.0,0.5017373158421711,0,4.0,0.9594662555996828,6,51.0,0.2043163261889941,2,42.0,0.5041307877878329,0,0.0,1.0,0,12.0,0.6070374849602042,5,83.0,0.4324089391947572,0,9.0,0.7203028521918238,23,393.0
3005.0,32,308.0,1.9130434782608696,8.321391079056589,10,148.0,0.3304565527839463,3,11.0,0.23459882475791527,0,4.0,0.9410835558574594,5,37.0,0.42591905005457414,2,22.0,0.3535964770446246,0,0.0,0.9453876154757228,2,15.0,0.5374415074815717,6,110.0,0.3833918777008096,0,0.0,0.7670312164224252,28,347.0
3010.0,25,226.0,1.3865030674846626,7.928957744772033,12,181.0,0.1726182722754572,1,10.0,0.72092743532486,0,8.0,0.890544314595645,0,16.0,0.732562153992497,1,6.0,0.2651579989634096,0,38.0,0.9486453493657775,3,12.0,0.2480421552192397,5,67.0,0.41047753466482056,2,30.0,0.6354086843410148,24,368.0
3015.0,24,219.0,1.3518518518518519,8.242103318659971,11,216.0,0.23004846287355585,0,4.0,0.9314661011667636,0,4.0,0.8016948257985893,0,5.0,0.8016496163468664,3,17.0,0.027171165175482608,0,38.0,0.9662439529429923,2,10.0,0.2884789027611134,6,97.0,0.3818888154422123,0,45.0,0.8251439584490297,22,436.0
3020.0,26,309.0,1.8957055214723926,8.494836133645322,10,203.0,0.2808039908829939,0,4.0,0.5159729779352499,1,9.0,0.7380689100790396,1,11.0,0.794140415983521,3,32.0,0.39939831796981046,0,0.0,0.9703733449792658,3,22.0,0.27145101772998154,6,135.0,0.3334367046103834,1,51.0,0.8017795200599366,25,467.0
3025.0,26,315.0,1.9444444444444444,7.880152404620468,12,240.0,0.17478474883487946,0,4.0,0.9717758129205004,1,8.0,0.7834628799034298,0,4.0,0.7209123454142334,2,26.0,0.5390281307608108,0,0.0,1.0,1,9.0,0.3557116978912371,6,108.0,0.388130387418117,3,61.0,0.5921584715192636,25,460.0
3030.0,21,199.0,1.2134146341463414,8.008446724182285,11,274.0,0.13321354328740403,0,4.0,0.9853015264923415,1,9.0,0.7518506189492419,2,18.0,0.4406082929009747,1,17.0,0.6557263397215438,0,0.0,0.9520040838595797,0,21.0,0.790119694064532,1,54.0,0.48543269979678466,3,39.0,0.39726587962666104,19,436.0
3035.0,32,298.0,1.8509316770186335,8.429771602284115,13,289.0,0.09897200599899497,0,0.0,0.9311841475696185,1,14.0,0.8289227417871664,5,35.0,0.46921580930207546,2,17.0,0.729463478956868,0,0.0,0.8830856699470401,2,36.0,0.5312720436622216,1,17.0,0.450846337452166,5,46.0,0.5101859171438378,29,454.0
3040.0,28,296.0,1.8271604938271604,7.711910647062305,12,276.0,0.05250910192839986,0,0.0,0.9445213480910496,0,0.0,0.8067660732145739,1,24.0,0.6770159343924068,0,5.0,0.7535510535641602,0,3.0,0.9214165361304643,4,46.0,0.2814429392423811,4,23.0,0.3312673379059496,5,57.0,0.5487133559024987,26,434.0
3045.0,25,199.0,1.1987951807228916,8.575374202128588,9,267.0,0.22877577445882116,0,0.0,0.983044309364273,1,5.0,0.7913466995305516,0,20.0,0.781890527038431,0,9.0,0.7787735507392461,0,3.0,0.961667674780615,4,51.0,0.3561081374050669,2,11.0,0.4722399263790163,4,37.0,0.3955496036652642,20,403.0
3050.0,32,302.0,1.8303030303030303,8.390724267815436,9,229.0,0.1411377843252281,0,4.0,0.9218572098790789,2,16.0,0.6104538993940763,2,23.0,0.727541800016297,1,15.0,0.6269504924147117,0,0.0,0.860075639649543,4,179.0,0.4273157926927666,2,22.0,0.6828368508797344,3,18.0,0.3447718404554081,23,506.0
3055.0,28,334.0,2.0365853658536586,8.10258985844275,11,244.0,0.08350654409257843,0,4.0,0.9022812297707177,1,10.0,0.7423689312093232,3,18.0,0.570522440534368,2,21.0,0.5690156436924941,0,2.0,0.9696464153727118,2,91.0,0.5020653211996632,3,33.0,0.5733306502427196,4,35.0,0.18611470125678603,26,458.0
3060.0,17,178.0,1.0658682634730539,8.841026773675743,7,249.0,0.2786898152713791,0,4.0,0.6999064244487455,0,4.0,0.7887114853384734,3,16.0,0.23796653444263194,1,15.0,0.4097976479579178,0,2.0,0.919937071455481,0,62.0,0.667167646129509,2,27.0,0.5432397909733508,1,18.0,0.4899827898180087,14,397.0
3065.0,22,228.0,1.3987730061349692,9.268868010901757,6,192.0,0.4191076369227203,1,13.0,0.7578189406842416,1,10.0,0.8031316969532296,5,26.0,0.4025161488909055,2,18.0,0.45879283835089457,0,0.0,0.970977528443172,0,13.0,0.8383973249350118,3,36.0,0.41662029389240307,0,4.0,0.8950039052748348,18,312.0
3070.0,19,214.0,1.3048780487804879,9.182769373761012,6,159.0,0.30035621435197674,1,18.0,0.754223648419263,1,15.0,0.8456429714828841,5,56.0,0.511972283824518,1,13.0,0.6009085939501062,0,3.0,0.9153015051747637,1,17.0,0.49957658794216475,3,51.0,0.5420527847697603,0,8.0,0.9100986811381095,18,340.0
3075.0,17,98.0,0.5833333333333334,9.05002405816717,3,130.0,0.4379435865668877,1,23.0,0.7177445881906148,1,16.0,0.8116812238101003,2,18.0,0.4115661207833808,2,23.0,0.692955443932165,0,3.0,0.9824410961507748,3,45.0,0.2747030613985375,2,27.0,0.477488052045059,0,4.0,0.9132165100237544,14,289.0
3080.0,17,103.0,0.6358024691358025,8.96727576586992,6,91.0,0.3644493278492288,0,4.0,0.9497458749060809,1,8.0,0.8435840807309948,0,15.0,0.6960041744402823,2,37.0,0.5954688636223017,0,0.0,0.9510292935832967,2,41.0,0.5599442631922293,3,24.0,0.39937494723778283,0,8.0,0.9355860614666197,14,228.0
3085.0,23,174.0,1.0609756097560976,8.514889505341277,10,124.0,0.20545094691410565,0,4.0,0.7059735879800247,1,17.0,0.8381459749569455,0,6.0,0.9533448819367849,2,29.0,0.5207913563168914,0,0.0,1.0,2,46.0,0.4134698328185396,4,40.0,0.16755503909407243,0,4.0,0.914637405983236,19,270.0
3090.0,21,207.0,1.2621951219512195,8.731924608156284,12,190.0,0.22601831741247783,1,4.0,0.5574793460579127,2,16.0,0.6478524255167546,0,10.0,0.7428930054439945,0,11.0,0.5468852040250612,0,0.0,1.0,2,40.0,0.463804692613485,2,40.0,0.42989498601016934,0,8.0,0.9228009994325231,19,319.0
3095.0,25,260.0,1.6149068322981366,8.88865069825572,12,198.0,0.27249660173684065,2,12.0,0.3299081460713987,3,30.0,0.5681737405104328,3,20.0,0.5543768172115608,1,6.0,0.4039813530667686,0,0.0,1.0,0,11.0,0.9573611677651098,2,49.0,0.5983136754665724,0,4.0,0.9393757528913449,23,330.0
3100.0,19,228.0,1.4161490683229814,8.735781418169736,5,200.0,0.22355152459005617,0,0.0,0.9760832053174391,3,7.0,0.6247098762624682,4,35.0,0.5624819271232382,2,13.0,0.5488495433590657,0,0.0,1.0,0,21.0,0.9491164167108916,2,59.0,0.7206189083724254,1,9.0,0.7101399202865514,17,344.0
3105.0,19,199.0,1.236024844720497,8.29303624507993,8,188.0,0.11685931781015675,0,0.0,0.42965464795981917,1,7.0,0.7499645817546987,3,23.0,0.4804888844567363,1,11.0,0.7020939926910126,0,1.0,0.936770184516611,1,30.0,0.3444775427200602,0,0.0,0.7370700435582885,1,11.0,0.49813003528958016,15,271.0
3110.0,27,254.0,1.6282051282051282,7.870990980080464,9,168.0,0.05318359011568962,2,6.0,0.308410388930134,1,10.0,0.7940186021649559,4,39.0,0.45945276216942255,1,16.0,0.7019709291922975,0,1.0,0.8993616994714996,1,29.0,0.5443614294035444,1,3.0,0.4924277453062719,2,16.0,0.32729098381019306,21,288.0
3115.0,27,199.0,1.267515923566879,7.496403105298996,9,161.0,0.10637263510357285,1,7.0,0.4795220350871271,0,0.0,0.9362559862430647,4,55.0,0.48385675078873885,1,13.0,0.49062213848420744,0,0.0,0.5314031772167975,1,32.0,0.604197340802149,3,20.0,0.16795380442400398,2,30.0,0.6128606960067453,21,318.0
3120.0,36,285.0,1.7924528301886793,7.41933963704242,10,135.0,0.1543470210469514,0,0.0,0.9644537886658348,1,9.0,0.8084927121579477,4,42.0,0.40486396130205093,1,13.0,0.6535401695897911,0,0.0,0.9741980723942795,2,36.0,0.442264669177979,4,32.0,0.19502019119315625,0,37.0,0.9636889470209173,22,304.0
3125.0,34,356.0,2.225,7.843501454295463,8,143.0,0.19128915136418523,0,0.0,0.9744339128728314,1,6.0,0.7635789326529056,6,51.0,0.4662494035125671,2,19.0,0.49127310278544895,0,0.0,0.93923711218483,0,7.0,0.42207604322305814,3,45.0,0.47198849328633985,1,42.0,0.7809751573250707,21,313.0
3130.0,32,362.0,2.2625,7.1252204515370945,4,142.0,0.1345338099924404,0,0.0,0.9279300059137442,0,0.0,0.9097014155706236,8,92.0,0.3987623645967053,1,9.0,0.6744261879059427,0,0.0,1.0,1,6.0,0.5275081709094246,4,62.0,0.46930747423916225,4,48.0,0.5192078223243886,22,359.0
3135.0,34,424.0,2.6012269938650308,7.452027278563645,5,133.0,0.135394225905114,0,0.0,0.8263457197081074,0,0.0,0.9368187539868837,7,102.0,0.29617348657901493,1,14.0,0.7273116690405745,0,0.0,0.9868266030774814,5,52.0,0.3466975111169683,2,39.0,0.624762477087002,4,51.0,0.36332241004387,24,391.0
3140.0,18,239.0,1.4753086419753085,8.334752885608092,4,94.0,0.2311956767663134,0,0.0,0.49535266961353175,0,0.0,0.927114320957562,3,95.0,0.38908630683329753,1,23.0,0.6891905285162886,0,0.0,0.9583486668602339,3,83.0,0.5363752365896063,0,4.0,0.5181434645507138,2,21.0,0.5440206481752655,13,320.0
3145.0,14,182.0,1.1097560975609757,8.575364730795368,2,83.0,0.48022854810398435,0,0.0,0.09383984140398362,0,0.0,0.9298542901412145,0,62.0,0.44688488963681705,0,16.0,0.777465435079476,0,0.0,1.0,0,81.0,0.4954323646153675,1,9.0,0.5526010475757833,4,39.0,0.35498768740336284,7,290.0
3150.0,19,181.0,1.103658536585366,8.416627925611825,4,45.0,0.32106454232508014,0,0.0,0.5174076921308203,0,8.0,0.8265635331082769,1,32.0,0.46166123437345685,1,14.0,0.6768711311443719,0,0.0,1.0,4,77.0,0.3499567493806196,2,7.0,0.5716625228728411,1,8.0,0.5715122280540218,13,191.0
3155.0,21,199.0,1.206060606060606,8.849183297271518,2,60.0,0.6189262763298821,0,4.0,0.8669643757100864,1,9.0,0.7892547655080666,1,23.0,0.5134017367205393,3,24.0,0.5347730651379315,0,0.0,1.0,2,73.0,0.3256802906009859,1,11.0,0.7691072422198149,1,24.0,0.4800293860304246,11,228.0
3160.0,19,221.0,1.3313253012048192,8.521430159044426,1,55.0,0.5933117175767536,0,4.0,0.9631228126746644,0,4.0,0.5577366029927868,2,27.0,0.43557935924451135,1,10.0,0.556934080330071,0,7.0,0.9449100767946522,3,65.0,0.4839729229314206,2,11.0,0.5329995654611026,2,44.0,0.5575447430955093,11,227.0
3165.0,18,129.0,0.7678571428571429,9.090335451388519,3,67.0,0.21807135715745468,0,4.0,0.9550101053701507,3,14.0,0.5280004198217223,4,57.0,0.3897324766124285,1,7.0,0.7994583451673122,0,8.0,0.9660844228959864,3,66.0,0.37762344644505286,1,7.0,0.7644365623093995,1,22.0,0.7227096033236978,16,252.0
3170.0,23,174.0,1.0419161676646707,8.733321448092491,4,73.0,0.17665410622376404,0,4.0,0.9523650183192641,3,29.0,0.4729901679157469,4,72.0,0.5563238154923601,1,16.0,0.6855750988666406,0,5.0,0.9427085115659669,4,33.0,0.35930690798891735,1,8.0,0.42036125756340165,0,4.0,0.7460931426673142,17,244.0
3175.0,19,167.0,0.9940476190476191,8.935092459607558,2,77.0,0.6067330793783695,0,8.0,0.9468036771009536,1,17.0,0.7263130629551976,5,88.0,0.4380890752463708,1,17.0,0.7164814344595558,0,4.0,0.9513114783161488,2,27.0,0.40293977979375284,2,15.0,0.48743713133982974,1,2.0,0.6519828099000575,14,255.0
3180.0,28,251.0,1.5120481927710843,8.601230105771675,2,57.0,0.5082191169645939,0,4.0,0.8815683346856759,2,11.0,0.7363143394303207,10,128.0,0.2821218689969342,1,13.0,0.8226523525024559,0,0.0,0.9641596339735065,5,39.0,0.2987870903951524,1,21.0,0.6806640952668451,2,9.0,0.326554486946626,23,282.0
3185.0,24,262.0,1.6273291925465838,8.035963535349477,1,70.0,0.4541165995780508,0,4.0,0.4652457667871182,2,22.0,0.6702922698047681,8,120.0,0.34349021751229153,2,16.0,0.6336378487137049,0,0.0,1.0,5,63.0,0.4296706849306049,2,25.0,0.6348381711327407,0,0.0,0.9207229511071515,20,320.0
3190.0,17,158.0,0.9875,8.732204745008898,2,84.0,0.46216612026799925,1,8.0,0.46783920406902957,3,43.0,0.6374497701311574,5,134.0,0.4878072970863013,0,6.0,0.80296838980284,0,0.0,1.0,3,46.0,0.38849560069357647,2,14.0,0.7220513894734785,0,0.0,0.9453113783316072,16,335.0
3195.0,19,143.0,0.8881987577639752,8.556440739231546,4,96.0,0.3176656492880836,1,13.0,0.6373085624039,1,38.0,0.5716180287900023,1,114.0,0.5737152768598263,1,10.0,0.580972107119454,0,0.0,1.0,4,83.0,0.29631561820308466,2,16.0,0.45832644022514946,1,9.0,0.7463903763348503,15,379.0
3200.0,27,229.0,1.4135802469135803,8.247293892586756,4,106.0,0.3529723501315898,1,14.0,0.48216108826455867,3,37.0,0.6309329571865318,1,73.0,0.5100054753911512,3,22.0,0.6285818777282192,0,14.0,0.9665786787740015,5,82.0,0.23123430404582307,5,36.0,0.12648688466591404,0,11.0,0.65694636557952,22,395.0
3205.0,26,259.0,1.61875,8.204114363677077,2,113.0,0.3934275273959424,1,19.0,0.4841860010769316,3,32.0,0.5981346299610699,3,49.0,0.5123634977464485,3,19.0,0.6592658918706776,0,14.0,0.9839487633600197,4,76.0,0.36273189290160757,5,42.0,2.102430612041097e-05,1,18.0,0.7271821606701722,22,382.0
3210.0,25,288.0,1.8,8.258745981749545,3,106.0,0.3118039342768904,0,0.0,0.950541329180496,5,40.0,0.4753419162527405,3,57.0,0.5684402734407621,2,20.0,0.5453203128844903,0,0.0,0.9187867292350178,4,48.0,0.3137361445911549,1,31.0,0.40366679643602604,3,29.0,0.6252860657022334,21,331.0
3215.0,35,301.0,1.8695652173913044,7.954266811280461,4,44.0,0.18282457555839504,0,0.0,0.9647226269944427,7,77.0,0.42857444873111356,4,31.0,0.40655465848981376,5,43.0,0.43576598656231547,0,0.0,0.9404989246829283,6,70.0,0.3629902519128128,1,17.0,0.6264367765900593,2,18.0,0.4050934140626585,29,300.0
3220.0,37,372.0,2.268292682926829,7.552996858080633,1,26.0,0.6345646671337041,0,4.0,0.6400724574825166,6,62.0,0.4950226637001168,4,39.0,0.4781632205691938,7,75.0,0.44337752094179766,0,0.0,0.869620645596413,5,64.0,0.21714295881228177,1,26.0,0.7183252613521872,1,11.0,0.4216124952338024,25,307.0
3225.0,28,319.0,1.9813664596273293,7.55527884318186,1,26.0,0.527499017001707,0,4.0,0.9399343752797609,1,50.0,0.4835092324557785,6,64.0,0.3955526446449378,2,29.0,0.6367907590371105,0,0.0,1.0,4,61.0,0.3028759231816653,1,31.0,0.6876307475807417,2,16.0,0.28044204474039397,17,281.0
3230.0,22,245.0,1.5506329113924051,8.190232379360985,2,36.0,0.6447456011417693,0,4.0,0.7520911918876249,2,26.0,0.5227820342987022,4,61.0,0.5276605189674617,1,20.0,0.468612366270383,0,6.0,0.9967412971060062,4,48.0,0.4971918464137097,1,36.0,0.7470990585550685,0,0.0,0.6818640160186962,14,237.0
3235.0,16,163.0,1.01875,8.689908212761129,3,48.0,0.18810313657684782,1,10.0,0.7178416795462963,2,23.0,0.6698997374155903,1,42.0,0.6798857571202329,2,14.0,0.3258667845450044,0,0.0,0.9461685735585948,3,130.0,0.4329247761534113,1,37.0,0.6000190177192818,0,4.0,0.9002954461554503,13,308.0
3240.0,19,147.0,0.9130434782608695,8.636872791399917,3,38.0,0.49560798629859565,0,8.0,0.8255155661003656,2,21.0,0.5102303323304808,1,15.0,0.7284500079995181,3,8.0,0.5447726414435751,0,1.0,0.9804723575839167,3,125.0,0.417794036700256,1,42.0,0.48755798294926445,0,5.0,0.8120410219111799,13,263.0
3245.0,24,210.0,1.2962962962962963,8.820807447097588,3,35.0,0.41821817117027504,1,10.0,0.7104511709242199,5,28.0,0.5374206964924617,1,19.0,0.620250966893481,1,3.0,0.6472634030186081,0,1.0,0.9555183817305488,4,139.0,0.2661318741994803,1,47.0,0.6227430809311031,0,1.0,0.9661889531370781,16,283.0
3250.0,27,216.0,1.3251533742331287,8.894736296104165,3,51.0,0.49853013197921975,1,11.0,0.6354643840111357,5,49.0,0.5497619059022973,2,28.0,0.5163579291676994,1,6.0,0.7165751860918036,0,0.0,0.9760712970017494,6,129.0,0.23034672881462076,1,4.0,0.6906060251240655,0,1.0,0.6889882233258914,19,279.0
3255.0,22,179.0,1.1257861635220126,8.77514200923708,4,42.0,0.335869905796671,0,4.0,0.9549770175208666,3,42.0,0.5880399309236896,2,9.0,0.7389336739996348,2,9.0,0.4373048705059099,0,0.0,0.8695789157217351,2,25.0,0.3816580751992639,1,5.0,0.7221429767483397,2,38.0,0.46735567588952587,16,174.0
3260.0,14,103.0,0.6560509554140127,9.003896888206024,3,32.0,0.4500688796662758,0,4.0,0.9542047180339502,2,38.0,0.5650192368329346,0,7.0,0.5896308314558505,1,14.0,0.4366990940821489,0,0.0,0.9711006504479842,2,36.0,0.29248625187379473,3,11.0,0.5381735181171888,2,48.0,0.5464305607372643,13,190.0
3265.0,26,173.0,1.0949367088607596,8.787736844328943,5,58.0,0.39470516015208507,0,4.0,0.10696673957997394,2,21.0,0.5316627281742089,6,17.0,0.19450160103406386,2,21.0,0.6188973557632059,0,0.0,0.9633006803540881,5,58.0,0.24828199854023922,1,10.0,0.6944013744053528,2,20.0,0.5682499190651221,23,209.0
3270.0,23,190.0,1.2418300653594772,7.788773918586396,3,61.0,0.5541137432077229,1,4.0,0.001030810557215392,3,28.0,0.4826652346354969,3,18.0,0.4224166059103619,1,15.0,0.7216922147334723,0,0.0,1.0,2,38.0,0.4718547340279081,2,19.0,0.0958974662575779,1,28.0,0.7494137983775636,16,211.0
3275.0,19,188.0,1.205128205128205,8.54118944561702,3,55.0,0.2013645622088248,0,0.0,1.0,4,51.0,0.356382320408589,1,5.0,0.6231755429251911,0,12.0,0.6630424753479558,0,0.0,1.0,0,65.0,0.6344286725025715,3,38.0,0.3363455951987825,1,21.0,0.7030289987765682,12,247.0
3280.0,21,200.0,1.2903225806451613,8.956226184100268,5,73.0,0.00021621091920370994,0,0.0,1.0,1,25.0,0.5685455694446802,1,9.0,0.7724109881132095,5,23.0,0.43975625625856646,0,4.0,0.738794871440742,1,119.0,0.6466481342952991,2,39.0,0.6280278261956219,1,5.0,0.6554478114680827,16,297.0
3285.0,27,256.0,1.641025641025641,8.288467148534197,4,83.0,0.18619136840856965,0,0.0,1.0,1,9.0,0.7372805539224564,2,14.0,0.6270333368558906,8,58.0,0.25572993497583857,0,4.0,0.8464844869759747,2,103.0,0.3563419493664056,2,53.0,0.5774174257062725,2,16.0,0.6346093521157709,21,340.0
3290.0,24,239.0,1.5320512820512822,8.017293481652974,2,85.0,0.4762076316982422,0,0.0,0.977103731814922,3,13.0,0.49931115315111624,1,2.0,0.3415178002096028,4,34.0,0.22493223773441,0,0.0,1.0,4,70.0,0.458897130929626,3,66.0,0.5253546253054412,2,23.0,0.5626786315326037,19,293.0
3295.0,22,221.0,1.4444444444444444,8.559137136988147,2,73.0,0.487100229203446,0,0.0,0.9557471149059558,4,42.0,0.489938717037588,4,36.0,0.5701308712884338,3,39.0,0.40005626457545274,0,0.0,0.8538156339143469,4,135.0,0.40037140241716573,2,16.0,0.5155745873610508,0,9.0,0.8681612408904622,19,350.0
3300.0,30,236.0,1.542483660130719,8.089392965841077,1,31.0,0.5492088950337667,0,0.0,0.9653024436453325,2,19.0,0.6858334853405783,4,56.0,0.625346869976808,3,43.0,0.467809795195956,0,0.0,0.9410540143333735,3,105.0,0.4610887930245056,4,37.0,0.5725693885720129,1,10.0,0.39137755213869263,18,301.0
3305.0,34,268.0,1.7402597402597402,7.769621344814194,2,11.0,0.6367298273897106,0,0.0,0.9421902337394747,0,17.0,0.786454845331549,6,79.0,0.34386545577889827,2,64.0,0.4441269633796371,0,0.0,0.9265842917978131,3,114.0,0.4427534482285324,6,66.0,0.3885911541051797,2,23.0,0.4501058416448352,21,374.0
3310.0,34,239.0,1.5419354838709678,7.305728885320346,2,21.0,0.32493975896048183,0,0.0,0.9505128846041393,1,15.0,0.8575777571159227,6,60.0,0.19475364552081179,3,49.0,0.2365899810932398,0,0.0,0.9645515122969299,5,129.0,0.2793603804752927,5,54.0,0.40903583891662176,2,12.0,0.333732436344599,24,340.0
3315.0,28,192.0,1.2307692307692308,7.934321018047951,5,31.0,0.2767030710782261,0,0.0,0.8111434498641068,1,9.0,0.7659279926331721,0,30.0,0.47763905584143884,4,43.0,0.2736340030177486,0,0.0,1.0,5,91.0,0.334514788453369,2,32.0,0.39032112389105006,1,14.0,0.6299573425869794,18,250.0
3320.0,30,267.0,1.7115384615384615,8.321836678411824,3,40.0,0.11830072683552872,0,0.0,0.80189352842585,5,23.0,0.5105588281803892,0,7.0,0.7578757201916987,2,30.0,0.5234917752214188,0,0.0,1.0,2,77.0,0.42526773160428843,4,30.0,0.37381535076653655,1,23.0,0.719124548740564,17,230.0
3325.0,32,358.0,2.2948717948717947,8.328178694321355,5,54.0,0.17985209656267417,0,0.0,0.9274082895128594,5,48.0,0.46665951878575973,0,0.0,0.7580953513147957,1,24.0,0.7141730626711453,0,0.0,0.9311643961446847,4,44.0,0.28628942778832306,4,30.0,0.3134108919117891,0,8.0,0.7638635005612688,19,208.0
3330.0,31,421.0,2.698717948717949,8.691517279207172,3,56.0,0.5132486815156835,0,0.0,0.9382708635152479,2,20.0,0.650040925463425,2,7.0,0.5822207226412693,1,18.0,0.8207503103435063,0,0.0,1.0,4,35.0,0.11806084534136599,4,50.0,0.3153205553046685,0,4.0,0.8557242889372324,16,190.0
3335.0,27,382.0,2.40251572327044,8.618442347068857,2,48.0,0.6534083627087424,0,0.0,0.9431717752172187,2,16.0,0.585170022790221,2,21.0,0.4582842848372751,0,4.0,0.5930652508307787,0,4.0,0.7624679673904843,4,65.0,0.4230525126636787,4,70.0,0.4707179355539175,0,8.0,0.6347570797212809,14,236.0
3340.0,27,340.0,2.151898734177215,8.47107953218332,5,65.0,0.3870699109570341,0,0.0,0.9698970629649077,2,34.0,0.627367482989609,3,38.0,0.46278484895480215,2,11.0,0.46853867181866127,0,29.0,0.9519021029428703,4,89.0,0.3895807090950351,3,52.0,0.43394494076542833,1,9.0,0.5659888979711099,20,327.0
3345.0,20,167.0,1.0774193548387097,8.522317497216106,7,39.0,0.260023791838354,0,0.0,1.0,1,16.0,0.7270780304452648,3,49.0,0.5955547201067084,3,26.0,0.34096503582340276,0,26.0,0.7157076020123202,2,132.0,0.3368381631697144,2,38.0,0.47673919372431167,1,9.0,0.6489933538235092,19,335.0
3350.0,21,132.0,0.8627450980392157,8.811358113597842,4,43.0,0.18505154887061678,0,0.0,1.0,1,15.0,0.7449526951431217,1,6.0,0.6735797824559904,1,10.0,0.43474187972443284,0,1.0,0.9630930099555202,4,176.0,0.4920615395421694,5,53.0,0.3412215012752271,0,4.0,0.6392685545302951,16,308.0
3355.0,22,171.0,1.103225806451613,8.84535080592378,5,57.0,0.4046866858680058,0,0.0,1.0,2,25.0,0.6329436528941241,2,17.0,0.4505171317702866,1,10.0,0.7226678129285365,0,0.0,0.5880560831855766,5,118.0,0.432301815610802,4,30.0,0.3935950426118775,1,13.0,0.5805864018792923,20,270.0
3360.0,25,243.0,1.5477707006369428,8.872896758526913,5,66.0,0.4221718606325568,0,0.0,1.0,1,22.0,0.8191484001626131,6,42.0,0.2265337051232507,1,15.0,0.6423214649189638,0,0.0,0.9356165626835315,5,140.0,0.30791891554605916,2,19.0,0.4768347167632071,2,19.0,0.5735326908703214,22,323.0
3365.0,20,211.0,1.3354430379746836,8.604179169900299,5,72.0,0.32336418653520715,0,0.0,1.0,0,8.0,0.8824846715636332,3,30.0,0.33915190972155523,1,14.0,0.5031900497953733,0,0.0,0.9811420615827342,3,138.0,0.4410997564504949,3,21.0,0.5502262136906089,0,4.0,0.771507019728849,15,287.0
3370.0,17,128.0,0.8421052631578947,9.095988041530642,6,91.0,0.27048891091247523,0,0.0,1.0,1,9.0,0.8222814394505152,1,15.0,0.7178516361476966,1,16.0,0.6175209138944031,0,0.0,0.9422714179183121,1,176.0,0.6387281882021955,3,27.0,0.488803233887302,2,11.0,0.31612893213550525,15,345.0
3375.0,20,187.0,1.2466666666666666,9.259360416388608,5,82.0,0.3393062417097844,0,8.0,0.9465629185221107,1,18.0,0.6973019816827573,1,13.0,0.8229145492066522,1,20.0,0.766091921362411,0,7.0,0.9334400281229611,2,143.0,0.3604287869438857,3,42.0,0.5003217909324481,2,18.0,0.32433012018860946,15,351.0
3380.0,25,250.0,1.6339869281045751,9.084159429238662,6,91.0,0.22745598677352918,0,4.0,0.9693739033436957,3,21.0,0.5997976217867452,1,2.0,0.7563957086876233,1,25.0,0.7259293969371675,0,8.0,0.8279121761781765,2,116.0,0.3474503605320665,3,57.0,0.48866245626482613,2,28.0,0.3129732294111634,18,352.0
3385.0,22,248.0,1.6103896103896105,9.02447770564111,7,125.0,0.17213979146169128,0,4.0,0.947938114286778,0,4.0,0.6526998592929926,5,20.0,0.47037526576195426,2,34.0,0.6833725407784017,0,0.0,0.8056843055486026,1,82.0,0.5488532994041911,1,20.0,0.4261972261268663,0,0.0,0.9443349102931252,16,289.0
3390.0,28,348.0,2.25974025974026,8.877362832573379,7,146.0,0.18210329827344868,0,4.0,0.9824732449404032,2,16.0,0.69107028250226,8,50.0,0.2828409643050493,2,48.0,0.5781606732148092,0,0.0,0.9398305531605103,1,84.0,0.7168661221902486,1,29.0,0.7500548106162308,0,4.0,0.9119690108143308,21,381.0
3395.0,20,266.0,1.7272727272727273,8.883628619691795,3,140.0,0.31236764523481625,0,4.0,0.9800125466097529,2,26.0,0.6777754942170656,4,27.0,0.3976314031465325,1,5.0,0.6953274116936079,0,7.0,0.8945984357947405,1,77.0,0.4231533581887979,1,34.0,0.8009911079348931,1,16.0,0.7873885751009891,13,336.0
3400.0,16,246.0,1.6291390728476822,8.927224086406294,3,129.0,0.4161992601562659,0,4.0,0.6902728660202337,1,9.0,0.7804730780804876,0,14.0,0.6814280795672061,3,19.0,0.623401098658097,0,3.0,0.9409313165454197,2,50.0,0.41487999074412,1,39.0,0.812981759936006,0,22.0,0.7790691552778013,10,289.0
3405.0,21,265.0,1.7096774193548387,8.93393837058531,5,92.0,0.37145295684386154,1,5.0,0.45661014549029694,0,9.0,0.9271821583189962,0,6.0,0.8760660111299226,3,34.0,0.4912677626369444,0,3.0,0.96149900718784,4,73.0,0.38057592433076926,2,46.0,0.36784848741019455,1,9.0,0.663315146468182,16,277.0
3410.0,22,214.0,1.3544303797468353,8.536236532493136,3,50.0,0.3910632405243056,2,15.0,0.4405375027727631,0,12.0,0.9162520883039815,1,1.0,0.6546910290119329,2,20.0,0.42952633625204856,0,0.0,0.8322676496122821,2,12.0,0.4355119782717627,3,12.0,0.4158734393204169,2,17.0,0.6992485248919461,15,139.0
3415.0,21,254.0,1.5679012345679013,8.451054394414367,7,72.0,0.20321759453564125,0,0.0,0.9481491176329665,0,21.0,0.7972842646999341,1,14.0,0.5767573505761763,2,12.0,0.5533402931575956,0,1.0,0.9622648764884666,1,10.0,0.4012707205696403,2,12.0,0.4140267687831515,0,5.0,0.9008981569097064,13,147.0
3420.0,26,244.0,1.515527950310559,8.949204569823948,5,61.0,0.3948571795256898,0,1.0,0.8599580821450973,1,11.0,0.7325686204316811,1,20.0,0.6793647482419702,3,31.0,0.5563543367542495,0,1.0,0.9179071920884404,2,53.0,0.4587112526653921,4,22.0,0.27222662313369195,2,40.0,0.6629665184153609,18,240.0
3425.0,19,181.0,1.1383647798742138,8.81509621120723,3,63.0,0.2977975556907301,0,1.0,0.8466916643783255,2,21.0,0.6862248601756837,2,30.0,0.7458443905385871,2,31.0,0.5039452747578125,0,1.0,0.9857351555080249,2,13.0,0.46651712944488166,1,8.0,0.5585002934226372,3,54.0,0.4738251693249377,15,222.0
3430.0,16,160.0,0.9937888198757764,8.938008364203148,4,69.0,0.2786059219126932,0,1.0,0.8517054789639773,1,13.0,0.8258857353331215,2,35.0,0.5628644985538285,0,23.0,0.7896608028234346,0,0.0,0.9276067394011662,0,14.0,0.6637830033639073,2,22.0,0.40055897148612934,3,49.0,0.17582224063012367,12,226.0
3435.0,24,207.0,1.2857142857142858,8.55752858076907,3,48.0,0.3866182617712914,1,5.0,0.6992644421395137,1,9.0,0.6820547346863172,5,57.0,0.3798649015043982,0,4.0,0.6172438732626623,0,0.0,0.8080505797459715,1,17.0,0.6963125726452616,2,28.0,0.32775359437475193,1,44.0,0.5343007069696403,14,212.0
3440.0,21,160.0,1.0256410256410255,8.240399970749856,3,42.0,0.4260783305429616,2,19.0,0.7186240165775621,3,16.0,0.6012810367009851,2,35.0,0.4572993207409033,0,2.0,0.5716995916356583,0,0.0,0.9366102373067605,1,12.0,0.4749784995664245,5,44.0,0.2599557575024567,1,13.0,0.6261261630295731,17,183.0
3445.0,17,155.0,1.019736842105263,7.989165899290784,3,36.0,0.6713849734586967,1,10.0,0.5861080792835691,0,7.0,0.4137389931908668,3,28.0,0.4262172187939004,1,7.0,0.5857589576843416,0,1.0,0.91579294120811,1,27.0,0.2749947353018435,2,27.0,0.6877403712005673,0,31.0,0.8818502448382393,11,174.0
3450.0,29,264.0,1.7032258064516128,8.289081030008836,3,47.0,0.5158994442296884,1,9.0,0.5817065094463947,2,9.0,0.4240667775538986,6,49.0,0.425221811106728,2,18.0,0.5602103830175295,0,1.0,0.9637797359974359,2,54.0,0.5176279692281633,3,38.0,0.5923209190239276,0,32.0,0.6959077766101499,19,257.0
3455.0,29,202.0,1.286624203821656,8.01744738372964,3,33.0,0.5099871474438139,2,19.0,0.569935002988205,5,29.0,0.3047053574107782,6,26.0,0.4217739422222879,1,5.0,0.6387017158541589,0,107.0,0.8914608690398854,1,90.0,0.6358122024660595,4,56.0,0.4340399922182544,3,38.0,0.4794562820612248,25,403.0
3460.0,27,215.0,1.360759493670886,8.078593939116429,4,53.0,0.5092905949033409,1,18.0,0.7075458046809908,5,41.0,0.3036376570480977,3,27.0,0.5550113018251122,2,11.0,0.5736767029667137,0,139.0,0.9187587959615888,1,61.0,0.4795727474784287,3,18.0,0.46515617828122074,3,48.0,0.6642428811281975,22,416.0
3465.0,21,205.0,1.305732484076433,8.708944954877312,8,84.0,0.2523970480550918,0,8.0,0.7629949099202123,0,39.0,0.43321513096595166,3,38.0,0.5167553313948768,2,25.0,0.41773268543280995,0,3.0,0.9566299369478091,1,65.0,0.5224039509023264,1,6.0,0.48869421877929736,1,17.0,0.6878933798132545,16,285.0
3470.0,12,79.0,0.5,9.05740632316424,5,46.0,0.36521889057297824,1,9.0,0.4503094943018134,0,18.0,0.7501750972665802,1,2.0,0.5269339253542341,2,25.0,0.5274539196325332,0,23.0,0.9406468386222864,1,26.0,0.7011526402555439,1,11.0,0.3558704748853601,1,10.0,0.3959624860948969,12,170.0
3475.0,24,118.0,0.7515923566878981,8.931991175653586,4,40.0,0.26165492811238306,3,22.0,0.23618788021513312,0,0.0,0.9487458786926048,4,18.0,0.4253646749564935,1,16.0,0.7117386453822043,0,35.0,0.8604023893550194,1,32.0,0.47287562983023634,2,17.0,0.5136231253636198,4,34.0,0.4201242177265182,19,214.0
3480.0,32,239.0,1.5222929936305734,8.873820013810569,5,59.0,0.24603074841492362,2,9.0,0.0013631088945505582,0,3.0,0.9490170540489201,4,33.0,0.47835449949033354,1,10.0,0.8140807361103802,0,26.0,0.7549562249028648,5,56.0,0.29438817289700236,2,22.0,0.6474283679178718,5,55.0,0.2633269242710483,24,273.0
3485.0,17,186.0,1.1847133757961783,8.440119897603187,4,62.0,0.3598295282816198,1,6.0,1.648264021761702e-05,0,3.0,0.9143180893483159,0,17.0,0.7058099713207333,0,0.0,0.8638657527647648,0,0.0,0.9258488666393262,1,14.0,0.44918212333535334,2,27.0,0.6301224427621623,1,17.0,0.2753248416115555,9,146.0
3490.0,23,204.0,1.3509933774834437,8.302514657424547,3,59.0,0.48600544356644004,1,11.0,0.2678968806211301,0,0.0,0.8298740349853626,1,6.0,0.6684539366018002,2,9.0,0.5905395009593769,0,0.0,1.0,1,5.0,0.3463541344958526,3,22.0,0.47241135219932373,1,10.0,0.5685749284632298,12,122.0
3495.0,27,241.0,1.6506849315068493,8.532163006396932,4,63.0,0.3295099250952005,0,0.0,0.7494389021437654,0,4.0,0.931708340514754,1,11.0,0.64420387175923,4,31.0,0.46312728453083196,0,0.0,0.9647242959355442,3,21.0,0.2442017556201468,6,47.0,0.35375747829208404,1,15.0,0.7085052590439548,19,192.0
3500.0,23,203.0,1.380952380952381,8.572224043090287,4,63.0,0.4716861095151839,0,0.0,0.9725757259925637,1,2.0,0.7532567143678979,2,3.0,0.7211527079610311,1,13.0,0.5904383329458516,0,1.0,0.9580610359744863,1,5.0,0.49749221906215857,7,80.0,0.290717466895947,1,50.0,0.7725280409048475,17,217.0
3505.0,27,224.0,1.5033557046979866,8.050039697358176,3,39.0,0.3472341822724041,0,0.0,1.0,2,10.0,0.6137928215598588,1,11.0,0.4560430651535426,2,11.0,0.3138093280917476,0,0.0,0.9766385447213041,1,10.0,0.0,8,83.0,0.0961350105459095,1,32.0,0.7276849171617054,18,196.0
3510.0,30,248.0,1.6209150326797386,7.8901124795437285,5,62.0,0.24182817385804967,0,0.0,1.0,0,4.0,0.7569559452466744,4,27.0,0.3022807517956941,4,34.0,0.41015427485262823,0,0.0,0.9654213207186255,2,37.0,0.1191160338442251,3,69.0,0.29323940272220217,3,13.0,0.529023529636705,21,246.0
3515.0,28,256.0,1.6623376623376624,7.912011144635527,5,94.0,0.36595734484930575,0,0.0,1.0,1,9.0,0.7100262523974574,3,19.0,0.1644424362249352,2,32.0,0.5555702360338693,0,0.0,1.0,0,8.0,0.5080980415586223,4,62.0,0.3767671499417399,4,31.0,0.4893434594524286,19,255.0
3520.0,13,122.0,0.8079470198675497,8.746870752861513,3,126.0,0.33707594663151047,0,0.0,1.0,3,20.0,0.5401655594310617,1,14.0,0.7157063659031687,0,20.0,0.5903657969057178,0,0.0,1.0,0,4.0,0.7400795273152408,1,16.0,0.6384735580254891,2,64.0,0.5452610451370598,10,264.0
3525.0,17,143.0,0.9470198675496688,9.088882115727573,5,147.0,0.35703479270200533,0,0.0,0.9801924468559495,1,11.0,0.7847430821330648,1,19.0,0.7540323940887419,0,8.0,0.6987997756229182,0,0.0,0.5744139680493835,1,5.0,0.3436695343461874,2,34.0,0.6434686596949077,0,42.0,0.7440878181374674,10,266.0
3530.0,23,208.0,1.3594771241830066,9.174425910399236,5,115.0,0.22638438747341838,0,0.0,0.9794631011666219,1,2.0,0.8337215169203467,2,26.0,0.6540651380285589,1,15.0,0.6079111889913767,0,0.0,0.9506031197905194,0,11.0,0.8976590930561255,4,47.0,0.6220846744478931,0,42.0,0.7237774121485299,13,258.0
3535.0,21,165.0,1.0784313725490196,8.892128769563774,2,108.0,0.490940152234008,0,0.0,0.9287790152159663,1,7.0,0.7554089221984459,1,7.0,0.5350455130556069,2,21.0,0.5797652134301421,0,0.0,0.8708890379518491,0,4.0,0.9209572064711888,1,15.0,0.7008354183054325,1,1.0,0.2744254862079977,8,163.0
3540.0,23,194.0,1.3108108108108107,8.615251440552317,3,79.0,0.41829941020813993,0,0.0,0.9724430518696708,2,15.0,0.6606305088419164,0,0.0,0.8593106056680994,3,35.0,0.5024324270319097,0,0.0,0.9987978214405532,0,12.0,0.7577918077177445,2,10.0,0.5941047632432972,2,23.0,0.5488944011601044,12,174.0
3545.0,22,116.0,0.8,8.072560516892846,6,40.0,0.18173119071161536,0,0.0,0.8774340129627551,1,8.0,0.8077245113855572,1,5.0,0.7522296833457514,3,25.0,0.30803188847299523,0,0.0,0.9640899167237704,0,8.0,0.6186925022894505,5,32.0,0.24820971434391734,2,33.0,0.6926743938901447,18,151.0
3550.0,14,70.0,0.4697986577181208,8.629063749528209,3,39.0,0.27224774665380624,0,0.0,0.9665896038007926,0,0.0,0.941010585028161,0,12.0,0.8128864458803172,3,22.0,0.45471686749999646,0,0.0,1.0,0,11.0,0.5144970025548548,7,47.0,0.2666245972488141,0,110.0,0.8789255767191747,13,241.0
3555.0,12,84.0,0.5793103448275863,8.688357388567375,4,55.0,0.248590049953694,0,0.0,0.899412868503638,0,4.0,0.7909257164492857,0,12.0,0.8978557418153787,3,31.0,0.4632068449234474,0,0.0,1.0,2,19.0,0.585012771621791,1,44.0,0.4567089310170299,0,151.0,0.7673453612613511,10,316.0
3560.0,19,106.0,0.7464788732394366,8.764395961823343,4,58.0,0.29566284454028025,0,0.0,0.9593156327060148,1,5.0,0.7589945457390188,0,8.0,0.9327771283311198,1,17.0,0.6741899336377962,0,0.0,1.0,1,12.0,0.4551770529352795,2,23.0,0.5248594288512954,4,152.0,0.5673773775674449,13,275.0
3565.0,20,146.0,1.042857142857143,8.393711180512721,5,69.0,0.4233478240081441,0,0.0,0.9366777043307176,1,14.0,0.6662998771217967,1,7.0,0.6760730986711921,1,7.0,0.6560347578979199,0,0.0,0.9166035362139879,3,22.0,0.4560048059067172,2,27.0,0.5413349276604643,1,58.0,0.5191549983881298,14,204.0
3570.0,22,175.0,1.1986301369863013,8.5874863992762,5,94.0,0.32197362785705697,0,4.0,0.9796575956855533,1,21.0,0.6700474708560452,2,17.0,0.6024215231106886,2,17.0,0.5917540170328192,0,0.0,0.960004801153717,5,54.0,0.35017315255785125,2,22.0,0.42594410979159525,1,7.0,0.6911211931896623,18,236.0
3575.0,19,155.0,1.0689655172413792,8.79880804613598,4,63.0,0.4061491843157058,0,4.0,0.9208070677891776,2,30.0,0.6402778089886517,1,7.0,0.7105272717457346,0,0.0,0.9191477268505576,0,16.0,0.9673848321120483,3,32.0,0.40149662204236236,2,22.0,0.5516833948127435,1,49.0,0.7111198540438242,13,223.0
3580.0,16,139.0,0.9586206896551724,8.946945581495628,2,31.0,0.5533551177885467,0,4.0,0.9540307512175682,1,17.0,0.7976558760755553,3,30.0,0.5380826907448945,0,4.0,0.6436801721175148,0,26.0,0.962941093602157,2,27.0,0.41115648050012066,2,32.0,0.6330694366388673,1,55.0,0.7614743229490593,11,226.0
3585.0,18,147.0,1.0208333333333333,8.133405923427382,4,52.0,0.4615137285117746,0,4.0,0.8938315217102866,0,8.0,0.8446660123901815,4,43.0,0.5630853379375406,3,12.0,0.42945445924467335,0,10.0,0.9396514002690861,2,33.0,0.2741336616743603,0,5.0,0.6135450739750659,0,42.0,0.714330132612232,13,209.0
3590.0,15,116.0,0.8111888111888111,8.022564961987221,4,36.0,0.5562777425947936,0,4.0,0.9510856784602739,1,7.0,0.7830355667025977,3,18.0,0.1680976577242702,2,15.0,0.4430785805459121,0,14.0,0.9607962041576564,1,2.0,0.469668502000723,0,4.0,0.6152041334047622,1,93.0,0.7493719079863664,12,193.0
3595.0,9,107.0,0.7379310344827587,9.37678816650131,3,44.0,0.4451446992823673,0,4.0,0.7411707078229279,0,8.0,0.910255399819937,1,10.0,0.7026427210878514,0,18.0,0.5963826781449972,0,1.0,0.8090322814473019,1,9.0,0.6194124368376844,0,4.0,0.7515865123934973,2,100.0,0.4889530274036679,7,198.0
3600.0,14,142.0,0.9466666666666667,9.617451267392104,6,53.0,0.29436412318757876,0,0.0,0.897399384188359,1,9.0,0.6436401048326169,1,20.0,0.8332962743007877,0,9.0,0.8543563669018324,0,1.0,0.9304039542809157,2,21.0,0.26050091181707075,0,4.0,0.9217996150314683,1,53.0,0.4674029817565913,11,170.0
