step,system_total_stopped,system_total_waiting_time,system_mean_waiting_time,system_mean_speed,2713455438_stopped,2713455438_accumulated_waiting_time,2713455438_average_speed,370205755_stopped,370205755_accumulated_waiting_time,370205755_average_speed,cluster_2713455439_370205651_370205726_stopped,cluster_2713455439_370205651_370205726_accumulated_waiting_time,cluster_2713455439_370205651_370205726_average_speed,cluster_2713455440_370205753_370205754_stopped,cluster_2713455440_370205753_370205754_accumulated_waiting_time,cluster_2713455440_370205753_370205754_average_speed,cluster_2713455441_492430579_492643882_stopped,cluster_2713455441_492430579_492643882_accumulated_waiting_time,cluster_2713455441_492430579_492643882_average_speed,cluster_370205730_370205735_5216485104_5216485107_#2more_stopped,cluster_370205730_370205735_5216485104_5216485107_#2more_accumulated_waiting_time,cluster_370205730_370205735_5216485104_5216485107_#2more_average_speed,cluster_4150407559_4150407560_491542284_492430582_#1more_stopped,cluster_4150407559_4150407560_491542284_492430582_#1more_accumulated_waiting_time,cluster_4150407559_4150407560_491542284_492430582_#1more_average_speed,joinedS_492643878_492643880_stopped,joinedS_492643878_492643880_accumulated_waiting_time,joinedS_492643878_492643880_average_speed,joinedS_492643897_541338683_stopped,joinedS_492643897_541338683_accumulated_waiting_time,joinedS_492643897_541338683_average_speed,agents_total_stopped,agents_total_accumulated_waiting_time
5.0,0,0.0,0.0,12.89484678946834,0,0.0,1.0,0,0.0,1.0,0,0.0,1.0,0,0.0,1.0,0,0.0,0.9237010574392615,0,0.0,1.0,0,0.0,1.0,0,0.0,0.9795932983503304,0,0.0,1.0,0,0.0
10.0,0,0.0,0.0,12.137553132319226,0,0.0,1.0,0,0.0,0.9525741939069637,0,0.0,0.9029709552899777,0,0.0,1.0,0,0.0,0.9688066564588225,0,0.0,1.0,0,0.0,1.0,0,0.0,0.9364796661113907,0,0.0,1.0,0,0.0
15.0,0,0.0,0.0,11.620431923072294,0,0.0,0.36742539708189315,0,0.0,0.9411847142744199,0,0.0,0.9466258690591152,0,0.0,1.0,0,0.0,0.944947539777724,0,0.0,0.9503820844725747,0,0.0,1.0,0,0.0,0.6686336631375465,0,0.0,1.0,0,0.0
20.0,2,5.0,0.21739130434782608,9.582792967338523,0,0.0,0.6733503527451524,0,0.0,0.7978110590801604,0,0.0,0.9023108896125129,0,0.0,1.0,1,1.0,0.0009577657029627558,0,0.0,0.9283947632591801,0,0.0,0.9735615446564593,1,4.0,0.3083878330345395,0,0.0,0.8435122642109544,2,5.0
25.0,3,19.0,0.6551724137931034,10.202473679985134,0,0.0,0.49580063297138854,0,0.0,0.966399835831415,0,0.0,0.9683606995274614,0,0.0,1.0,1,6.0,0.4943681364692892,0,0.0,1.0,0,0.0,0.25527041539665807,2,13.0,0.42182088803671636,0,0.0,0.9804616519626532,3,19.0
30.0,3,34.0,1.0,11.186780569345558,0,0.0,1.0,0,0.0,1.0,0,0.0,0.9490290929365927,0,0.0,0.9204292782349324,1,11.0,0.486673822009261,0,0.0,1.0,0,0.0,0.7296599050363919,2,23.0,0.5912610520620334,0,0.0,0.9088363148598363,3,34.0
35.0,2,2.0,0.05,10.061222407382216,0,0.0,1.0,0,0.0,1.0,0,0.0,0.9345179561581952,2,2.0,0.17942938571135467,0,0.0,0.9956120901001236,0,0.0,1.0,0,0.0,0.6700558595656428,0,0.0,0.6575357965845307,0,0.0,0.9110250779273009,2,2.0
40.0,3,12.0,0.26666666666666666,10.051692699633834,0,0.0,0.9659145508200551,0,0.0,1.0,0,0.0,0.9466638190055772,2,15.0,0.3254391423206858,0,4.0,0.2543615463182096,0,0.0,1.0,0,0.0,0.6542397855590768,0,0.0,0.7047396082480831,1,5.0,0.6336557618852228,3,24.0
45.0,5,21.0,0.42857142857142855,9.244270979723359,0,0.0,0.11552184491006194,0,0.0,1.0,0,0.0,0.9348128565899451,1,8.0,0.4601126286816252,1,5.0,0.545946450372982,0,0.0,1.0,0,0.0,0.8421454098751595,0,0.0,0.2635703762406428,2,14.0,0.574865088449224,4,27.0
50.0,3,20.0,0.37037037037037035,9.657254544025703,0,0.0,1.0,0,0.0,1.0,0,0.0,0.667362196183432,0,4.0,0.9610521249600601,0,0.0,0.9231200423335698,0,0.0,1.0,0,0.0,0.3177708585783311,1,4.0,3.851001186384267e-05,1,13.0,0.5698856440262665,2,21.0
55.0,7,39.0,0.639344262295082,9.502956803794365,0,0.0,0.4275288051322894,0,1.0,0.9675604045288401,2,8.0,0.5858955170370777,0,4.0,0.011505266309597976,0,0.0,0.670361445113645,0,0.0,1.0,1,5.0,0.4825296012099877,1,9.0,0.32751379262711944,2,9.0,0.25568861238456897,6,36.0
60.0,9,76.0,1.1692307692307693,9.521983580102992,0,0.0,0.5246236966658842,0,1.0,0.9138818702986244,2,18.0,0.5829401730455445,0,4.0,0.9118051373299355,1,8.0,0.6082070951068076,0,0.0,0.9949371753374826,0,0.0,0.9653250521884819,1,18.0,0.5900465675172551,3,24.0,0.21630360147253896,7,73.0
65.0,5,37.0,0.5211267605633803,9.134598740411532,0,0.0,0.2727446331233279,0,1.0,0.9240155436317294,2,2.0,0.3907849317391577,1,6.0,0.7657428149165997,0,3.0,0.9642328730892028,0,0.0,0.9228001187127247,0,0.0,0.9370683343431925,0,4.0,0.975089279612068,1,15.0,0.47351912306555827,4,31.0
70.0,3,36.0,0.47368421052631576,10.474246405382633,0,2.0,0.16568306590312076,1,3.0,0.48006456194455155,0,3.0,0.8374142645269759,1,11.0,0.5739475689754053,0,3.0,0.7148741977976839,0,0.0,0.4604402963647504,0,0.0,0.8867771804804004,0,4.0,0.8487027984280889,0,4.0,0.6816139185167602,2,30.0
75.0,7,51.0,0.6296296296296297,9.519486660924814,0,0.0,0.9133845476053577,1,8.0,0.3715867923820136,0,3.0,0.9578055970419989,1,5.0,0.3599289245729898,1,5.0,0.4800606743296078,0,0.0,0.862591598049032,0,0.0,0.7036441466024101,1,8.0,0.5930086596723748,1,12.0,0.6167631344224126,5,41.0
80.0,7,31.0,0.36470588235294116,9.084114866396392,0,0.0,0.9313065593924089,0,1.0,0.9154487971169054,0,3.0,0.6425140819169882,1,10.0,0.5093326673037725,0,0.0,0.9868895408594088,0,0.0,0.6271054090480557,2,4.0,0.327944395913272,2,17.0,0.44976164645336436,1,38.0,0.6896913174782251,6,73.0
85.0,15,72.0,0.8089887640449438,8.69407989262328,0,0.0,0.9485299319460303,1,10.0,0.6754430774470809,1,8.0,0.7445141581771608,2,17.0,0.23850432950639514,0,0.0,0.9826326201076486,0,0.0,1.0,3,12.0,0.002737922655659924,6,32.0,0.0006513771033887227,0,33.0,0.7697731293574123,13,112.0
90.0,13,99.0,1.03125,8.775757171432291,0,0.0,0.6037618502850819,1,18.0,0.8079048158692462,1,13.0,0.5558937242553632,0,0.0,0.9516789607511935,0,0.0,0.9488945527974936,0,0.0,1.0,1,10.0,0.692447030601394,5,50.0,0.20775390094874874,1,4.0,0.7579118204077091,9,95.0
95.0,11,81.0,0.8181818181818182,8.629605678499562,1,3.0,0.331525959225997,0,7.0,0.9379520718650223,1,8.0,0.6390708033407069,0,0.0,0.9556921293762708,0,1.0,0.7498286272923461,0,0.0,1.0,2,12.0,0.3215231642535646,3,32.0,0.4739672783063075,2,6.0,0.47945691112427496,9,69.0
100.0,14,126.0,1.2115384615384615,9.249675365970349,2,13.0,0.5759065001016083,0,7.0,0.899811306966764,1,11.0,0.7609702691004178,0,0.0,0.9667266575528487,0,5.0,0.7392278736191599,0,0.0,1.0,3,31.0,0.21625225563997155,2,32.0,0.5586280704501784,3,21.0,0.4629108601540292,11,120.0
105.0,18,184.0,1.7358490566037736,9.349483201916673,2,23.0,0.5615144596478984,1,8.0,0.791066092381303,1,12.0,0.6200441494506743,0,0.0,0.9794828659267156,0,8.0,0.7869488539643442,0,0.0,0.9656753557027336,2,21.0,0.5479206720203333,3,43.0,0.5989277132407667,4,40.0,0.20055359386254223,13,155.0
110.0,12,120.0,1.0909090909090908,9.115914960912741,2,21.0,0.5893848458741519,0,7.0,0.7944886928955658,0,0.0,0.9283261164436276,0,0.0,0.6431770399713137,0,8.0,0.9271100706801165,0,0.0,0.9457324540279508,1,16.0,0.6023357079796449,2,8.0,0.5991155094966745,4,34.0,0.08148104087556238,9,94.0
115.0,17,120.0,1.0619469026548674,9.09903339999228,3,35.0,0.3527184881636555,2,17.0,0.5634668345879864,0,4.0,0.9273178166918594,3,10.0,0.2702129827627035,0,8.0,0.8728105875401555,0,0.0,1.0,4,26.0,0.3563226064958908,3,23.0,0.4871485694085562,0,15.0,0.4290165932826826,15,138.0
120.0,19,178.0,1.5344827586206897,8.394531280902264,4,51.0,0.1297563299196338,5,34.0,0.20543968151083908,0,4.0,0.8895821499752312,1,6.0,0.5486536894901217,0,8.0,0.8234130507444938,0,0.0,1.0,1,11.0,0.3190286275108178,6,50.0,0.35105735783870856,0,0.0,0.9235485271359518,17,164.0
125.0,18,155.0,1.3025210084033614,8.639128330793861,5,47.0,8.533080043560205e-05,4,29.0,0.18831365748534853,1,1.0,0.847940223961276,0,0.0,0.8702796720176509,0,12.0,0.91296297389236,0,0.0,0.5385622999294507,2,53.0,0.3449256460969328,5,59.0,0.38334552267996175,0,0.0,0.691044374180678,17,201.0
130.0,12,97.0,0.7886178861788617,9.787603650157747,2,43.0,0.27112051921519864,0,12.0,0.7081343523979742,0,4.0,0.9493097084534753,1,6.0,0.7593034669396103,0,16.0,0.7416409866276561,0,0.0,0.8681156990534888,4,72.0,0.19111004050137487,2,57.0,0.44586943812786667,1,7.0,0.605690963628563,10,217.0
135.0,13,114.0,0.9047619047619048,9.279616807855373,2,33.0,0.25499192963907047,0,0.0,0.9374149700760084,0,0.0,0.9349641574227975,1,14.0,0.7650249440442104,2,11.0,0.4579808161532898,0,0.0,0.9440848933384077,3,73.0,0.37639044691154705,4,39.0,0.3099954957143838,1,8.0,0.6081075602092659,13,178.0
140.0,8,65.0,0.5078125,9.61510244533135,2,22.0,0.5515025999852454,0,0.0,0.9672660522747226,0,0.0,0.8723125937153133,1,23.0,0.8203716497102397,1,4.0,0.6271644230996316,0,0.0,0.9286354219633147,0,25.0,0.5068591765927514,4,33.0,0.30691627037386743,0,0.0,0.8506952817036236,8,107.0
145.0,13,79.0,0.5851851851851851,9.931237625541625,2,7.0,0.451641476265923,0,0.0,0.9630399623540183,1,2.0,0.7657441829779843,1,29.0,0.7199633066036694,2,8.0,0.6411184438885873,0,0.0,0.9982017763022835,2,8.0,0.5325351791305966,3,42.0,0.2820018583314476,0,0.0,0.684092790536875,11,96.0
150.0,18,132.0,0.9850746268656716,9.302159698219223,4,19.0,0.3007684621771122,0,0.0,0.07097784184088368,1,11.0,0.7672763619140817,0,8.0,0.6744833512375037,2,26.0,0.5706157449595509,0,0.0,0.9262981434050643,2,14.0,0.4419739846489598,5,64.0,0.33803763382303764,1,5.0,0.791160924515576,15,147.0
155.0,19,124.0,0.9185185185185185,8.937808386067429,3,15.0,0.4055402588059916,0,0.0,0.9484797007928931,1,16.0,0.7919827853793379,4,18.0,0.5182939115442556,2,21.0,0.5484091264573393,0,0.0,0.9024038972052908,2,27.0,0.61035357909321,3,44.0,0.5618029504022637,2,11.0,0.3970129462442089,17,152.0
160.0,23,178.0,1.2714285714285714,8.568326977844867,1,19.0,0.5120861990104456,0,0.0,0.9633048632846594,1,21.0,0.7794661259285479,7,46.0,0.35042563155206,2,14.0,0.5160139216273629,0,0.0,0.7273414258693154,3,40.0,0.5519737890319623,3,63.0,0.5349583598494492,2,7.0,0.23587274863022537,19,210.0
165.0,22,215.0,1.5579710144927537,8.452839689245593,1,15.0,0.7117978810626044,0,0.0,0.7128168726264859,1,26.0,0.7911258115807727,5,33.0,0.389106207661497,4,26.0,0.3668475329533649,0,0.0,1.0,2,35.0,0.4582935296917083,4,81.0,0.48360730655147166,1,6.0,0.46691724168719606,18,222.0
170.0,17,192.0,1.3426573426573427,9.210310688145235,2,24.0,0.6186320414961202,0,0.0,0.9412750276606726,1,31.0,0.8122210745694164,0,23.0,0.40868724751308055,4,35.0,0.5215440610186027,0,2.0,0.9904064181135901,2,14.0,0.45968169934031583,4,62.0,0.5321334607773464,1,11.0,0.501589707365105,14,202.0
175.0,18,167.0,1.1597222222222223,9.455099627389153,4,45.0,0.3352213198715318,0,0.0,0.9017584053251453,1,36.0,0.7824375559961457,1,13.0,0.561846720676354,1,38.0,0.4862700619601334,0,2.0,0.9515146015036208,4,33.0,0.40279568539409116,1,36.0,0.7212505290647268,0,0.0,0.9124658469394914,12,203.0
180.0,19,169.0,1.1901408450704225,8.833603140729135,7,73.0,0.3417508271531877,0,0.0,0.9562621441634462,1,41.0,0.5078186572139142,1,8.0,0.7860168090308916,1,21.0,0.3987299145539706,0,32.0,0.9550418074863195,6,23.0,0.11698091301076165,1,13.0,0.6333220018404034,0,4.0,0.9329435988062764,17,215.0
185.0,18,181.0,1.2657342657342658,8.6335393372435,6,75.0,0.3850398049103361,0,3.0,0.8996909035151561,3,54.0,0.2631171103511914,2,18.0,0.6929858516500707,1,14.0,0.5062191578120961,0,0.0,0.9815910228605031,4,28.0,0.2396051702291441,1,5.0,0.5879524314420845,0,3.0,0.7540531328064809,17,200.0
190.0,25,228.0,1.6056338028169015,8.463270397178055,7,123.0,0.147198734014682,0,3.0,0.9307877787502453,3,73.0,0.41182617138226224,4,42.0,0.450445979024047,3,30.0,0.4679540458651893,0,0.0,1.0,5,50.0,0.3632104069613973,3,13.0,0.4789504225527612,0,3.0,0.9356983984168253,25,337.0
195.0,39,344.0,2.388888888888889,6.952626574142142,10,163.0,0.16903965855827738,0,3.0,0.9596003527725127,4,89.0,0.4765705483145809,6,50.0,0.23045175768087442,5,56.0,0.44721961458567083,0,0.0,1.0,3,43.0,0.19406808799120795,6,36.0,0.36437121003041334,0,7.0,0.6007823847932882,34,447.0
200.0,30,315.0,2.1140939597315436,7.044561988703178,9,144.0,0.20028202392754205,0,3.0,0.9058693125071955,4,109.0,0.41527945542278005,2,50.0,0.4613542808437795,5,63.0,0.2788592988701369,0,0.0,1.0,2,16.0,0.32679142742137907,3,36.0,0.35422644114517954,2,14.0,0.548122175312266,27,435.0
205.0,17,246.0,1.651006711409396,8.189679985271509,3,91.0,0.3655448641760254,1,6.0,0.7170225666891297,4,129.0,0.4624801950148791,2,38.0,0.5073562818635758,1,63.0,0.24398098371488208,0,0.0,0.948756674428087,2,17.0,0.45958708553900385,1,27.0,0.4707436988644203,0,0.0,0.716440424073878,14,371.0
210.0,17,292.0,1.9337748344370862,8.969685900584944,4,79.0,0.42413632938714774,1,15.0,0.6493925052707451,4,149.0,0.522292303105527,1,28.0,0.5885615929469792,2,36.0,0.4597936539838186,0,15.0,0.772098208986353,0,4.0,0.9452459752119529,2,13.0,0.47524280338309177,0,16.0,0.6404113697648199,14,355.0
215.0,20,277.0,1.8223684210526316,9.032111317195792,4,71.0,0.4237437484547178,0,7.0,0.7004317723011303,4,169.0,0.3265663220168998,3,31.0,0.619997915916344,1,16.0,0.5200275401447141,0,15.0,0.9010493365134278,1,5.0,0.5612253334044114,3,18.0,0.31609098295598087,2,27.0,0.7594562764729406,18,359.0
220.0,25,322.0,2.090909090909091,8.576124647569092,4,58.0,0.28628222308673135,0,4.0,0.8636260834857146,5,192.0,0.2744211313868787,5,55.0,0.4504768363032904,3,30.0,0.31161793950046673,0,0.0,0.6669272010516976,1,14.0,0.46509944842297,4,37.0,0.025614432391343755,0,13.0,0.7624782816274494,22,403.0
225.0,33,446.0,2.915032679738562,8.003140234990386,7,64.0,0.3365019276462496,1,5.0,0.5028433696297048,5,217.0,0.34222133383047415,4,56.0,0.31347699958815667,5,46.0,0.2329639598592121,0,0.0,1.0,2,25.0,0.4987215372631736,5,65.0,0.25420086275729775,1,13.0,0.7524778309306935,30,491.0
230.0,25,436.0,2.8874172185430464,7.857944987511634,5,69.0,0.44751878551955343,1,8.0,0.48972680685674025,5,242.0,0.34899701763655433,1,48.0,0.325927182128365,4,56.0,0.2555606453391807,0,0.0,1.0,0,1.0,0.7681099291513391,2,24.0,0.5317859445808136,2,20.0,0.4565549147048431,20,468.0
235.0,18,405.0,2.7,8.48975768329788,3,67.0,0.4706200736587632,1,9.0,0.6224898815947769,5,271.0,0.35787781264267504,1,36.0,0.5193452354471155,1,51.0,0.3858644850778258,0,0.0,0.9591702349253789,1,4.0,0.4758945071832583,1,14.0,0.692730473759893,1,1.0,0.4933305850904984,14,453.0
240.0,26,517.0,3.401315789473684,8.336864326433341,6,60.0,0.21967500881298538,1,18.0,0.5428862891692332,5,302.0,0.5781501016058944,1,30.0,0.7059350701164941,1,17.0,0.537256142209098,0,0.0,1.0,4,25.0,0.2722140512199874,1,5.0,0.7297473801948262,1,10.0,0.6691264947701601,20,467.0
245.0,31,567.0,3.7302631578947367,8.243443375484084,8,91.0,0.28071660365866125,1,11.0,0.6275492153128817,5,321.0,0.6112888835451936,2,18.0,0.6209409327337961,2,10.0,0.654300602403731,0,0.0,1.0,2,48.0,0.3425684952860467,1,5.0,0.5798492007377883,1,15.0,0.628048789644192,22,519.0
250.0,28,612.0,4.052980132450331,8.282239723818279,6,85.0,0.33956330440163723,0,4.0,0.9385035483883756,5,350.0,0.5736154791851892,4,38.0,0.5714795600631949,1,11.0,0.6559589855223096,0,0.0,0.6806266462789946,0,42.0,0.6830810978389962,3,18.0,0.48318432082206725,0,4.0,0.654742235642888,19,552.0
255.0,41,782.0,5.111111111111111,7.7040555050109365,6,111.0,0.2459806464341672,0,4.0,0.9664971983713054,6,382.0,0.5828259442046669,8,64.0,0.106232194997053,3,24.0,0.5392798396373563,0,0.0,0.942110339826781,2,19.0,0.5377712684494068,4,41.0,0.4327217125997243,2,9.0,0.6057437709575828,31,654.0
260.0,39,642.0,4.115384615384615,7.423099743003966,9,151.0,0.14054258021517826,0,4.0,0.9862857243135648,3,146.0,0.7580834457306318,6,57.0,0.13516298278657038,4,21.0,0.42093749338327247,0,0.0,1.0,0,16.0,0.6070631754281284,5,65.0,0.32774755738941136,3,22.0,0.47284509138786013,30,482.0
265.0,28,501.0,3.1910828025477707,7.681609042826602,9,167.0,0.20440134749071345,0,4.0,0.5070720741016844,1,58.0,0.7058726112609047,1,37.0,0.40085549559960604,2,34.0,0.4145125160841528,0,0.0,0.5752310575923935,2,31.0,0.4553979178634541,5,90.0,0.2961209247981785,1,5.0,0.2906491919828872,21,426.0
270.0,35,518.0,3.257861635220126,8.31177166242615,6,167.0,0.165299153188626,1,12.0,0.4873243639120942,3,31.0,0.6771835122239157,1,21.0,0.7099369221425466,3,37.0,0.530834691906072,0,0.0,0.8791744744499771,4,47.0,0.38148690562661913,7,122.0,0.2316085440877332,2,43.0,0.5990622248696829,27,480.0
275.0,29,465.0,2.888198757763975,7.9118262729684705,4,107.0,0.16139669500075973,0,12.0,0.9424710548413172,2,19.0,0.6528997553829892,0,4.0,0.8261445155686846,3,31.0,0.46488625410027545,0,0.0,0.9284295266717478,4,65.0,0.5171974046676151,5,97.0,0.3100537014298005,3,35.0,0.4625863808939905,21,370.0
280.0,22,353.0,2.1925465838509317,8.189238745828066,4,76.0,0.30114107298214315,0,12.0,0.9390459459608205,2,20.0,0.5854313373014385,3,15.0,0.5826321272071735,1,12.0,0.6086292203668806,0,0.0,1.0,1,49.0,0.5296115622717145,2,53.0,0.46289817417260887,0,50.0,0.6310101813256397,13,287.0
285.0,35,471.0,2.8373493975903616,8.2705129878954,6,82.0,0.12993064801270618,0,8.0,0.9071852869623989,3,30.0,0.471863090023782,6,46.0,0.38744356529036234,2,26.0,0.5726365047397107,0,0.0,0.9992907408051869,4,43.0,0.4040826283189276,2,35.0,0.5054895453165625,3,83.0,0.545665515541341,26,353.0
290.0,40,612.0,3.6,8.014641645295145,6,112.0,0.13875521529990584,0,8.0,0.9229834330852352,4,54.0,0.6204171890983173,9,100.0,0.36403269202114397,2,21.0,0.639944474534479,0,0.0,1.0,4,44.0,0.3491245554417621,3,23.0,0.5127073895951049,4,96.0,0.4444054312083273,32,458.0
295.0,34,444.0,2.611764705882353,7.518022513883601,5,119.0,0.22179096457639574,0,8.0,0.9457476838485452,3,66.0,0.6058235951841869,8,62.0,0.27726078667357806,2,13.0,0.4077432846174535,0,0.0,0.9612842211745665,3,47.0,0.2441827850271885,2,21.0,0.6776519027524156,3,68.0,0.3571952491996589,26,404.0
300.0,26,252.0,1.4823529411764707,7.924900255172421,4,112.0,0.37267924571144223,0,8.0,0.8816503809567094,5,87.0,0.44576208503530373,2,48.0,0.4982845763289339,2,20.0,0.4792517088742603,0,0.0,0.9668830126743483,6,153.0,0.23857906500839623,4,39.0,0.5914326930266037,1,38.0,0.45406503477044247,24,505.0
305.0,28,293.0,1.744047619047619,8.318490450153483,4,117.0,0.4824422973038198,1,5.0,0.7034938282269432,6,116.0,0.4624413668663107,3,42.0,0.613723160800493,2,10.0,0.6240396468802415,0,0.0,0.6742827790785828,2,131.0,0.34998235660553323,5,35.0,0.45287063886043755,2,21.0,0.556513608095414,25,477.0
310.0,27,334.0,1.9532163742690059,8.244600404650289,4,92.0,0.4204686805831338,0,4.0,0.48885853381545435,6,146.0,0.4465779416867272,5,53.0,0.4754089936684962,3,16.0,0.5057520687359196,0,0.0,0.9717848922168203,0,93.0,0.6775238250077652,5,60.0,0.3758829147262765,2,12.0,0.6109625323164437,25,476.0
315.0,34,414.0,2.4352941176470586,7.804928603165169,4,70.0,0.3611627438454329,1,12.0,0.6088522435555882,6,176.0,0.3877928202854691,8,72.0,0.24698661545526907,3,31.0,0.35841515778998984,0,0.0,0.9689910307150525,0,69.0,0.46172487513135413,5,85.0,0.35432626667877687,4,28.0,0.46845349413791604,31,543.0
320.0,43,573.0,3.431137724550898,7.464183261676354,6,63.0,0.2906061284514187,0,8.0,0.933451032450049,6,206.0,0.46612782432981975,13,120.0,0.2741540352635172,1,2.0,0.4913332813933658,0,0.0,0.9455728506476941,1,93.0,0.4982836904096186,7,117.0,0.2732539924995332,5,57.0,0.4122591376854006,39,666.0
325.0,43,689.0,4.052941176470588,7.0983203793545675,6,64.0,0.14754419891333587,0,8.0,0.9467863434394722,7,237.0,0.23845044201716692,10,126.0,0.3199273492985509,0,0.0,0.8473713330718361,0,0.0,0.9708520870262998,2,103.0,0.344372374844277,8,154.0,0.32264104603238025,4,66.0,0.3978887435398625,37,758.0
330.0,43,708.0,4.2395209580838324,7.667679316631618,8,71.0,0.10804579917403019,0,8.0,0.9482485107734521,10,287.0,0.31439901891549543,3,107.0,0.5082925036115595,0,4.0,0.8992373528521249,0,2.0,0.9685370104151252,3,97.0,0.3871554400490753,10,204.0,0.2600666196479417,5,52.0,0.27422863072119275,39,832.0
335.0,42,821.0,5.03680981595092,7.442167613568717,9,117.0,0.24171796185938113,0,4.0,0.9626880039510073,10,341.0,0.28941219999811474,1,141.0,0.4197325511685627,0,4.0,0.9656560349730344,0,0.0,1.0,2,103.0,0.43950272516592687,10,251.0,0.33579393526910906,7,81.0,0.20650894900711364,39,1042.0
340.0,42,949.0,5.716867469879518,7.1614269630132,7,119.0,0.23154496369109745,0,4.0,0.8759841985757442,10,387.0,0.304952929144013,4,137.0,0.236099859565041,0,8.0,0.6832664439948182,0,0.0,0.9469115973916223,2,96.0,0.5274151524961067,10,297.0,0.25734786569149154,7,116.0,0.17478295339872105,40,1164.0
345.0,45,1014.0,6.0,6.568453486851653,5,119.0,0.1961903242615457,1,1.0,0.18109928404546394,10,439.0,0.3113457872567374,7,162.0,0.1119111276257804,1,5.0,0.5551338687384164,0,0.0,0.9972306458834989,4,48.0,0.2924736843542657,11,349.0,0.13577593865597148,3,86.0,0.3275984062638878,42,1209.0
350.0,47,1048.0,6.128654970760234,7.088403569650943,5,90.0,0.21850566389071788,2,9.0,0.00043875883306172093,11,492.0,0.3699976989613832,10,203.0,0.13836292281413962,0,4.0,0.8729823833651381,0,0.0,1.0,4,52.0,0.26660305461230455,10,304.0,0.18520241094675927,1,52.0,0.40517035292546144,43,1206.0
355.0,39,840.0,4.745762711864407,7.618055060244883,6,83.0,0.23441802660086863,1,8.0,0.14010093623091782,11,547.0,0.3933309929571733,9,192.0,0.087399008380672,0,4.0,0.8572666762430066,0,0.0,1.0,2,48.0,0.33592303078901986,2,189.0,0.35487298311194443,5,46.0,0.2968730161797273,36,1117.0
360.0,34,848.0,4.873563218390805,8.096948991307329,6,82.0,0.19964112337616013,0,0.0,0.8215419262032538,11,602.0,0.29182379862856356,4,167.0,0.3016366055372816,0,13.0,0.8552762530791709,0,0.0,0.9863701124246209,4,57.0,0.45471107546754297,1,84.0,0.46614532132047176,4,45.0,0.48458213468084804,30,1050.0
365.0,40,872.0,4.982857142857143,7.722126062274136,10,94.0,0.02445915578293612,0,4.0,0.9246594203183026,12,666.0,0.2999284418402571,1,147.0,0.39835363906987253,1,14.0,0.6966517790816986,0,0.0,0.9006839261159931,6,61.0,0.17568313847792558,4,99.0,0.30066385581369137,2,36.0,0.5887315721684644,36,1121.0
370.0,47,996.0,5.790697674418604,7.6711441194606325,9,114.0,0.1658805955190336,0,4.0,0.9210701138079617,13,726.0,0.29258161245501063,2,124.0,0.3425488183227173,2,13.0,0.6727835881587108,0,0.0,0.9341280857171732,4,75.0,0.22697455737223934,8,130.0,0.2168452491077625,3,49.0,0.5382305516081755,41,1235.0
375.0,46,1135.0,6.522988505747127,7.034055695965041,7,122.0,0.3155394062157853,0,4.0,0.9293358710606692,13,787.0,0.24164085050059075,4,136.0,0.31106203345967465,4,27.0,0.3375318498185837,0,7.0,0.9121781948422802,5,112.0,0.33690683914188735,9,175.0,0.32186337897762246,1,6.0,0.6311323740242577,43,1376.0
380.0,53,1296.0,7.363636363636363,6.103578929951829,8,162.0,0.4100447031335146,0,4.0,0.8752384990376116,14,855.0,0.28595826304077604,6,164.0,0.14512815663558817,4,22.0,0.07998284150540619,0,7.0,0.9138459284101342,5,97.0,0.11877003995398279,10,204.0,0.3174998599517615,2,20.0,0.43966150240370294,49,1535.0
385.0,54,1369.0,7.867816091954023,6.587990311298061,8,112.0,0.3743984958810677,0,4.0,0.9813367798962176,15,924.0,0.30646655082057533,4,157.0,0.26673192768994397,2,13.0,0.11417184220562308,0,0.0,0.962238481640517,6,91.0,0.26092963332490526,9,238.0,0.346221790565917,5,50.0,0.4123118778695287,49,1589.0
390.0,38,1275.0,7.369942196531792,7.467670814230671,2,32.0,0.4075680226505896,0,4.0,0.932376831720771,15,999.0,0.2713543721216721,0,137.0,0.5769188829909083,0,6.0,0.39622076995263156,0,3.0,0.7503280856938939,6,127.0,0.30170535370391527,10,281.0,0.26823965186871035,1,19.0,0.7586577551621536,34,1608.0
395.0,44,1379.0,7.971098265895954,7.539570586354727,6,38.0,0.27953757946642194,0,12.0,0.7287974065030494,15,1078.0,0.34160307686731334,0,21.0,0.8488399632417637,1,8.0,0.48215557692280436,0,0.0,0.8848729895248053,5,67.0,0.1369596170772463,10,244.0,0.16234821825574652,1,11.0,0.46571890292572676,38,1479.0
400.0,37,1266.0,7.234285714285714,8.136734894218975,7,61.0,0.3782129605292119,0,8.0,0.755955671977664,16,1155.0,0.19485433235497024,0,0.0,0.9603835834443378,3,21.0,0.40415330075750155,0,2.0,0.8121026872510878,2,51.0,0.27316786677837307,3,161.0,0.3689190141643872,3,22.0,0.23894449504969192,34,1481.0
405.0,34,1368.0,7.685393258426966,8.273245274673426,5,84.0,0.3266398439150361,1,9.0,0.7132627364277785,18,1243.0,0.17549183338304708,0,0.0,0.5064804042454288,3,45.0,0.38159465524277814,0,0.0,0.8857026537812551,2,47.0,0.31737103100768765,2,64.0,0.546357593453144,0,24.0,0.8222297774381534,31,1516.0
410.0,42,1509.0,8.722543352601155,8.41538622770256,7,98.0,0.3480584855452026,1,14.0,0.6865762740116217,18,1329.0,0.2619972878268272,2,9.0,0.4802048539386736,4,48.0,0.5880163731065075,0,0.0,0.9797171914275233,1,5.0,0.46365211613773527,5,76.0,0.5244948449292478,0,24.0,0.882631669109897,38,1603.0
415.0,46,1596.0,9.22543352601156,8.072875076074249,10,112.0,0.2853741801378433,0,8.0,0.8836619114816099,17,1408.0,0.21294257923431856,3,25.0,0.4661844137095581,0,36.0,0.7281183857579435,0,0.0,0.9104720868106542,0,4.0,0.6863212319955899,7,104.0,0.27682727226153037,1,26.0,0.6255709456809194,38,1723.0
420.0,46,1681.0,10.005952380952381,7.402455452077868,11,146.0,0.22866678536112156,0,8.0,0.9214300949705077,18,1496.0,0.13632465440183794,1,8.0,0.7644634254053254,0,4.0,0.6831190431358257,0,0.0,0.9903920980667836,1,5.0,0.6248581070596144,9,145.0,0.24237275071477152,1,56.0,0.5942478572043538,41,1868.0
425.0,49,1866.0,11.107142857142858,7.232976433958348,14,171.0,0.1711475616285147,0,8.0,0.6066107438740108,18,1586.0,0.17370212308411911,1,8.0,0.7354473720374637,1,10.0,0.533197165946732,0,0.0,0.9715214560811283,2,12.0,0.4820559647473832,9,166.0,0.08833150405616653,2,34.0,0.6051924827771746,47,1995.0
430.0,48,1536.0,9.25301204819277,6.7594484021739145,12,167.0,0.12671712162857632,0,0.0,0.240592815061574,15,1230.0,0.14661291906840165,2,13.0,0.7281590995354342,5,26.0,0.3654381780126153,0,0.0,0.9407040556266211,2,62.0,0.34459461416451875,8,193.0,0.28117260331536065,3,24.0,0.45238269391670727,47,1715.0
435.0,34,399.0,2.4036144578313254,7.610793223802664,8,175.0,0.24076666659749774,1,3.0,0.00027601683545466516,1,676.0,0.3532419533350431,1,16.0,0.5560417342683681,8,62.0,0.22449388365291376,0,0.0,0.8001243638695638,2,64.0,0.5329380256417564,8,222.0,0.21599466443601947,1,12.0,0.4176661211564278,30,1230.0
440.0,38,476.0,2.783625730994152,8.192277694550144,8,179.0,0.17075143564929005,1,8.0,0.26069012753795984,1,208.0,0.5006172442927328,3,17.0,0.4141896532943221,7,70.0,0.3223139770616074,0,0.0,1.0,2,40.0,0.6521180047248429,7,180.0,0.3061113380162074,1,8.0,0.4810115715988691,30,710.0
445.0,36,318.0,1.8596491228070176,8.088194147294503,11,196.0,0.02542449247132554,0,0.0,0.8958560148231294,3,184.0,0.2845556286671255,4,34.0,0.46024222100853385,2,61.0,0.42236410055411927,0,0.0,1.0,1,22.0,0.5078913557178815,2,128.0,0.3312024143378645,1,9.0,0.47993117940245267,24,634.0
450.0,29,259.0,1.505813953488372,8.671411647717326,6,205.0,0.2411843277380938,0,0.0,0.9239587351107916,4,203.0,0.4294200237285514,2,31.0,0.6527446182577527,1,47.0,0.5397029005230097,0,0.0,1.0,3,47.0,0.49005819443407656,2,31.0,0.4875376270053976,0,0.0,1.0,18,564.0
455.0,28,295.0,1.7771084337349397,9.0005596699315,5,131.0,0.4448986992096246,0,0.0,0.9770771179129595,4,223.0,0.4495335049312113,1,26.0,0.7015001620089991,2,24.0,0.5721711437328384,0,0.0,1.0,4,72.0,0.3422637311957947,3,24.0,0.4107117502039044,0,6.0,0.8673861774800403,19,506.0
460.0,24,325.0,1.9938650306748467,8.27814003431127,4,133.0,0.28932395387442916,0,0.0,0.7366182375688641,4,243.0,0.5272471458627166,2,30.0,0.6492976859794485,2,18.0,0.6033258374874312,0,0.0,1.0,4,51.0,0.35552635500860763,3,39.0,0.4611600110631245,0,4.0,0.9505053846169698,19,518.0
465.0,36,318.0,1.9156626506024097,8.005685898587645,9,161.0,0.20260346257126965,2,5.0,0.528629804912922,4,263.0,0.6258823061029927,4,47.0,0.496868302207269,4,21.0,0.3860822774633129,0,0.0,0.9704463459347178,3,35.0,0.34681522368950385,4,57.0,0.29949870044251753,0,8.0,0.7994556092149424,30,597.0
470.0,43,412.0,2.496969696969697,8.237407396599329,12,217.0,0.16040639865421188,3,17.0,0.3310354782269704,4,287.0,0.7001071112864052,7,110.0,0.28367638743262835,6,49.0,0.34390410739952204,0,0.0,0.9574577315315997,4,45.0,0.44550274990197536,4,51.0,0.18632570981891303,1,13.0,0.7167501439447728,41,789.0
475.0,38,434.0,2.6790123456790123,7.835476869120854,9,191.0,0.0971937378236179,3,20.0,0.22851341217007018,4,303.0,0.7025760879616025,10,178.0,0.18680617194271906,6,61.0,0.3865046181704662,0,9.0,0.9788044808283001,1,29.0,0.5319722812482764,2,54.0,0.47939086872084175,2,23.0,0.6020357003650565,37,868.0
480.0,27,388.0,2.3658536585365852,7.821771720504829,7,215.0,0.16341197562395263,1,13.0,0.2808429410480002,5,326.0,0.6408420690488374,7,172.0,0.29200306054755415,0,51.0,0.5500603481534372,0,0.0,0.837169172074594,2,44.0,0.3459453503685929,2,62.0,0.2522655831107227,1,7.0,0.5595443722572573,25,890.0
485.0,26,373.0,2.302469135802469,8.710803737749249,8,214.0,0.08778612170060111,1,6.0,0.6757194276418654,5,355.0,0.5680340614415534,1,149.0,0.44184788961975685,0,16.0,0.5841441322103248,0,0.0,0.9870580250050592,4,48.0,0.338613171830746,0,4.0,0.8118676358960546,4,23.0,0.39373324146774275,23,815.0
490.0,24,430.0,2.654320987654321,8.703616461968148,7,196.0,0.1242635830642644,0,0.0,0.7963568781960114,6,385.0,0.5317439373002074,0,120.0,0.5936581714089779,2,22.0,0.5032263883744256,0,0.0,0.9346583146368002,3,60.0,0.3475796490229738,0,4.0,0.8804315268022999,4,43.0,0.41104428383682173,22,830.0
495.0,23,354.0,2.1197604790419162,8.973098905788428,3,161.0,0.3444509806047186,2,4.0,0.31714843270792165,8,413.0,0.3945032140650003,0,83.0,0.6284965923819764,4,40.0,0.3774781533515239,0,0.0,1.0,2,38.0,0.3985959711884996,0,4.0,0.9050629229455889,1,15.0,0.4954069454764525,20,758.0
500.0,26,422.0,2.5421686746987953,9.155450429922741,1,77.0,0.6074341127828051,2,14.0,0.3020276234469439,8,453.0,0.394774460396553,0,14.0,0.6191039438914373,7,66.0,0.3581119201529252,0,0.0,1.0,4,41.0,0.25198730539375386,0,8.0,0.7922618460068686,0,14.0,0.6799923611831019,22,687.0
505.0,22,425.0,2.607361963190184,8.6586047137965,2,89.0,0.4513543420883739,1,11.0,0.6269521199365884,8,493.0,0.29341811740281487,0,4.0,0.5896628969900136,5,59.0,0.39021504689731246,0,0.0,1.0,2,37.0,0.4463595527728717,2,16.0,0.7241836373705163,2,44.0,0.6457493618107977,22,753.0
510.0,23,423.0,2.627329192546584,8.40680590930769,4,106.0,0.4616321228978749,0,0.0,0.6635880542577308,9,534.0,0.17459440426166786,1,9.0,0.5850801155216737,2,57.0,0.31165204547075764,0,0.0,0.552919431491314,1,39.0,0.6109204411264009,2,22.0,0.6135225191011967,1,38.0,0.8227990694914327,20,805.0
515.0,28,505.0,3.1366459627329193,8.549633425997635,6,130.0,0.21226093617075648,1,9.0,0.7065363092671882,9,579.0,0.17691403558731936,0,12.0,0.6018460154073803,2,21.0,0.40160198651676254,0,0.0,0.9723113417791435,2,42.0,0.6360438110669793,3,19.0,0.2622672304199704,1,49.0,0.6823526168935943,24,861.0
520.0,34,596.0,3.725,7.404199070225964,6,136.0,0.12497000183015812,0,8.0,0.6873655020705404,8,617.0,0.3290070492558438,5,24.0,0.5002362515411563,0,23.0,0.4972133863440836,0,0.0,0.9907875598465741,3,35.0,0.35361213912773415,5,39.0,0.12976412026030748,3,68.0,0.5572130916048853,30,950.0
525.0,49,770.0,4.782608695652174,6.912013620981797,7,172.0,0.16911485805322451,1,11.0,0.7366873533186121,9,659.0,0.2322422159562191,8,69.0,0.2954301612371393,3,32.0,0.25707594585045096,0,4.0,0.9577668714599414,8,98.0,0.300517188759762,7,73.0,0.29199338281108134,2,52.0,0.39903472618562796,45,1170.0
530.0,50,931.0,5.81875,6.939793118003959,6,187.0,0.26983886992345896,1,16.0,0.7658739384515629,9,704.0,0.23526281798265944,6,54.0,0.29290829059821916,5,55.0,0.2706887937052308,0,4.0,0.9395621179257586,10,133.0,0.21174369701827855,5,68.0,0.5377801667626051,2,44.0,0.550971831430002,44,1265.0
535.0,40,918.0,5.666666666666667,7.376080564107794,7,170.0,0.13042994694332727,1,10.0,0.6135647267009929,9,749.0,0.3391749182880895,1,55.0,0.32765000913184245,4,61.0,0.3888560822059928,0,0.0,0.9492208043177256,6,113.0,0.2060507283840766,0,39.0,0.6247189181875014,2,44.0,0.28295605828087145,30,1241.0
540.0,24,762.0,4.674846625766871,8.805545914889482,5,150.0,0.3775607293796045,0,9.0,0.7482774473836046,10,795.0,0.2685474206729304,1,37.0,0.4581988235967901,0,40.0,0.6120937533578931,0,2.0,0.934193552909663,1,47.0,0.543273997001412,1,8.0,0.5392915260498292,1,4.0,0.47429498344110776,19,1092.0
545.0,27,852.0,5.195121951219512,9.071535692462131,6,106.0,0.3677333610907611,0,8.0,0.8493590920443357,10,849.0,0.30514395790731896,2,32.0,0.705813232147291,0,17.0,0.7217571026614481,0,2.0,0.9314866705776368,3,39.0,0.4582072857241828,3,17.0,0.09990445696179759,0,24.0,0.9627264936993073,24,1094.0
550.0,35,969.0,5.9447852760736195,8.563979101484852,9,107.0,0.2892273045863978,0,8.0,0.9360324971443144,11,898.0,0.2213913640525778,2,38.0,0.6832733144472536,1,15.0,0.8077898872098789,0,0.0,0.9515834427705924,3,48.0,0.13762709336535914,5,37.0,0.0005608790564955641,1,35.0,0.6048809536904455,32,1186.0
555.0,36,1043.0,6.398773006134969,7.631693914765746,9,105.0,0.18885316322473183,1,9.0,0.6868855278060594,12,957.0,0.13385659584063264,4,64.0,0.4129185755180196,1,16.0,0.6134547275682023,0,0.0,0.96552150391409,1,15.0,0.3062019313725727,5,62.0,0.0,0,45.0,0.611429059217145,33,1273.0
560.0,39,1063.0,6.403614457831325,7.38509137141137,9,143.0,0.18093673363636284,3,15.0,0.471227524010892,12,1017.0,0.13922023828202912,4,47.0,0.4541239079486768,4,24.0,0.34782854563022503,0,2.0,0.9549988299401283,2,15.0,0.32391289658538963,4,67.0,0.4096460583002746,1,50.0,0.45367140490239416,39,1380.0
565.0,42,1115.0,6.716867469879518,7.841186600564952,10,133.0,0.16702615712496058,3,19.0,0.4013355950662436,12,1077.0,0.07294825771277545,1,16.0,0.6217535383341244,5,38.0,0.1747292411156116,0,2.0,0.9189711105036569,5,33.0,0.16462804962231337,3,64.0,0.5399920409711098,3,65.0,0.42131689852796844,42,1447.0
570.0,31,1164.0,7.0120481927710845,8.55654119615953,8,162.0,0.2332440196908444,1,7.0,0.5990744999920791,12,1141.0,0.11575645524938347,1,12.0,0.6968054602475509,0,27.0,0.5153062920173241,0,0.0,0.9183106946038315,3,101.0,0.4610442792565803,3,79.0,0.5404373266700051,2,24.0,0.3749866977945915,30,1553.0
575.0,28,1204.0,7.253012048192771,8.78236599434957,8,178.0,0.23165417571188407,2,10.0,0.3364630904159003,12,1201.0,0.07137271671771292,3,15.0,0.5530080589058087,0,7.0,0.7231128529895638,0,0.0,1.0,0,44.0,0.6847356377514924,2,28.0,0.19193851104353782,0,9.0,0.76884614027353,27,1492.0
580.0,35,1290.0,7.865853658536586,7.855773816086867,11,180.0,0.1243409491990182,1,7.0,0.3788063519336673,12,1265.0,0.13365453509960368,4,28.0,0.5339267651594701,1,13.0,0.40830937826652075,0,4.0,0.9408296834915916,1,6.0,0.5611417688792628,2,18.0,0.28920818977470286,1,3.0,0.6301070872853677,33,1524.0
585.0,39,1319.0,7.945783132530121,7.918552336040845,8,204.0,0.1928750882145582,1,4.0,0.49864336410299803,12,1321.0,0.18506292961620843,6,53.0,0.4252540503699433,2,21.0,0.5527687275126089,0,0.0,0.5670149633600686,1,1.0,0.5754007330641349,3,25.0,0.4692619781575853,1,6.0,0.48554800732102066,34,1635.0
590.0,36,1386.0,8.451219512195122,7.6550776562842895,7,156.0,0.2294683970420894,1,9.0,0.3494623481242612,12,1414.0,0.19199663750198415,3,19.0,0.29462344989108996,3,32.0,0.6445190572088807,0,0.0,0.9262481279837207,2,5.0,0.4116653385457116,2,24.0,0.6950683291815266,2,20.0,0.4907736814918108,32,1679.0
595.0,38,1515.0,9.351851851851851,8.099058989047336,6,139.0,0.42023572440941565,1,5.0,0.5003623115988588,12,1442.0,0.19126455962330738,2,14.0,0.616914067771343,2,36.0,0.5299479729154928,0,0.0,1.0,5,26.0,0.3451338680342061,2,34.0,0.4881108183854544,3,32.0,0.5461916965893642,33,1728.0
600.0,34,1578.0,9.74074074074074,7.623960583269558,7,149.0,0.29136788436224276,0,0.0,0.9275419926675196,13,1503.0,0.13130129116562575,2,28.0,0.6638727929673535,1,25.0,0.5764639232670113,0,0.0,1.0,2,16.0,0.38690477236971776,4,50.0,0.2636354115596882,1,15.0,0.7093846572331696,30,1786.0
605.0,36,1600.0,10.0,7.349402165985376,11,199.0,0.199002724748778,0,0.0,0.9112439357695936,13,1567.0,0.10293467160874722,3,13.0,0.49667123359800414,1,19.0,0.5978990466849763,0,1.0,0.9632139154684701,1,14.0,0.14589387382311372,3,22.0,0.4748255947118653,0,24.0,0.7132512737743544,32,1859.0
610.0,40,1750.0,10.736196319018404,7.516177397186641,13,263.0,0.13159284305394026,0,0.0,0.9534722893319845,12,1624.0,0.289964435763786,2,19.0,0.5222059773365703,0,8.0,0.6926153635296272,0,1.0,0.8960191230727176,3,19.0,0.3481729785615909,2,26.0,0.5567952303508223,1,59.0,0.8046261429494966,33,2019.0
615.0,40,1824.0,10.987951807228916,7.510379175799132,11,218.0,0.1736411868441539,0,0.0,0.7145543220812439,13,1685.0,0.31727828055435936,4,33.0,0.24643263380676314,1,6.0,0.6420423683222426,0,0.0,0.9716269458223964,1,13.0,0.6407389294714645,2,36.0,0.5878535927991536,0,66.0,0.7001341027945163,32,2057.0
620.0,39,1843.0,11.102409638554217,6.929425232443943,7,210.0,0.14492654123586424,1,3.0,0.6220662348837803,13,1748.0,0.2154946128662424,3,24.0,0.23419213331031644,1,11.0,0.6619276927826212,0,0.0,0.9575915532111036,1,6.0,0.2546839894669111,0,4.0,0.46158851498816045,3,79.0,0.6107861659046133,29,2085.0
625.0,37,1887.0,11.367469879518072,7.682229252329698,8,198.0,0.20666773129739532,0,0.0,0.5304230137646776,13,1813.0,0.22362653964818632,0,10.0,0.7317464967854135,1,1.0,0.6251073005986882,0,8.0,0.9483178357636569,3,19.0,0.38569580395063824,2,8.0,0.5397463119425747,5,84.0,0.34629564916996514,32,2141.0
630.0,40,2035.0,12.259036144578314,8.072862611926645,11,241.0,0.31091921830421393,1,4.0,0.4919490000725491,13,1878.0,0.22297157550188898,0,4.0,0.7425749157629555,1,14.0,0.8063220652425729,0,8.0,0.9304405978314875,1,11.0,0.5993462834720823,1,13.0,0.448390899184559,3,46.0,0.42315669427567243,31,2219.0
635.0,43,2185.0,13.571428571428571,7.577419084184481,13,304.0,0.2773821583539622,1,13.0,0.6322540474974265,14,1944.0,0.11789932447288913,0,8.0,0.953368191492908,1,13.0,0.7895223938054355,0,0.0,0.9240061848335293,1,6.0,0.39990824451637585,1,4.0,0.371521849146758,0,22.0,0.651392984370324,31,2314.0
640.0,47,2289.0,14.12962962962963,6.864670119014799,16,378.0,0.08713900712042347,0,8.0,0.8402962319875515,16,2020.0,0.05570003655577594,0,8.0,0.9691308768780824,0,8.0,0.9347658753135153,0,0.0,0.9376984241034925,3,24.0,0.3191828859691594,2,16.0,0.4817524828682984,1,6.0,0.6666510154324797,38,2468.0
645.0,45,2358.0,14.204819277108435,6.9541514708143595,17,387.0,0.06696264343223839,0,8.0,0.9512108413980497,17,2102.0,0.12068906605098406,1,7.0,0.7223673179616198,0,8.0,0.694735408625938,0,0.0,0.9793482219289714,1,38.0,0.5474944413507783,2,26.0,0.4777483305268359,1,15.0,0.5294359044232756,39,2591.0
650.0,40,2235.0,13.383233532934131,7.078454741866766,11,382.0,0.1234997009397286,0,8.0,0.9345733353141594,17,2187.0,0.1425800201327729,1,12.0,0.7890179764546614,3,17.0,0.33934100798872324,0,7.0,0.9632313531379026,2,83.0,0.46476022050513466,1,21.0,0.7259730348275866,4,29.0,0.335152835505855,39,2746.0
655.0,43,2318.0,13.635294117647058,7.111346596096493,9,323.0,0.13567467487156867,0,8.0,0.9220305761299964,17,2276.0,0.17966565298436651,2,6.0,0.5029374755370443,1,14.0,0.5807316850244478,0,7.0,0.9562838826171086,4,100.0,0.41207752551869503,1,26.0,0.677554417069508,5,55.0,0.4023890269328588,39,2815.0
660.0,42,2396.0,13.930232558139535,7.010753166600614,5,307.0,0.2584398776657907,0,8.0,0.9381253274307975,17,2357.0,0.2141605301894214,6,27.0,0.38651361549133245,0,0.0,0.7608702045874502,0,52.0,0.9765458771595806,2,63.0,0.4896372502620185,2,34.0,0.5530587916024482,4,54.0,0.32142834966259376,36,2902.0
665.0,43,2501.0,14.373563218390805,7.058205846545292,8,338.0,0.29589065200280124,1,6.0,0.3820170117261914,17,2446.0,0.2447481141908739,6,64.0,0.4684611868395692,0,0.0,0.5639932656980183,0,52.0,0.7409122213971093,2,65.0,0.38768132636452207,2,9.0,0.44727266291012296,2,23.0,0.5347497235353533,38,3003.0
670.0,52,2683.0,15.158192090395481,6.5399944203599425,12,388.0,0.2138068542645601,1,5.0,0.4721025026222728,17,2531.0,0.23401765593059806,5,47.0,0.31405855388088033,0,0.0,0.6572942396253262,0,0.0,0.9306676544918195,5,82.0,0.2976627942257747,1,10.0,0.6683047766272237,3,39.0,0.3006559944588934,44,3102.0
675.0,52,2801.0,15.561111111111112,7.128191602478419,15,411.0,0.10423993401743918,0,0.0,0.9729144049075701,18,2620.0,0.27900524623543727,3,23.0,0.5183345965613039,1,13.0,0.7348749276463751,0,5.0,0.9249273383864657,2,42.0,0.4061523219166824,3,11.0,0.6226802898692502,1,15.0,0.4897098303392737,43,3140.0
680.0,45,2822.0,15.76536312849162,7.617360160081301,12,434.0,0.14672152469529373,0,0.0,0.9937722561997343,18,2713.0,0.2947809447422606,3,32.0,0.5101133508018816,1,14.0,0.8181395700084881,0,17.0,0.9769294076355869,1,12.0,0.534211658766392,2,20.0,0.7409939184619284,0,4.0,0.8470139968831626,37,3246.0
685.0,41,2219.0,12.396648044692737,7.528860858688617,13,417.0,0.18937559198268294,0,0.0,0.9487511809051014,16,1946.0,0.29594311801799056,2,33.0,0.48641480613330607,0,8.0,0.7575721814104445,0,12.0,0.9540415362188136,2,12.0,0.6418467316116662,2,20.0,0.5552363563579714,1,5.0,0.706246884653383,36,2453.0
690.0,28,349.0,1.907103825136612,7.972697274750774,15,418.0,0.14487797529921503,0,0.0,0.9279311393329445,4,1302.0,0.48021819094626067,2,31.0,0.625272268185256,1,15.0,0.466780028187216,0,43.0,0.6597517443665943,0,0.0,0.9254191434882229,5,40.0,0.4220760224816474,0,11.0,0.8820083376065244,27,1860.0
695.0,31,274.0,1.4972677595628416,7.95934508242626,12,421.0,0.1976261497029937,0,0.0,0.8928195751624252,2,421.0,0.5669262395517936,3,34.0,0.3886642538536712,2,16.0,0.5836494423364171,0,86.0,0.7921590447715546,1,18.0,0.49367348496101554,5,44.0,0.22659719776982643,0,29.0,0.9273855516776194,25,1069.0
700.0,33,260.0,1.4207650273224044,7.8824930351207,11,376.0,0.19692526242251684,0,0.0,0.9711688830094117,3,423.0,0.49451105354347,1,10.0,0.7350349673234396,1,21.0,0.5485840086263509,0,57.0,0.8068893586391938,2,38.0,0.653565550422749,6,58.0,0.30364960992734,0,12.0,0.7996330527595403,24,995.0
705.0,35,255.0,1.4325842696629214,7.286124135211323,9,346.0,0.17064789949090797,0,0.0,0.9395558647403601,8,443.0,0.430022534419918,1,5.0,0.7219926810459559,0,8.0,0.6776997104143735,0,10.0,0.7949927969652756,2,56.0,0.26497696572669666,7,81.0,0.26741918949855187,1,14.0,0.7718309998372024,28,963.0
710.0,41,352.0,1.9555555555555555,7.700561604266856,10,383.0,0.2743244826027451,0,0.0,0.9346817940903938,11,486.0,0.19665697450609657,1,10.0,0.6014000902186533,0,8.0,0.9381388463394166,0,10.0,0.8351473373721264,7,101.0,0.28965338437641264,5,59.0,0.20579279840430276,1,51.0,0.6878723416181411,35,1108.0
715.0,47,457.0,2.567415730337079,7.677129522526247,14,438.0,0.2030516469383676,0,0.0,0.9434592585652947,13,546.0,0.2431961084945494,1,7.0,0.588165645810866,0,0.0,0.9422934454991744,0,0.0,0.8472005045122293,10,111.0,0.17823524925001172,2,32.0,0.41410836509790955,3,108.0,0.5161908665918796,43,1242.0
720.0,49,555.0,3.0833333333333335,7.278618213234139,13,427.0,0.16950286917425167,0,0.0,0.9516003966228493,13,611.0,0.291355417864976,1,7.0,0.4720120300236642,0,8.0,0.7350893317904015,0,0.0,1.0,7,89.0,0.24040560854214124,3,20.0,0.36795624941714883,4,75.0,0.4506962734291075,41,1237.0
725.0,41,541.0,3.0055555555555555,8.429643055574013,10,452.0,0.1337037319728088,0,4.0,0.9600327099852592,13,680.0,0.34169231501247066,4,24.0,0.4096548251342931,1,1.0,0.8368415234148533,0,0.0,0.5480658366031331,2,42.0,0.5201756860280655,1,12.0,0.6651655631943056,3,32.0,0.5102522951504957,34,1247.0
730.0,43,681.0,3.8258426966292136,8.597977108702299,13,462.0,0.14011021574022298,0,4.0,0.8538926749929555,13,753.0,0.3817820075032518,2,24.0,0.39126485562689534,1,10.0,0.6645344291563678,0,0.0,0.9495426383949658,3,48.0,0.49867578559407644,1,17.0,0.7166045844806045,4,53.0,0.41847304811043134,37,1371.0
735.0,38,743.0,4.294797687861272,8.082144990264652,12,451.0,0.029581860973360418,1,6.0,0.6916581654332945,13,815.0,0.4135159968923588,2,7.0,0.14955061124548952,0,8.0,0.6770331730984812,0,0.0,0.9264847874819631,2,51.0,0.24541668586110146,2,25.0,0.5884849265916904,2,45.0,0.5475628818782279,34,1408.0
740.0,40,725.0,4.239766081871345,7.971501595526294,9,362.0,0.08727925465035788,1,11.0,0.7737934022525125,14,881.0,0.26235496032748173,3,28.0,0.44483337624260855,2,17.0,0.7049166168805492,0,0.0,0.9638387969524017,3,44.0,0.19840502929240425,2,19.0,0.6933753433319552,0,46.0,0.707498822446648,34,1408.0
745.0,33,733.0,4.363095238095238,8.209422350575831,5,276.0,0.3088421101698785,0,4.0,0.8209313860543368,15,954.0,0.2760868323335372,1,15.0,0.6651880071219397,2,27.0,0.5841006551574632,0,0.0,1.0,3,33.0,0.30832955915191995,2,29.0,0.7467832179666605,1,49.0,0.6233875753396108,29,1387.0
750.0,28,727.0,4.432926829268292,7.706322665568695,4,279.0,0.31106342088969147,0,4.0,0.7501872378361366,16,1028.0,0.20356375684738334,0,11.0,0.7692712330500643,0,4.0,0.501163528811032,0,0.0,1.0,3,16.0,0.21681709507286107,3,43.0,0.6417998180231267,0,25.0,0.7951233531804747,26,1410.0
755.0,39,827.0,5.16875,7.918807900342413,8,287.0,0.1433515380330257,1,14.0,0.7917062615303945,18,1120.0,0.22569560939254482,3,21.0,0.30662582969257784,1,3.0,0.747715919379127,0,0.0,1.0,2,13.0,0.42086763707036173,2,17.0,0.5324488340956637,0,54.0,0.9256031846671995,35,1529.0
760.0,35,951.0,5.87037037037037,7.641054973395456,11,344.0,0.20514536695004437,0,7.0,0.7880025741226205,18,1215.0,0.2768204282963986,0,2.0,0.7207608445154859,1,5.0,0.685919162829216,0,0.0,1.0,2,19.0,0.3203663164080915,2,10.0,0.31035275092972675,0,55.0,0.6731777714556099,34,1657.0
765.0,37,1068.0,6.592592592592593,7.938885468916582,10,373.0,0.21833071652991146,0,7.0,0.9197243430214961,18,1305.0,0.35453258006534294,1,7.0,0.7846464287861011,0,11.0,0.8156486289672751,0,0.0,1.0,0,0.0,0.6006770383119684,4,29.0,0.09888108008507297,2,74.0,0.6008391221002856,35,1806.0
770.0,35,1132.0,7.075,8.491996428428177,8,391.0,0.20621827833929413,0,7.0,0.9053001299010974,18,1391.0,0.27016567595703994,1,14.0,0.6883881799662778,1,12.0,0.8234837912864019,0,11.0,0.9785886382304725,0,0.0,0.6774601099640895,2,16.0,0.3225787587695576,3,87.0,0.4435097358979627,33,1929.0
775.0,40,1290.0,8.0625,8.292918055071048,7,388.0,0.3518925036422193,0,3.0,0.9274739699398543,20,1486.0,0.2087047759753155,3,15.0,0.5282627687936073,1,18.0,0.7372876255013352,0,11.0,0.9959406913462561,1,38.0,0.7641065191547132,1,16.0,0.4368502463902053,6,122.0,0.3190004744436549,39,2097.0
780.0,43,1419.0,8.75925925925926,7.364148936029662,9,348.0,0.1869432243373031,0,3.0,0.9502124265380644,22,1591.0,0.17330573735271823,2,21.0,0.5575259227850536,0,12.0,0.6660471413851937,0,0.0,1.0,1,2.0,0.29621333229958813,1,21.0,0.45486234346743254,6,109.0,0.3104511487939643,41,2107.0
785.0,37,1361.0,8.453416149068323,6.766213675683687,8,308.0,0.14727863466753707,1,3.0,0.389126020331348,20,1691.0,0.15338394961777027,4,37.0,0.21597152240833217,1,17.0,0.5369966021527125,0,0.0,0.989190373182724,2,10.0,0.4737313438827506,1,3.0,0.000723811770596867,0,68.0,0.48465062718726315,37,2137.0
790.0,44,1507.0,9.785714285714286,6.682023848365724,8,160.0,0.23787236769950043,2,7.0,0.012242662187099476,24,1799.0,0.07342436709646083,2,16.0,0.5625832656029888,2,21.0,0.5228272730291705,0,0.0,0.8883721151252439,3,19.0,0.4609141827648298,1,12.0,0.5638697256586623,1,48.0,0.5832651212513648,43,2082.0
795.0,37,1604.0,10.415584415584416,7.06949967636811,9,188.0,0.16056954530442627,0,1.0,0.5284943403371567,25,1923.0,0.038340119086514426,0,4.0,0.9504240322153228,0,9.0,0.6952243974382137,0,0.0,0.9281917751215351,0,2.0,0.6864748734524371,1,17.0,0.6818593375676292,2,50.0,0.5245227363883559,37,2194.0
800.0,42,1745.0,11.044303797468354,7.597349410408251,8,204.0,0.19694242219311578,0,0.0,1.0,25,2046.0,0.13625516065761575,0,5.0,0.8408890285779439,1,12.0,0.3112721083909358,0,0.0,0.9817064630406724,1,4.0,0.25480345936665416,0,8.0,0.8222087143472465,3,65.0,0.6189272913603663,38,2344.0
805.0,48,1972.0,12.40251572327044,7.878999214575979,10,245.0,0.08546609710741825,0,0.0,0.9517464547444562,26,2178.0,0.15384920806620883,0,5.0,0.9608257774721654,2,21.0,0.17303658746544978,0,0.0,0.8797476266476525,1,8.0,0.7272602036975471,0,4.0,0.855250063363209,4,83.0,0.5427350433534103,43,2544.0
810.0,42,2083.0,13.10062893081761,7.703108095854522,10,256.0,0.09137904321504921,0,0.0,0.9990797898535393,26,2308.0,0.2034112370203363,1,6.0,0.4660982982703366,1,18.0,0.620275800205773,0,0.0,1.0,0,1.0,0.6188042092546718,0,4.0,0.9711937525783565,4,71.0,0.5047185216542484,42,2664.0
815.0,38,2106.0,13.5,8.086843869080045,5,252.0,0.22853392150750498,0,0.0,1.0,26,2438.0,0.22599937844438098,1,15.0,0.6091460658738949,0,4.0,0.9328749607986973,0,0.0,1.0,1,50.0,0.6073127316180137,0,0.0,0.9760175528880046,2,56.0,0.5151830526833298,35,2815.0
820.0,41,2301.0,14.656050955414013,7.935761770932582,5,199.0,0.307795645994241,0,0.0,1.0,26,2568.0,0.20562297608804497,1,20.0,0.6898284482033604,0,4.0,0.8372212893662632,0,0.0,1.0,2,11.0,0.545812412905471,0,0.0,0.7176059310239293,4,53.0,0.563538686987989,38,2855.0
825.0,43,2444.0,15.566878980891719,7.388638137184418,5,146.0,0.277766351620477,0,0.0,1.0,26,2698.0,0.23502329798500732,2,25.0,0.6294883089192359,0,0.0,0.597996845653735,0,0.0,0.8903162987580108,2,13.0,0.38617248077643046,1,3.0,0.6829144154629097,5,50.0,0.4479200240974033,41,2935.0
830.0,45,2514.0,16.012738853503183,6.735345121804438,4,125.0,0.32855593142288025,0,4.0,0.9311188077115908,27,2833.0,0.17387019643991986,1,7.0,0.5256490615548198,2,3.0,0.23730287480092552,0,0.0,0.8969048341092293,2,23.0,0.3541764605230044,0,4.0,0.8801731788542086,7,72.0,0.40497791682276063,43,3071.0
835.0,52,2715.0,17.07547169811321,6.960725470538893,4,58.0,0.4571580294697153,0,4.0,0.9362891573277345,29,2974.0,0.1297981505014953,4,14.0,0.15951489566416524,3,22.0,0.3342192473481644,0,0.0,1.0,3,31.0,0.2784411134249858,1,5.0,0.5926537959497138,8,115.0,0.37539540246882075,52,3223.0
840.0,53,2899.0,17.895061728395063,6.672821251586037,4,69.0,0.42218521384298885,0,4.0,0.9260793713716575,29,3119.0,0.06128845917707381,5,38.0,7.084881046378038e-06,0,4.0,0.7028699434186665,0,0.0,0.9831088602256451,3,18.0,0.18899240252452745,3,19.0,0.476567378763979,9,114.0,0.19441184093054162,53,3385.0
845.0,50,3018.0,18.62962962962963,6.958493703580994,6,96.0,0.26804579300708287,0,4.0,0.9797795293063845,31,3272.0,0.05701796923745249,1,15.0,0.5855509234358295,0,0.0,0.7181396029996261,0,0.0,0.9653442304373318,0,13.0,0.6270767724249133,3,16.0,0.3470981672397131,8,113.0,0.26645320158586816,49,3529.0
850.0,55,3201.0,19.4,6.987690450268331,11,138.0,0.08716533924035548,0,4.0,0.9690336620863786,29,3414.0,0.08353999109274889,1,5.0,0.7038814066211021,2,8.0,0.35944956838978676,0,0.0,0.6264093232805477,0,8.0,0.9648621100367654,2,21.0,0.4775756594962652,5,96.0,0.3187790155440466,50,3694.0
855.0,58,3372.0,20.436363636363637,6.8500532558325755,11,151.0,0.13169512772902042,0,4.0,0.9397911102034538,31,3568.0,0.14680295105593166,1,11.0,0.7512675856748854,0,8.0,0.7152633274915673,0,0.0,0.9458082893521895,0,15.0,0.7693431081365159,2,31.0,0.6161407846752912,6,63.0,0.37923303885101817,51,3851.0
860.0,49,3470.0,20.654761904761905,7.33672180215452,8,172.0,0.3533068855583094,0,0.0,0.9078781183541901,31,3723.0,0.13880613523215624,1,12.0,0.7822997908793595,0,8.0,0.6917169192511413,0,1.0,0.9661210886686258,2,10.0,0.3851759615645821,0,12.0,0.6974879575134952,3,67.0,0.47745657075287035,45,4005.0
865.0,61,3738.0,21.859649122807017,6.92264365054477,8,172.0,0.3689788941954452,1,1.0,0.0011706002258438466,31,3882.0,0.18533420623335928,1,20.0,0.668813758490184,1,13.0,0.7004235968489619,0,0.0,0.9821263222399466,3,23.0,0.18070788211115626,3,24.0,0.5782620867659434,8,93.0,0.23485477061511142,56,4228.0
870.0,60,3929.0,22.843023255813954,6.31479645428306,9,182.0,0.22284543162755005,1,6.0,0.0,31,4037.0,0.1592822479937928,3,9.0,0.3309582336772988,1,14.0,0.46347674921937265,0,0.0,1.0,1,8.0,0.6412278225822186,4,36.0,0.5563757122954507,7,98.0,0.08901231290455115,57,4390.0
875.0,56,3999.0,23.523529411764706,6.6306472533607375,8,170.0,0.20656957986170363,1,15.0,0.5649658746655751,33,4200.0,0.16171196965681983,1,16.0,0.713974359971953,1,11.0,0.5250403696888444,0,3.0,0.9770868976322731,0,5.0,0.5979980090236888,6,63.0,0.2735496201859341,2,48.0,0.39106546707019735,52,4531.0
880.0,57,4196.0,24.68235294117647,6.876500245752979,5,144.0,0.2779951602375691,0,8.0,0.9798512247333582,34,4366.0,0.11652295142328714,1,21.0,0.6986981474873057,1,12.0,0.6249632752827265,0,4.0,0.9700772652259787,1,8.0,0.6080584270681976,9,101.0,0.23246383874283894,2,44.0,0.496355620588713,53,4708.0
885.0,54,4394.0,25.695906432748536,6.706672364243366,3,133.0,0.28710515327456126,0,8.0,0.928741952438617,34,4536.0,0.060075888210270136,1,6.0,0.7555032551473876,0,0.0,0.6488222305381223,0,0.0,0.897271267123705,0,5.0,0.5175747821275182,9,148.0,0.2224552352060295,2,20.0,0.5204683121819172,49,4856.0
890.0,57,4597.0,26.572254335260116,6.450742652117625,7,168.0,0.1763991408817132,0,8.0,0.9494180937439498,36,4711.0,0.0366865167717872,0,9.0,0.7000098151521168,1,8.0,0.7164596381896459,0,0.0,0.4505638609856954,0,0.0,0.9904891122736061,7,132.0,0.26665857619665656,2,15.0,0.29429584887783966,53,5051.0
895.0,56,4617.0,27.0,7.133911310759836,10,207.0,0.21216983385164384,0,8.0,0.9517874566085609,35,4889.0,0.09897768694807538,0,8.0,0.6921513621616973,1,13.0,0.6470011046343137,0,0.0,0.9416071109642572,0,1.0,0.8782784094027208,1,95.0,0.4116660457885807,6,41.0,0.307104138942636,53,5262.0
900.0,53,4808.0,27.318181818181817,7.2221643691573485,9,216.0,0.16836964624545173,0,4.0,0.8507710062993847,37,5070.0,0.12173429718605985,0,8.0,0.7552281147276316,0,12.0,0.6041699677770694,0,0.0,1.0,0,29.0,0.7155402040950885,1,24.0,0.6059273707774867,3,30.0,0.2236916341305819,50,5393.0
905.0,56,4975.0,27.94943820224719,7.161251660738396,6,181.0,0.3049839105717453,2,12.0,0.5554727108611879,37,5259.0,0.1357998039245202,0,4.0,0.4135211461504935,3,21.0,0.6698563790409267,0,0.0,1.0,1,34.0,0.37304043757356614,3,31.0,0.3763601209710374,0,5.0,0.7690289259255358,52,5547.0
910.0,59,5236.0,29.08888888888889,6.8417580603759465,4,154.0,0.30359605050310584,1,7.0,0.32149863662469647,37,5444.0,0.13515900560911084,1,9.0,0.655605146620001,3,32.0,0.6550137910384736,0,4.0,0.6772991485568343,4,46.0,0.2147357199202388,5,53.0,0.3835735342924848,0,0.0,0.9364626176855375,55,5749.0
915.0,58,5404.0,29.530054644808743,6.222427613344967,7,142.0,0.18884717171553114,0,5.0,0.800691689619654,37,5629.0,0.1264736216565135,2,13.0,0.44049317207227806,1,5.0,0.46155706508371613,0,4.0,0.9445607789019257,1,14.0,0.21076694371537222,5,79.0,0.36715392642725847,1,5.0,0.6902243740887,54,5896.0
920.0,65,5560.0,30.054054054054053,6.144345280450993,6,130.0,0.1884169306530516,0,4.0,0.9105753996532484,38,5818.0,0.11127423531180207,4,14.0,0.30077352865994783,3,15.0,0.2595282258102437,0,47.0,0.976038263044856,3,13.0,0.4600462797206935,4,84.0,0.3435619167513104,3,31.0,0.6100938300211097,61,6156.0
925.0,72,5841.0,32.09340659340659,5.746097179714455,8,107.0,0.28915449927223497,0,4.0,0.9058668946663726,39,6003.0,0.10447664568017649,3,18.0,0.4329239552673205,6,46.0,0.25019700207491813,0,43.0,0.9387420357943799,4,37.0,0.2869467340306794,5,95.0,0.25221873533529005,3,44.0,0.5651763626628329,68,6397.0
930.0,73,6063.0,32.77297297297297,5.953978191743853,6,110.0,0.38932967775033095,0,4.0,0.9192253044043772,43,6211.0,0.12664676089647725,4,31.0,0.2698732408976537,4,40.0,0.45373961405638924,0,0.0,0.9309212891676252,2,25.0,0.48882107337330194,7,127.0,0.1969688668767859,2,32.0,0.6494116370089007,68,6580.0
935.0,60,6151.0,33.98342541436464,6.36365389619909,7,122.0,0.3076726201083096,0,8.0,0.8016154299064194,40,6405.0,0.11735478173063664,1,20.0,0.6972841066869622,1,15.0,0.7011699884714563,0,0.0,0.9782676409552882,0,15.0,0.8105353192079366,5,83.0,0.26623267799139405,3,30.0,0.45376312097817945,57,6698.0
940.0,62,6341.0,34.27567567567568,6.255147107768598,9,156.0,0.1672644666877825,0,4.0,0.9876938307659264,42,6613.0,0.11318837145278877,0,9.0,0.8357011312599382,2,17.0,0.4470976896184364,0,0.0,0.9571472250562855,1,13.0,0.484373499402945,0,36.0,0.4542292724050915,5,31.0,0.476479018866334,59,6879.0
945.0,67,6597.0,34.72105263157895,6.444211707301259,9,156.0,0.24097561358402883,0,4.0,0.9541527748862356,45,6832.0,0.07194656504751848,1,13.0,0.86897215789031,0,12.0,0.6555054560426399,0,0.0,0.9288395815302907,1,30.0,0.5320259977648597,0,0.0,0.415877358081395,2,24.0,0.5242447530042063,58,7071.0
950.0,67,6747.0,35.324607329842934,6.693952555172826,5,151.0,0.21386486812692224,0,4.0,0.8650035369935852,46,7058.0,0.05729688929086806,2,15.0,0.6096302147476872,1,12.0,0.7013228130086229,0,66.0,0.8333536591309196,2,41.0,0.5342141623667368,2,15.0,0.5954224549361803,2,13.0,0.3087848817282099,60,7375.0
955.0,68,7025.0,36.21134020618557,7.176932215385592,4,98.0,0.39350538817665337,0,4.0,0.9344600125738891,47,7292.0,0.057610444079905954,2,25.0,0.6653770434202614,2,22.0,0.7306476081033176,0,110.0,0.8725431977851595,3,70.0,0.27920764298898615,2,25.0,0.6003986942261206,4,38.0,0.4034376648590439,64,7684.0
960.0,64,7237.0,36.923469387755105,7.029229950188249,5,100.0,0.3686341892061689,0,4.0,0.7934748412087493,47,7527.0,0.049678169809340166,1,22.0,0.6860317348904595,2,20.0,0.37535667163396486,0,6.0,0.7771189654929401,0,42.0,0.7245906236600123,3,38.0,0.6106499288701613,3,26.0,0.3744378157673042,61,7785.0
965.0,63,7434.0,38.31958762886598,6.713539296776749,3,96.0,0.4852593452821014,1,7.0,0.6525908259203607,47,7762.0,0.08570199749663789,2,35.0,0.577098384495933,3,21.0,0.27612585919910665,0,0.0,0.9230057590029002,1,7.0,0.7272460810399791,2,33.0,0.18200077337049023,0,18.0,0.7307035926310281,59,7979.0
970.0,69,7733.0,39.86082474226804,6.555304135412335,5,89.0,0.34356535137495653,0,0.0,0.8512508298876097,47,8003.0,0.10254117702802705,3,44.0,0.5748667341824647,3,27.0,0.40578547067517506,0,0.0,0.7916633723362829,1,12.0,0.5572526191898238,7,62.0,0.1197168411197141,1,17.0,0.5339477408443799,67,8254.0
975.0,71,8050.0,41.49484536082474,6.3490178316776165,9,128.0,0.21336057209811432,0,0.0,0.9658469924570275,47,8240.0,0.13121581647380193,3,57.0,0.6454426254596964,1,11.0,0.7087396597398664,0,0.0,0.9772125759779332,1,3.0,0.40555929785374845,7,97.0,0.21193347214866287,0,28.0,0.8217235428378166,68,8564.0
980.0,69,8253.0,42.107142857142854,6.281326711712045,9,175.0,0.17949878569715588,0,0.0,0.9215720159707486,47,8471.0,0.11866454088072553,2,12.0,0.5688122118452469,0,0.0,0.7803643217297154,0,0.0,0.9877511817391325,3,7.0,0.3816774243766038,4,67.0,0.4783791317621907,0,28.0,0.5966854296657303,65,8760.0
985.0,72,8537.0,42.89949748743719,6.5235000128122635,10,225.0,0.2497732295521205,0,0.0,0.9667691163130006,48,8709.0,0.09260091196466694,3,23.0,0.48000389141293365,0,8.0,0.49637678803231955,0,0.0,1.0,3,23.0,0.5152983557455493,1,40.0,0.633724996866339,2,34.0,0.3619407286426581,67,9062.0
990.0,85,8896.0,45.38775510204081,6.148279109742199,12,242.0,0.18389002376835611,0,0.0,0.9558587495614557,51,8958.0,0.08500094358594143,6,46.0,0.4635440122695442,0,12.0,0.8352400777167429,0,0.0,0.9651896504358026,3,29.0,0.4908138549649022,2,16.0,0.5896767717329631,2,25.0,0.5510973982916472,76,9328.0
995.0,74,9017.0,45.77157360406091,5.9314173174745575,9,210.0,0.18969707947619965,1,1.0,0.4941364242386947,52,9216.0,0.09657350400526077,3,26.0,0.427193976179801,0,12.0,0.8836645206634623,0,0.0,1.0,2,23.0,0.3862839994216825,2,21.0,0.22245075702497918,0,23.0,0.6907683840287149,69,9532.0
1000.0,80,9282.0,47.357142857142854,6.086257039907653,7,202.0,0.29202016975188927,0,0.0,0.9220528371854306,54,9477.0,0.06402956487986296,3,17.0,0.5699062200773184,2,20.0,0.6510100913092259,0,0.0,1.0,2,34.0,0.2562323146546464,5,43.0,0.24411876855110742,0,7.0,0.8662693798807906,73,9800.0
1005.0,79,9596.0,47.74129353233831,5.5184375819326466,6,217.0,0.1660054044512584,0,0.0,0.9662721461319003,53,9735.0,0.07043084950708796,5,36.0,0.3836664455954001,1,10.0,0.595211195238844,0,0.0,1.0,1,26.0,0.3045232295301849,6,70.0,0.19118430628938882,2,11.0,0.49009565647725445,74,10105.0
1010.0,82,9827.0,49.135,5.578921276357789,8,232.0,0.1727747733832629,0,0.0,0.2995636167250629,54,10003.0,0.10148520571852873,4,24.0,0.3688991226005276,2,9.0,0.15992415365085294,0,0.0,1.0,3,35.0,0.37295487608037164,4,56.0,0.3525161975022551,3,26.0,0.6331417244274714,78,10385.0
1015.0,81,10190.0,50.95,5.872082908498643,11,272.0,0.05479443245566046,0,0.0,1.0,54,10273.0,0.10922190366110808,1,10.0,0.4817421147758603,2,23.0,0.48069515706384836,0,0.0,0.9320318923627801,3,54.0,0.3717515646521206,3,64.0,0.40837698333598876,3,47.0,0.585150722601785,77,10743.0
1020.0,83,10358.0,51.53233830845771,6.147781368994773,11,276.0,0.22384102611497084,0,0.0,1.0,54,10533.0,0.1341397097374127,3,21.0,0.38033492071424363,1,15.0,0.8045143048583833,0,0.0,0.99999029711679,2,100.0,0.5153134820614218,5,82.0,0.14928520947804066,6,54.0,0.4012486021408726,82,11081.0
1025.0,76,10560.0,52.53731343283582,5.736375985033327,12,326.0,0.27694106989753237,0,0.0,1.0,54,10803.0,0.11892068556852264,1,14.0,0.5336219899026667,1,1.0,0.7260764559592239,0,0.0,0.985773313518437,1,84.0,0.5415399490705,4,47.0,0.2557965557060469,3,42.0,0.3475060434395647,76,11317.0
1030.0,82,10900.0,53.69458128078818,5.955080011310917,13,382.0,0.18765060593644675,0,0.0,1.0,55,11076.0,0.0909908147740153,1,4.0,0.6554235920572545,3,13.0,0.477510291226651,0,0.0,0.9345065758680802,3,90.0,0.5128611090196162,1,12.0,0.5370273276542635,6,45.0,0.27689660546706335,82,11622.0
1035.0,83,11223.0,54.480582524271846,5.522425463455807,14,394.0,0.10240913112234142,0,0.0,1.0,55,11351.0,0.07915551042692949,1,9.0,0.7444390923909708,0,4.0,0.4586770872605417,0,0.0,1.0,4,115.0,0.3653204307396783,1,16.0,0.7679880058178207,5,50.0,0.3716036500218639,80,11939.0
1040.0,87,11489.0,54.70952380952381,6.170418550255099,13,347.0,0.14799187637724387,0,0.0,0.5856714801997864,55,11626.0,0.040104817764051795,1,25.0,0.722914107812594,0,4.0,0.810599146590909,0,0.0,0.9637784282338224,5,158.0,0.4375692816928465,2,25.0,0.6619687339592046,5,65.0,0.32684027862477966,81,12250.0
1045.0,94,11817.0,56.00473933649289,5.907399928351034,11,308.0,0.13741340680278924,0,0.0,0.9523260312504616,57,11908.0,6.675932706530248e-05,1,30.0,0.7321225138346273,0,4.0,0.8685399512718942,0,0.0,0.9501976958042946,7,97.0,0.4025382874207514,1,30.0,0.6180310647574021,6,99.0,0.3794993247413487,83,12476.0
1050.0,87,12080.0,56.44859813084112,5.410892233829894,7,334.0,0.23532178326296574,0,0.0,0.9179076222118434,57,12193.0,0.011665261808766609,1,50.0,0.7045692471440363,0,0.0,0.8085851995832246,0,0.0,0.9276119247603429,5,74.0,0.30743641624533585,3,42.0,0.4446040762139158,7,130.0,0.38824074026468913,80,12823.0
1055.0,89,12362.0,56.706422018348626,5.567445072965,11,380.0,0.24796609480444873,0,0.0,0.9020248871207353,57,12478.0,0.017057686425223737,1,62.0,0.7832154454215624,0,0.0,0.8825148228329561,0,0.0,0.6890248147715823,3,59.0,0.33296672212080375,5,65.0,0.20336707857504577,3,136.0,0.5363954352970165,80,13180.0
1060.0,94,12753.0,59.041666666666664,5.646948525879711,14,440.0,0.11987591213018596,0,2.0,0.9410703216461694,57,12764.0,0.04530081193884484,2,61.0,0.742884018210252,0,0.0,0.7530564213500062,0,0.0,0.9708926811281487,5,102.0,0.27297289635545563,6,61.0,0.3570000741075564,4,144.0,0.5312080697773738,88,13574.0
1065.0,97,13105.0,60.39170506912443,5.299995521229513,14,434.0,0.0797124351470595,0,2.0,0.9479772313162966,57,13049.0,0.06072617426219845,2,52.0,0.5115685725219931,0,4.0,0.8319481907127804,0,0.0,1.0,5,104.0,0.16891532692186043,5,81.0,0.4452770592641322,7,174.0,0.38716489591711356,90,13900.0
1070.0,95,12250.0,55.68181818181818,5.62442515752687,13,445.0,0.11543503955270545,0,2.0,0.8045916361906762,54,12069.0,0.07120946005767581,4,31.0,0.50133425758839,0,0.0,0.8498171277872355,0,0.0,1.0,3,72.0,0.5067261752395184,7,115.0,0.3932607447298452,8,204.0,0.3309369701295925,89,12938.0
1075.0,83,7275.0,32.62331838565022,5.9236960062899815,14,504.0,0.11716373370206463,0,2.0,0.9413091323001337,42,10641.0,0.1343855118401995,4,33.0,0.48398126321175616,0,4.0,0.9036319668456576,0,0.0,0.9429389265437129,4,61.0,0.4392041385777054,5,93.0,0.32620917411781186,9,245.0,0.14240726071737952,78,11583.0
1080.0,71,4026.0,17.8141592920354,6.23618568480242,13,507.0,0.15552281459762934,0,2.0,0.9325307038148191,30,8276.0,0.22239531600300028,7,64.0,0.22586872408027317,0,5.0,0.8396173883525673,0,0.0,0.9904665036803815,3,58.0,0.4841966885452241,2,51.0,0.3168407815306639,10,253.0,0.08237727235878738,65,9216.0
1085.0,49,1552.0,6.959641255605381,6.778950023593352,9,498.0,0.13805554720041277,0,2.0,0.633435639760452,18,8026.0,0.23327569062373915,8,54.0,0.18377488380312332,0,13.0,0.7780733696506508,0,0.0,0.9677119062464197,3,55.0,0.5144325157233796,2,23.0,0.5694398406676385,3,217.0,0.4314348204407827,43,8888.0
1090.0,34,471.0,2.1026785714285716,7.262214725874897,9,362.0,0.25974034286658304,0,0.0,0.9406988420054283,10,7793.0,0.2266169098182621,1,16.0,0.6979384922659015,1,23.0,0.6264909559298495,0,0.0,0.9935707865338119,2,46.0,0.26638918481918955,2,16.0,0.6131253645224857,3,162.0,0.34968457804192093,28,8418.0
1095.0,37,304.0,1.3693693693693694,7.8567938442867105,5,335.0,0.324590185898883,0,0.0,0.6959147077716172,17,7854.0,0.23552459454630734,1,10.0,0.6625026625458562,1,18.0,0.8295374278903032,0,0.0,1.0,3,29.0,0.42029299254680824,3,30.0,0.6292041017814278,5,99.0,0.3465912236040123,35,8375.0
1100.0,46,346.0,1.5446428571428572,7.291076499730941,5,320.0,0.2716340824276322,1,3.0,0.0006500866204194625,26,7972.0,0.1722951043151697,1,15.0,0.0,1,18.0,0.616956108122382,0,1.0,0.9818417133627616,2,19.0,0.4201428521039802,4,47.0,0.48745648190990526,3,71.0,0.5307631287167498,43,8466.0
1105.0,69,610.0,2.7354260089686098,6.499586704619535,10,358.0,0.1918579929195581,0,0.0,0.8425670984176107,37,8140.0,0.1848110127310513,1,20.0,0.5689344048529452,5,32.0,0.3365365514998666,0,1.0,0.9895649526446819,3,28.0,0.3496145049131894,4,44.0,0.31131918563794964,5,79.0,0.4883065571419816,65,8702.0
1110.0,80,844.0,3.819004524886878,6.270116018100363,12,393.0,0.1414436104287968,0,0.0,0.965934970698628,46,8356.0,0.16081719239609543,0,0.0,0.8337267125154885,8,66.0,0.08632358234658231,0,0.0,0.9769625382878175,3,18.0,0.40868707485263095,6,72.0,0.13290788250221838,2,50.0,0.5563050799894084,77,8955.0
1115.0,82,1092.0,4.986301369863014,6.0380365649934635,13,446.0,0.17242142155686702,0,4.0,0.956972338171746,44,7509.0,0.1976690220928596,0,4.0,0.7951227097975063,6,64.0,0.1428693935040489,0,0.0,1.0,2,16.0,0.5508867360341954,11,117.0,0.07635823616408617,2,22.0,0.5252545704596584,78,8182.0
1120.0,62,873.0,4.06046511627907,6.4864258440675275,13,515.0,0.19636040779286962,0,8.0,0.9423357476991044,30,6408.0,0.24116860953725056,4,15.0,0.5459555187147437,0,45.0,0.28159168072428503,0,0.0,1.0,3,32.0,0.5690899745879076,7,96.0,0.37016375776191607,3,21.0,0.3956101775329783,60,7140.0
1125.0,41,616.0,2.9473684210526314,7.28679929407257,12,485.0,0.1144209046490497,0,8.0,0.9336283980325847,21,4865.0,0.2804306254509964,1,14.0,0.5798535937227719,0,24.0,0.6117408431919927,0,0.0,1.0,3,30.0,0.5377222216429953,1,55.0,0.6090189986177733,1,7.0,0.6589520466188166,39,5488.0
1130.0,32,333.0,1.608695652173913,7.805163418058438,10,465.0,0.16069256159044135,0,8.0,0.725732319687047,10,3809.0,0.34185753658422713,1,17.0,0.6401748361107582,1,22.0,0.7213755237549455,0,0.0,1.0,3,30.0,0.4954243931829104,1,21.0,0.7111764893412986,1,5.0,0.4571057683816947,27,4377.0
1135.0,29,238.0,1.1782178217821782,7.5957430215583726,7,307.0,0.2579094653323406,0,8.0,0.6454794977848856,4,3505.0,0.3635756281365862,2,19.0,0.49893821244445646,1,26.0,0.84119421650764,0,5.0,0.9310750590780876,5,52.0,0.11993519024861052,4,22.0,0.478957933617144,3,14.0,0.23662126266681605,26,3958.0
1140.0,32,273.0,1.338235294117647,7.331655276667568,6,246.0,0.34402811264008704,1,5.0,0.691980842527419,12,3440.0,0.25328793899210456,2,11.0,0.4963240600351287,1,32.0,0.5912500016304046,0,5.0,0.9744435295169052,2,46.0,0.3908237162716487,5,44.0,0.4939642855202985,0,4.0,0.9476960991470849,29,3833.0
1145.0,43,377.0,1.8300970873786409,6.955628529405954,5,241.0,0.36800629776721616,1,14.0,0.3994597830702268,22,3531.0,0.09839949938828461,2,14.0,0.6363930439441488,1,13.0,0.4594201479505479,0,0.0,0.9498417493754169,1,16.0,0.6276575904461328,7,76.0,0.14200953441607986,0,4.0,0.9431250115487064,39,3909.0
1150.0,57,469.0,2.2548076923076925,6.405389892073196,9,276.0,0.1896917646972378,1,7.0,0.6263413335140335,31,3673.0,0.02828756874432183,3,32.0,0.3779743317081519,0,6.0,0.6499545461651912,0,0.0,0.9665296909631574,2,24.0,0.5835785304253374,6,42.0,0.274279329615785,0,4.0,0.9393389336097201,52,4064.0
1155.0,59,621.0,3.0,6.8477236607193905,12,330.0,0.006047449660598559,0,4.0,0.8703502861942005,31,3196.0,0.08125334282274756,2,18.0,0.48608121660619624,0,16.0,0.7463189128088734,0,10.0,0.8851430025398193,4,26.0,0.07285724202666577,3,36.0,0.43108440760150296,0,8.0,0.9249944957820704,52,3644.0
1160.0,38,450.0,2.227722772277228,7.631002015790329,12,303.0,0.00017994333564152768,0,4.0,0.9013140176630854,16,2697.0,0.23978683184510766,0,8.0,0.8864899688146076,0,11.0,0.6098271772888967,0,10.0,0.9195322374143908,5,41.0,0.3532426950958333,2,41.0,0.4607123332214074,0,6.0,0.9454635636186033,35,3121.0
1165.0,21,244.0,1.22,8.701865460292051,9,321.0,0.20899496086302885,0,4.0,0.8110271231503198,2,1441.0,0.460468165398729,0,4.0,0.9389552706438253,0,11.0,0.7505839525660922,0,7.0,0.8836112285688008,5,63.0,0.3923211665469535,2,3.0,0.24069479838447985,0,2.0,0.8859951436077184,18,1856.0
1170.0,28,285.0,1.4039408866995073,8.31528244846412,10,357.0,0.2320830737657351,0,4.0,0.89667369869894,3,1448.0,0.4764994611163036,0,0.0,0.9072736759460258,1,18.0,0.7191132289480092,0,7.0,0.9929453335099379,2,44.0,0.6414026554500152,2,17.0,0.3934890504471347,1,1.0,0.624573786850087,19,1896.0
1175.0,44,383.0,1.9054726368159205,7.80240473856544,9,340.0,0.25209561683922155,0,4.0,0.8928250494257839,12,1488.0,0.30883101053475104,0,2.0,0.6300382869750609,1,14.0,0.37806212276494483,0,0.0,0.9547547381020991,0,3.0,0.7494791800839923,2,23.0,0.6325785110316683,2,14.0,0.6577114666123857,26,1888.0
1180.0,41,407.0,2.076530612244898,7.715067198012453,5,321.0,0.35847951721829063,0,0.0,0.5565693383415509,19,1570.0,0.24198442437537793,1,14.0,0.5976504042602533,2,18.0,0.4363684335877024,0,1.0,0.9786561533377353,0,6.0,0.7252156642386366,1,16.0,0.6229122870712462,2,24.0,0.5038475866251674,30,1970.0
1185.0,48,507.0,2.640625,7.014893591931217,5,191.0,0.3482472754927311,1,2.0,0.4902856369331296,22,1677.0,0.17556374388940296,1,19.0,0.7323441419253678,1,18.0,0.47190140213898424,0,0.0,1.0,1,75.0,0.4404893813944486,3,26.0,0.5339189167691167,0,0.0,0.4397511168889907,34,2008.0
1190.0,53,710.0,3.7566137566137567,6.6882432634459175,5,208.0,0.3347626938519054,1,7.0,0.49984718444557064,21,1781.0,0.13562676992727635,2,26.0,0.7244171265171957,0,9.0,0.4916517174818234,0,0.0,1.0,3,88.0,0.36016654716773816,3,47.0,0.5216118965005583,1,8.0,0.6316276810108937,36,2174.0
1195.0,60,694.0,3.6335078534031413,6.299216285543945,8,235.0,0.27640788202478345,1,1.0,0.19548718528352937,26,1907.0,0.10538602149186918,4,25.0,0.42713482483421983,4,23.0,0.38319467972048893,0,0.0,1.0,5,105.0,0.3122958137127915,2,22.0,0.6188861722546625,1,13.0,0.6387609374980671,51,2331.0
1200.0,54,807.0,4.225130890052356,6.572442087018536,11,283.0,0.18857587255041114,1,6.0,0.4880011805206164,26,2037.0,0.1736436029525664,6,42.0,0.3522453686398587,5,52.0,0.32732762784741654,0,7.0,0.9999890478419362,3,96.0,0.3079381317480808,1,22.0,0.49303718395677204,0,6.0,0.8687388729478446,53,2551.0
1205.0,59,981.0,5.109375,6.501486878024749,13,282.0,0.15586414921842023,1,11.0,0.49211112231570786,26,2167.0,0.20164205504340657,8,79.0,0.32638894750416975,5,70.0,0.3799085160322503,0,66.0,0.7735784128777192,2,97.0,0.44100294709885707,2,28.0,0.4058322934925308,1,9.0,0.6865406504196092,58,2809.0
1210.0,55,1071.0,5.520618556701031,6.78235974747944,10,325.0,0.28053274477195933,0,0.0,0.8064487581837009,26,2305.0,0.2234746995547997,5,52.0,0.2961064815430311,2,72.0,0.559449456373351,0,21.0,0.942588391917623,3,84.0,0.5865381429119183,3,19.0,0.36727485502082274,2,15.0,0.6816893882301883,51,2893.0
1215.0,48,1218.0,6.1206030150753765,7.940079716649965,11,366.0,0.11539454730717838,0,0.0,0.4659553016019322,26,2431.0,0.19895279082185108,0,14.0,0.6991394978636384,1,31.0,0.5864889537929464,0,27.0,0.7233919726156142,1,20.0,0.631748662334991,3,38.0,0.5732343944311308,0,0.0,0.7507435343869197,42,2927.0
1220.0,53,1414.0,7.141414141414141,7.441016015064751,12,360.0,0.02489687888837426,1,5.0,0.46941099855542073,26,2553.0,0.16232571744607052,0,4.0,0.9084409180182474,1,31.0,0.47937408759811667,0,0.0,0.97535865998303,0,10.0,0.5943476794125011,4,59.0,0.5695713783096483,2,3.0,0.3494666340247268,46,3025.0
1225.0,58,1503.0,7.552763819095477,6.913866357438173,8,345.0,0.1758088798807133,0,0.0,0.9530216464269085,28,2688.0,0.09630935898779698,1,5.0,0.5823263457156078,5,50.0,0.19205609014673355,0,33.0,0.666132503079517,2,6.0,0.4684160961408417,4,59.0,0.4940508677980913,5,22.0,0.2573862829190992,53,3208.0
1230.0,58,1646.0,8.484536082474227,7.024640117036717,3,198.0,0.39283048509130825,0,0.0,0.984847228812874,29,2832.0,0.07507040849392124,5,26.0,0.37578774823928607,9,88.0,0.1480468088609144,0,4.0,0.8178065553114398,0,9.0,0.6471630795974801,2,52.0,0.5223619901237813,2,18.0,0.41086573878821353,50,3227.0
1235.0,61,1810.0,9.378238341968911,6.548135985503364,1,161.0,0.6165762530722232,0,0.0,0.9717803664749488,29,2974.0,0.08788996917548664,8,65.0,0.21897421861511654,6,80.0,0.30654224381466955,0,9.0,0.7645947137529792,0,13.0,0.863128630667056,5,65.0,0.3247323134770911,2,4.0,0.34895522477838753,51,3371.0
1240.0,60,1947.0,10.088082901554404,6.747547270255876,4,172.0,0.43776306930853137,0,0.0,0.47198627424078665,30,3120.0,0.02926682714008617,10,111.0,0.13927317383367388,2,79.0,0.4766262956203924,0,27.0,0.9380326441169045,1,25.0,0.6255427298696355,4,35.0,0.36715171203363356,2,14.0,0.46899933979188335,53,3583.0
1245.0,57,2021.0,10.581151832460733,6.547926588649421,8,205.0,0.2209276176106206,1,5.0,5.316526824205618e-05,29,3260.0,0.04927892351479755,6,86.0,0.49067365246981826,1,39.0,0.48532712013181617,0,27.0,0.9802704449783195,0,15.0,0.613622273084569,2,25.0,0.597838794738611,1,1.0,0.4926496047704448,48,3663.0
1250.0,55,2182.0,11.305699481865284,6.846183500940579,12,250.0,0.27110928594632777,1,10.0,0.0,30,3408.0,0.05427482552759188,1,41.0,0.636091902511061,1,50.0,0.5317339186422186,0,0.0,0.9634976650744086,1,9.0,0.47978648107800165,2,19.0,0.4910925438594936,1,6.0,0.3665127984790619,49,3793.0
1255.0,67,2435.0,12.360406091370558,6.825141663221122,12,305.0,0.21992655682598894,0,0.0,0.946533460006796,31,3567.0,0.07749757534959469,3,18.0,0.4912469628216224,4,64.0,0.4770153038185641,0,34.0,0.9952953640929986,2,43.0,0.4744930522967656,3,25.0,0.23123694376133486,1,13.0,0.6598377517110283,56,4069.0
1260.0,78,2709.0,13.681818181818182,6.395911823240709,15,373.0,0.17102755331607689,0,0.0,0.9227571566941792,31,3722.0,0.10013781366569169,6,25.0,0.2707440491006265,7,89.0,0.378812414956105,0,34.0,0.9296714858792887,1,64.0,0.48289284882297484,3,39.0,0.41831321842734553,0,24.0,0.9000438615157919,63,4370.0
1265.0,66,2816.0,14.222222222222221,6.061846587281158,15,389.0,0.2096795213698822,0,0.0,0.9720337297465194,31,3873.0,0.13274158963257696,4,40.0,0.2491099390340823,8,100.0,0.27543458008500626,0,3.0,0.9086978726744875,2,78.0,0.3318361892313294,3,50.0,0.38274292760541245,0,32.0,0.8199525273312172,63,4565.0
1270.0,61,2891.0,14.527638190954773,6.465853649375863,12,396.0,0.2511038066125183,0,0.0,0.9674463054252439,31,4028.0,0.16776888995587205,6,171.0,0.4503878514718204,3,99.0,0.20674459249247992,0,5.0,0.9757599797590247,3,103.0,0.4709632971909366,3,38.0,0.4299375119837263,1,31.0,0.7206785187136694,59,4871.0
1275.0,50,2934.0,14.67,6.437189047618078,11,305.0,0.24835449346492666,0,0.0,0.9232912633451044,31,4183.0,0.1846701201963145,2,125.0,0.6576324776775728,0,59.0,0.21491518724520378,0,0.0,0.9444546500140886,1,109.0,0.5379089598254723,2,29.0,0.49435530248723275,1,31.0,0.4794961798019314,48,4841.0
1280.0,51,3039.0,15.195,7.230330769623108,8,313.0,0.2881736152948523,0,0.0,0.9751962611243861,33,4346.0,0.14165099993241861,0,137.0,0.6973635871228507,1,68.0,0.4249552498883127,0,4.0,0.8810480715659071,2,118.0,0.40772656102444094,2,42.0,0.6645059915716957,3,36.0,0.39538438281224214,49,5064.0
1285.0,57,3180.0,15.82089552238806,7.392504787464892,8,329.0,0.21249552341691322,0,0.0,0.9328668484268061,34,4516.0,0.13745795609306435,0,94.0,0.7261035803248114,4,83.0,0.45336933996524026,0,3.0,0.9503970695377353,5,104.0,0.3843007163303571,1,5.0,0.6922643104028817,4,54.0,0.2524578484362404,56,5188.0
1290.0,61,3416.0,16.82758620689655,6.82771475884534,10,322.0,0.20047276638466371,0,0.0,0.9402340538093635,34,4681.0,0.15094773742496292,2,67.0,0.4309649671880539,7,108.0,0.32599354115101054,0,3.0,0.9447418756533928,2,21.0,0.41422556145268963,0,4.0,0.6786961067717637,3,39.0,0.467371911247994,58,5245.0
1295.0,63,3614.0,17.54368932038835,6.739795516172683,12,354.0,0.11817355286498825,0,0.0,0.9426606034581089,34,4847.0,0.13964793183481433,2,57.0,0.5716523402167331,8,129.0,0.4139626805747109,0,3.0,0.9856050538695844,2,21.0,0.4282102347715863,1,1.0,0.19597211646061305,0,9.0,0.7146334220498479,59,5421.0
1300.0,66,3815.0,18.609756097560975,6.3153500374709015,16,403.0,0.049401724703405495,0,0.0,0.8619656183321102,34,5017.0,0.141292293401917,4,60.0,0.38654656186372327,4,132.0,0.40675675940593087,0,3.0,0.8335342927295298,4,32.0,0.3708409654738049,0,4.0,0.6549643079503314,1,4.0,0.7123602252276651,63,5655.0
1305.0,67,4079.0,19.800970873786408,6.090265764662281,17,489.0,0.057791084115518344,0,0.0,0.5257384553486297,36,5195.0,0.12540605097338192,5,91.0,0.42984630761604037,2,83.0,0.3730131587558531,0,0.0,0.9740451681531996,4,30.0,0.24034847104438642,0,4.0,0.8555480954488793,1,10.0,0.6874234098031007,65,5902.0
1310.0,75,4366.0,21.091787439613526,6.180755727465528,16,490.0,0.10144599465894238,1,4.0,0.46927394902924424,36,5375.0,0.1331456663201664,9,126.0,0.3600285227704235,2,82.0,0.33914522151503207,0,0.0,0.9290880514760039,2,29.0,0.2897126127287169,0,4.0,0.8587203776304059,4,28.0,0.3645714362751012,70,6138.0
1315.0,77,4575.0,21.995192307692307,6.025996184882931,11,442.0,0.18144580886851153,1,9.0,0.44603419075096545,36,5551.0,0.13062220749838377,9,145.0,0.34779946166848413,5,89.0,0.30531839577681247,0,0.0,1.0,3,29.0,0.38227068856421437,1,7.0,0.5106324183285502,6,53.0,0.3072218510362538,72,6325.0
1320.0,80,4705.0,22.51196172248804,5.546846037289434,12,396.0,0.11424618891712064,0,0.0,0.7076985805448366,37,5733.0,0.11284131988935361,6,149.0,0.4244103272084238,7,120.0,0.20993925285031192,0,0.0,0.7440888964812046,2,6.0,0.4419770732874438,2,15.0,0.3399252586834495,5,56.0,0.17258616689698575,71,6475.0
1325.0,69,4823.0,22.85781990521327,6.012550978878411,9,411.0,0.1971382459531601,0,0.0,0.9491530957094128,37,5918.0,0.12783231423758987,2,129.0,0.26926924568502936,8,125.0,0.2564695451032621,0,0.0,0.9253502257949402,0,3.0,0.5972514100504014,3,30.0,0.4872709649406726,1,11.0,0.4456151761450753,60,6627.0
1330.0,63,4925.0,23.452380952380953,6.534913549834459,5,407.0,0.28160843485957715,0,0.0,0.7399450657086883,38,6112.0,0.12477037414854894,1,113.0,0.29453703031959205,3,118.0,0.3334535291281186,0,0.0,0.9702782443232709,1,17.0,0.5961646065114689,1,10.0,0.5863901299942712,1,11.0,0.7106666460171912,50,6788.0
1335.0,68,5134.0,24.447619047619046,6.737522827578037,9,395.0,0.20805645470938305,0,0.0,1.0,39,6306.0,0.10749445970195412,1,83.0,0.5436583140706744,2,62.0,0.37960600775958375,0,0.0,0.9258090580960425,0,4.0,0.6567666263118822,2,22.0,0.61847185141675,2,3.0,0.4532132386460293,55,6875.0
1340.0,74,5363.0,25.178403755868544,6.315865902921036,11,439.0,0.13506798417002924,0,0.0,0.9473501019223445,39,6501.0,0.11049838182644307,2,55.0,0.6046048390868101,2,62.0,0.3934536449092872,0,0.0,0.8987732354270004,4,105.0,0.34355816436944453,3,29.0,0.412763155248776,4,23.0,0.06447092477346505,65,7214.0
1345.0,77,5585.0,26.46919431279621,6.233404907528386,15,502.0,0.05158499357661583,0,0.0,0.9414227272282191,39,6696.0,0.10726524858985055,2,37.0,0.5148663757356449,3,63.0,0.3220466329886982,0,0.0,1.0,5,150.0,0.3208936802213157,3,24.0,0.4698854154390861,5,46.0,0.08537565835821535,72,7518.0
1350.0,87,5852.0,28.0,5.81492432695813,19,588.0,0.10327362806661473,0,0.0,1.0,39,6891.0,0.09734349026690707,7,53.0,0.35427840156483664,4,83.0,0.11280801656201722,0,0.0,1.0,4,104.0,0.35695788210462553,6,47.0,0.3833671485598703,4,44.0,0.39503287185565633,83,7810.0
1355.0,86,6124.0,30.019607843137255,5.4863910110983465,18,604.0,0.09180813071916108,0,4.0,0.9506541823828845,41,7088.0,0.05596335903463585,11,100.0,0.1293983539140294,4,70.0,1.016150611055525e-05,0,1.0,0.993591514149471,2,63.0,0.5177202464511401,5,76.0,0.35408681288786825,0,19.0,0.8085264787593393,81,8025.0
1360.0,82,6259.0,30.383495145631066,5.348024373484122,16,614.0,0.10375747684707007,0,4.0,0.9748330097539037,42,7296.0,0.06348328216855617,9,102.0,0.28750806792386546,0,51.0,0.4971557767324729,0,0.0,1.0,3,88.0,0.35058189072329676,5,56.0,0.4299350533314674,1,2.0,0.72841184689592,76,8213.0
1365.0,77,6433.0,31.846534653465348,5.885706023476015,13,500.0,0.09843693046686425,0,4.0,0.9834262498429875,42,7506.0,0.06060552816263222,3,82.0,0.5214981073175271,0,8.0,0.7653366728399856,0,4.0,0.7536852786518611,5,67.0,0.3176729197159461,6,87.0,0.38328383434285157,1,6.0,0.7596812634515451,70,8264.0
1370.0,74,6617.0,32.27804878048781,6.355100394164168,7,466.0,0.28909186035869666,0,4.0,0.9791289285680898,42,7716.0,0.06313346137541634,3,49.0,0.5180999611701577,0,4.0,0.9675384882844157,0,2.0,0.8792542578207909,3,75.0,0.3864361998329956,6,114.0,0.3665797009506442,1,20.0,0.6432192921182475,62,8450.0
1375.0,75,6808.0,33.372549019607845,6.242539165581993,3,455.0,0.26339762532454836,0,4.0,0.6386730424982049,42,7930.0,0.1000811221730866,2,20.0,0.43217968701332077,0,0.0,0.9377467963894155,0,0.0,0.9217810539211719,4,33.0,0.38690500224396807,8,91.0,0.2945649401006098,2,34.0,0.5343328204411656,61,8567.0
1380.0,76,7007.0,34.34803921568628,5.502703853803676,9,502.0,0.17344473608370467,0,4.0,0.9130724516040131,42,8140.0,0.1437126009218548,6,29.0,0.3146425656245659,0,4.0,0.4474255927012529,0,0.0,1.0,2,15.0,0.21820410235035276,3,62.0,0.22377126943097117,1,21.0,0.5488244496865576,63,8777.0
1385.0,81,7270.0,34.78468899521531,5.431039245480356,10,542.0,0.20433326578695077,0,4.0,0.04052510972445225,43,8351.0,0.1593243324854921,8,73.0,0.2915347805403742,0,4.0,0.683394914008181,0,0.0,1.0,2,15.0,0.1739296157861499,4,56.0,0.40185898234809264,2,15.0,0.5705849991547239,69,9060.0
1390.0,81,7556.0,35.81042654028436,5.623967367852132,12,619.0,0.1543896384745405,1,8.0,0.6314659200325824,43,8574.0,0.16602713210569656,7,66.0,0.22126936320193846,0,4.0,0.6875455414338235,0,0.0,1.0,3,30.0,0.24097342078547596,2,31.0,0.5082101447644215,3,27.0,0.5529093758125461,71,9359.0
1395.0,81,7817.0,36.69953051643193,6.213565639297479,15,666.0,0.16352291885836137,0,0.0,0.9556417578885273,44,8788.0,0.15859456236739317,2,45.0,0.34952272137449547,1,8.0,0.7512148324370098,0,0.0,1.0,2,16.0,0.24839980355095934,4,46.0,0.44969309542355707,1,37.0,0.4838847283703558,69,9606.0
1400.0,82,8123.0,38.497630331753555,6.571166571706868,18,671.0,0.08030337123993418,0,0.0,0.8956001602636795,44,9016.0,0.18803893125788285,2,24.0,0.5491679137760271,0,7.0,0.8217818375892944,0,31.0,0.9432823750174226,1,28.0,0.5811841592597832,6,74.0,0.35406058557013104,2,43.0,0.5559868133518399,73,9894.0
1405.0,87,8360.0,39.80952380952381,6.1699410697299255,17,684.0,0.07306096623022491,0,0.0,0.9754328427676834,46,9234.0,0.12273565025327195,2,10.0,0.4789694963642577,1,5.0,0.373092986119157,0,0.0,1.0,1,33.0,0.38009249843016546,7,82.0,0.33447983520639357,3,68.0,0.4487412992504161,77,10116.0
1410.0,85,8571.0,40.62085308056872,5.677458655272619,12,577.0,0.12093793218920072,0,0.0,0.9330253682253123,48,9460.0,0.08725399811915642,2,18.0,0.3209848358961863,4,30.0,0.271961578704752,0,0.0,1.0,0,26.0,0.7704944374049719,4,77.0,0.3867415176055735,3,67.0,0.5197068989242138,73,10255.0
1415.0,85,8788.0,41.649289099526065,5.7574184547967295,8,599.0,0.2756287542697133,0,4.0,0.9292250026850574,47,9695.0,0.08120847132819772,5,40.0,0.18237899850436992,3,30.0,0.4765744134379517,0,0.0,0.6196567860934198,1,89.0,0.7382492751969014,6,85.0,0.2961554365701048,1,26.0,0.6676742784610756,71,10568.0
1420.0,81,8761.0,40.9392523364486,6.168518472325879,7,621.0,0.2743593492027436,1,9.0,0.6813932805801841,48,9939.0,0.12592999540082034,3,43.0,0.3560822237461016,0,18.0,0.7238116226195404,0,0.0,0.9657495727232426,1,86.0,0.5692194423278949,5,62.0,0.3467573772657224,2,20.0,0.5107408574743207,67,10798.0
1425.0,81,8962.0,41.49074074074074,5.709677794302252,11,671.0,0.20034300269409053,2,13.0,0.6425096437520563,48,10183.0,0.13694298604163083,0,22.0,0.74005957815083,2,13.0,0.5462697204923945,0,0.0,0.9719920143427271,1,56.0,0.3874983130397659,2,34.0,0.42834320203965937,0,4.0,0.8122461108266911,66,10996.0
1430.0,85,9218.0,42.28440366972477,5.772596426382024,14,713.0,0.12907438629696227,0,4.0,0.9339125658398859,48,10419.0,0.13952433579100987,0,9.0,0.8823388321247798,2,20.0,0.5004580425801566,0,0.0,1.0,5,43.0,0.2855257835404824,3,31.0,0.5138980252375837,2,19.0,0.5949663179046832,74,11258.0
1435.0,89,9513.0,43.43835616438356,5.908843951171111,15,751.0,0.14314898080481003,0,4.0,0.960292832659501,49,10665.0,0.15691306318063136,0,0.0,0.9556890565747707,3,20.0,0.5530529971024069,0,0.0,1.0,6,127.0,0.30612328257021487,0,7.0,0.7323428053573201,4,32.0,0.35131173323593934,77,11606.0
1440.0,87,9852.0,44.986301369863014,6.000978347627664,17,804.0,0.08804564585741591,0,4.0,0.93003893267093,50,10913.0,0.1303986288624578,0,0.0,0.9428156255670272,4,39.0,0.5386083848409229,0,0.0,1.0,4,171.0,0.3009197637456741,1,12.0,0.6176586909619172,3,31.0,0.3820227286667459,79,11974.0
1445.0,85,10075.0,45.79545454545455,5.833115945401073,18,808.0,0.05011861156922394,2,11.0,0.5867347568938434,52,11162.0,0.08864416145215462,0,4.0,0.9499662061824741,4,57.0,0.4564213079542129,0,86.0,0.9346708392087782,0,157.0,0.6292611094067375,3,24.0,0.21649904142013052,1,26.0,0.6068942504509907,80,12335.0
1450.0,82,10275.0,46.917808219178085,6.1327414434330105,13,795.0,0.14712217980256553,3,32.0,0.6434414288945571,54,11426.0,0.05119128151370786,0,8.0,0.8356397520774307,3,63.0,0.4128007640269718,0,0.0,0.9603522838096104,2,154.0,0.4202666053603455,4,44.0,0.27630662838529746,1,14.0,0.784293125010794,80,12536.0
1455.0,84,10517.0,48.91627906976744,5.727207981327487,10,601.0,0.15800298829686527,4,49.0,0.6033328524089416,56,11696.0,0.03354477125060915,0,8.0,0.8907963372351506,2,48.0,0.24903312213173495,0,0.0,0.6796035386215369,4,104.0,0.2085552781626821,4,64.0,0.2938532889835433,0,0.0,0.40724439748048985,80,12570.0
1460.0,83,10752.0,49.321100917431195,5.70179436601839,7,615.0,0.17748364305361136,2,28.0,0.6151442895353321,57,11976.0,0.01660816049965908,0,4.0,0.8874233222244821,0,30.0,0.3036496843254335,0,0.0,0.9924828119323512,5,131.0,0.3503889036744052,4,88.0,0.46252304798837357,2,15.0,0.5572293149346521,77,12887.0
1465.0,86,11049.0,50.68348623853211,5.674434775691117,6,665.0,0.19953746883993073,0,16.0,0.8949959340083282,57,12269.0,0.03150798893677216,1,12.0,0.7969283763326741,3,41.0,0.1506804570230715,0,0.0,0.9918262141947832,5,158.0,0.39802766520350635,3,54.0,0.36732098600891905,2,27.0,0.5634710878180857,77,13242.0
1470.0,92,11401.0,51.35585585585586,5.610543945243878,11,695.0,0.14457014354433484,0,4.0,0.8372511303436609,57,12550.0,0.04308489583781807,1,17.0,0.7693607424862918,6,66.0,0.1212364082188359,0,0.0,0.49841292484176875,4,78.0,0.41814382429060615,0,6.0,0.6231958678520769,2,12.0,0.3708065281608275,81,13428.0
1475.0,92,11742.0,52.18666666666667,6.14529495295103,12,718.0,0.12627924393639037,2,1.0,0.4449365123617594,57,12835.0,0.07217896465059592,1,16.0,0.7155505107009397,6,86.0,0.44477313903029914,0,89.0,0.9567758373842956,1,47.0,0.3692566424910625,0,4.0,0.7772409681383876,1,7.0,0.4718926812920882,80,13803.0
1480.0,90,12079.0,52.7467248908297,6.223271909319284,13,734.0,0.09269031058655208,2,10.0,0.32180059483624185,57,13120.0,0.08408044003393941,2,26.0,0.6206973920414456,1,84.0,0.6091514573179377,0,89.0,0.9282263826694263,3,48.0,0.3544485570746748,0,4.0,0.9608477868434457,1,8.0,0.4215847382365757,79,14123.0
1485.0,100,12520.0,55.15418502202643,5.979422929213633,16,814.0,0.12072180012479712,4,28.0,0.4913049037757067,59,13410.0,0.06280501689404586,2,36.0,0.6708047061633295,2,41.0,0.637218698734464,0,0.0,0.9403489460429686,5,48.0,0.15711940655911935,0,0.0,0.9291668005817604,0,0.0,0.9061792226906732,88,14377.0
1490.0,96,12804.0,56.65486725663717,5.3071812378785586,17,794.0,0.0953710326065587,2,22.0,0.4730438159539647,60,13709.0,0.045146466719332486,1,23.0,0.8093551863772543,2,45.0,0.46577512171225244,0,0.0,0.9350130764853323,2,44.0,0.16697509923548348,1,1.0,0.6163434879456136,1,5.0,0.4394830758655816,86,14643.0
1495.0,91,12846.0,57.348214285714285,5.293536502822306,12,674.0,0.10750639936260425,1,9.0,0.6724089924760629,61,14011.0,0.01948569909022746,1,8.0,0.6381740394402277,4,55.0,0.26408311102202625,0,0.0,1.0,4,59.0,0.04431697666093903,1,6.0,0.45062160407545393,1,7.0,0.33668672970283425,85,14829.0
1500.0,100,13155.0,59.25675675675676,4.930067140756373,10,553.0,0.15648063024478284,2,17.0,0.5409656534471455,63,14321.0,0.007735593902614485,4,23.0,0.41413995585841185,10,87.0,0.19164104896897763,0,0.0,0.9334614081861529,4,41.0,0.19182994296721018,1,11.0,0.6403247510619641,0,0.0,0.7585620601620099,94,15053.0
1505.0,88,13384.0,60.288288288288285,5.539281882444706,6,589.0,0.2159586085497538,2,18.0,0.36963112588857666,63,14636.0,0.025749651297038312,2,15.0,0.6976426359059203,8,91.0,0.19874304037151969,0,5.0,0.9771185720768885,1,176.0,0.5647744763013782,1,16.0,0.7398694690750095,0,0.0,0.9346895623064757,83,15546.0
1510.0,73,13538.0,61.817351598173516,6.114113884641457,4,614.0,0.19090065451759003,1,15.0,0.5871503795553253,63,14955.0,0.04382005569623326,0,56.0,0.8003264378226874,4,64.0,0.3464447718560009,0,5.0,0.9787361481372986,1,123.0,0.5746629385436557,0,0.0,0.7754642222240772,0,0.0,0.7800434837311597,73,15832.0
1515.0,81,13895.0,63.44748858447488,6.3134192257485715,8,652.0,0.12573442163229936,1,17.0,0.33320346357120284,63,15267.0,0.08923789677806145,0,57.0,0.9483353805489078,2,47.0,0.5242709886042316,0,0.0,0.9630225660903966,3,96.0,0.45565618097130106,1,3.0,0.7497816182362395,1,3.0,0.3401538870695091,79,16142.0
1520.0,89,13220.0,59.81900452488688,5.922215115606141,13,689.0,0.015981737792155025,1,9.0,0.6459073696573918,63,14170.0,0.05067138315257374,0,15.0,0.8626818841534911,2,45.0,0.5068591908075226,0,0.0,0.876486737111672,4,33.0,0.26759143866404383,1,8.0,0.6455862594328908,2,13.0,0.48954618679289674,86,14982.0
1525.0,83,8402.0,38.54128440366973,5.917386206704571,14,752.0,0.15588440683737337,0,4.0,0.605472077665614,50,12681.0,0.0880074566262439,0,0.0,0.5917411720491503,4,48.0,0.4274440611388867,0,0.0,1.0,4,56.0,0.39639134575202023,4,20.0,0.42330233578075893,2,24.0,0.5780649412529091,78,13585.0
1530.0,69,4608.0,21.137614678899084,6.336004898828626,14,810.0,0.2506755272060196,1,7.0,0.4979817002127911,38,9530.0,0.13621823977245462,2,11.0,0.37577350846045654,6,75.0,0.285871998120373,0,0.0,1.0,3,40.0,0.5778015949130424,4,37.0,0.45149237586945257,0,5.0,0.7489436164795511,68,10515.0
1535.0,60,1936.0,8.840182648401827,6.384376076038158,13,779.0,0.1669784009865908,0,0.0,0.5373287970364675,26,9649.0,0.18235154102717063,6,31.0,0.40979592462060555,6,78.0,0.28545505167535146,0,4.0,0.9499660639334869,1,21.0,0.6141864179467258,4,61.0,0.40248150166049584,1,8.0,0.40375168202248785,57,10631.0
1540.0,48,618.0,2.8219178082191783,6.122787862525371,13,721.0,0.1924011752291741,0,0.0,0.9669207606258208,20,9469.0,0.18263454745426158,2,15.0,0.5123790986081588,2,70.0,0.368966431612792,0,0.0,0.9554320003601064,3,12.0,0.2660696994711798,2,37.0,0.41233644991271406,3,17.0,0.24243643872486784,45,10341.0
1545.0,42,313.0,1.4423963133640554,6.727670246645478,10,541.0,0.19564514997444696,0,0.0,1.0,19,9558.0,0.19354095835947252,1,8.0,0.6972048666992948,1,38.0,0.4257992007654803,0,36.0,0.8970688543518102,4,12.0,0.19009027496692107,3,48.0,0.25112784629434026,0,4.0,0.9577035794280356,38,10245.0
1550.0,52,412.0,1.889908256880734,6.839108671721792,9,576.0,0.2395537353928538,0,0.0,0.9751112632449286,27,9674.0,0.14296190397444755,1,17.0,0.7919451288174091,1,29.0,0.47740835218395744,0,78.0,0.8133817911212544,4,21.0,0.2815133194476792,4,76.0,0.2992292765457103,0,4.0,0.7256562755090554,46,10475.0
1555.0,66,599.0,2.7477064220183487,6.547897422989281,9,612.0,0.18909871405008402,0,0.0,0.9405877463819577,39,9846.0,0.07904534995091765,1,12.0,0.6372265031071677,4,40.0,0.4013559732412032,0,72.0,0.9227137321035412,5,46.0,0.28716751145663805,2,37.0,0.40759888511709474,2,11.0,0.6713429908732733,62,10676.0
1560.0,82,900.0,4.147465437788019,5.895746125633308,15,672.0,0.06907458375577297,0,0.0,0.29287866621317754,47,10054.0,0.10238298926245662,4,30.0,0.36930427793890874,4,64.0,0.31596600956188176,0,0.0,1.0,2,110.0,0.5489323984912886,1,20.0,0.4824322268042031,1,11.0,0.7559582335375113,74,10961.0
1565.0,91,1244.0,5.6289592760181,6.134313430875159,17,667.0,0.0824928196084427,0,0.0,0.8494011721736175,53,10310.0,0.12558357004235815,7,60.0,0.26827947379567635,5,91.0,0.46781436575479507,0,3.0,0.9699927277495268,0,4.0,0.6235339910383133,1,21.0,0.0,1,16.0,0.7174680027579358,84,11172.0
1570.0,85,1498.0,6.8090909090909095,5.953687159451835,16,586.0,0.0787473518494317,0,4.0,0.9356450990534942,53,10575.0,0.07807261888065399,5,46.0,0.1445414350933341,4,85.0,0.5460636533512695,0,3.0,0.9540635262600983,2,10.0,0.5385979970800914,0,4.0,0.9116369839208343,3,23.0,0.5763504322055548,83,11336.0
1575.0,77,1707.0,7.723981900452489,6.158515018566613,13,524.0,0.10500146285518955,0,4.0,0.9605734942523525,54,10847.0,0.05570906881504604,1,27.0,0.33557974893322035,2,66.0,0.47535961838570173,0,0.0,1.0,2,57.0,0.45743818961475013,0,0.0,0.9451702392176203,1,10.0,0.5466791914662044,73,11535.0
1580.0,80,2053.0,9.460829493087557,6.301429984928184,12,582.0,0.20542584500514857,0,4.0,0.9190720570626567,56,11121.0,0.032876072902378345,2,24.0,0.711238177876643,3,31.0,0.41023649764352693,0,0.0,1.0,2,56.0,0.42558734408476856,0,6.0,0.8758664043096019,2,18.0,0.6901641853254623,77,11842.0
1585.0,84,2424.0,11.018181818181818,5.991828823211526,15,657.0,0.19248396068155507,0,4.0,0.9209160482887591,56,11409.0,0.04408231292023645,2,18.0,0.6399838003889662,1,9.0,0.21122120362010288,0,7.0,0.9427880868151609,3,20.0,0.29899535420769385,1,8.0,0.7371056487210434,2,25.0,0.571568803111823,80,12157.0
1590.0,96,2834.0,13.0,5.341525483608806,18,741.0,0.132197307936162,1,6.0,0.745091917698246,56,11685.0,0.040170906140626156,2,21.0,0.5522990125578698,5,30.0,0.08813428296773908,0,7.0,0.9517648639709556,2,18.0,0.3718266171120008,2,15.0,0.7067786387495751,3,11.0,0.5072291480670255,89,12534.0
1595.0,106,3161.0,14.63425925925926,5.2334365272327545,21,733.0,0.1719486247951498,0,4.0,0.9021049541685975,56,11965.0,0.06032017339381197,8,44.0,0.24943154046569896,5,55.0,0.26371575058217434,0,0.0,1.0,1,11.0,0.5648887795282393,4,28.0,0.4089060111703876,3,19.0,0.5454247781736414,98,12859.0
1600.0,96,3301.0,14.86936936936937,5.273218964629142,15,672.0,0.1860181015357928,1,5.0,0.6985477092414399,56,12245.0,0.05817116078411128,9,81.0,0.28795396770049053,2,34.0,0.5628013337874467,0,0.0,0.9093599186100936,1,62.0,0.5215565427249041,3,25.0,0.45064361897408606,4,42.0,0.6042872593481627,91,13166.0
1605.0,88,3505.0,15.577777777777778,5.378841234566299,14,613.0,0.1398516083392094,2,12.0,0.5192085115959537,57,12533.0,0.06281982995655656,5,49.0,0.2763428056799482,0,2.0,0.7412846905439238,0,3.0,0.941669464145108,3,65.0,0.3387410862251283,1,12.0,0.4137367686744186,1,6.0,0.5069268496223622,83,13295.0
1610.0,89,3747.0,16.727678571428573,5.53499188697655,16,607.0,0.16140522964204784,1,7.0,0.41566884590174674,57,12822.0,0.037980693024400554,2,23.0,0.5343851220798643,0,12.0,0.6442790468209892,0,5.0,0.9696710997417075,2,64.0,0.32708601993694136,3,25.0,0.562786352964245,4,13.0,0.14887281268012809,85,13578.0
1615.0,91,4003.0,18.03153153153153,5.795354148462653,16,600.0,0.15141017739962095,0,0.0,0.8551434498984524,59,13111.0,0.015404594515725496,3,35.0,0.6219088326132384,0,8.0,0.921931835939491,0,0.0,1.0,3,54.0,0.48378635884584287,1,18.0,0.6193419506629475,5,35.0,0.2353041888957838,87,13861.0
1620.0,84,4178.0,18.73542600896861,5.982037507098423,13,457.0,0.18015712640702689,1,2.0,0.33621197315344903,59,13406.0,0.011647469702627892,1,13.0,0.6875481673815355,0,8.0,0.8698767892468281,0,0.0,0.917252457945442,1,68.0,0.5039191849653795,2,28.0,0.6445330008203565,2,27.0,0.6308468448389792,79,14009.0
1625.0,88,4471.0,19.959821428571427,6.079764864719566,10,495.0,0.20472221533818322,1,8.0,0.4674556906183299,59,13697.0,0.011010412204742961,4,24.0,0.30467157457132193,0,16.0,0.7006792736857802,0,0.0,0.9584028783207647,2,111.0,0.42496287602728344,4,42.0,0.38465404679057247,0,17.0,0.7985964430418492,80,14410.0
1630.0,85,4784.0,21.745454545454546,5.857193889638961,11,519.0,0.2148009194299093,0,4.0,0.7796149691328488,59,14000.0,0.05567831784710706,5,48.0,0.5258773234554562,0,12.0,0.7023172499761473,0,0.0,0.9383886176806612,2,157.0,0.5027697664957168,3,37.0,0.5142773018038533,0,9.0,0.8194224871337011,80,14786.0
1635.0,92,5147.0,22.77433628318584,5.476103671870432,15,568.0,0.07663610675747777,0,4.0,0.9758590161170723,59,14291.0,0.06790035340703,2,18.0,0.4754670674437367,1,15.0,0.6064305857988452,0,7.0,0.9462109886385679,0,106.0,0.4991226098501114,5,59.0,0.4810690160938877,2,15.0,0.5579155867482768,84,15083.0
1640.0,102,5558.0,24.8125,5.152013143831797,19,580.0,0.08716264493296189,0,4.0,0.7686523434710919,59,14586.0,0.09282729445123368,1,14.0,0.6404262425425457,2,13.0,0.3833444831877419,0,7.0,0.8997506547524297,2,26.0,0.4141565049054196,5,84.0,0.4965128715727991,6,35.0,0.3401048517399111,94,15349.0
1645.0,99,5801.0,26.13063063063063,5.242604509559397,14,598.0,0.06935743023480348,1,6.0,0.7056151786624432,60,14886.0,0.09262939022326189,1,12.0,0.6997495900472868,1,9.0,0.49928676907074293,0,0.0,1.0,5,58.0,0.3381073089990685,4,55.0,0.34971614186416655,7,68.0,0.27291217819138425,93,15692.0
1650.0,100,6173.0,27.07456140350877,5.214506589308362,14,546.0,0.09227081592297622,1,11.0,0.5277152429639748,63,15188.0,0.05594697437474888,2,26.0,0.6446897471747228,0,4.0,0.5087583408369947,0,16.0,0.9645444285004767,3,41.0,0.3067113555307867,4,34.0,0.22086607557251864,6,75.0,0.34111546330115916,93,15941.0
1655.0,100,6488.0,28.208695652173912,5.17897582060968,15,544.0,0.048519323380525024,0,0.0,0.9977696289370125,61,15493.0,0.033698303462480955,2,11.0,0.46477032716633254,1,10.0,0.6066746378543224,0,15.0,0.934492305396576,2,32.0,0.20853624307195698,4,52.0,0.343424816322822,3,23.0,0.43328173865700154,88,16180.0
1660.0,103,6745.0,29.45414847161572,5.6880554637452345,13,549.0,0.135734389254057,0,0.0,0.9598849090973205,65,15816.0,0.04162720023769241,3,23.0,0.5852677602115736,0,12.0,0.9200349818223368,0,0.0,0.963248382429748,4,46.0,0.31816560107119723,5,63.0,0.4380285198773304,3,28.0,0.46152930123902486,93,16537.0
1665.0,91,6965.0,30.68281938325991,5.635084397435158,11,434.0,0.16045684401714316,0,0.0,0.687453653485092,65,16138.0,0.0820575420666924,4,50.0,0.45315291743572533,0,8.0,0.8279541560649101,0,10.0,0.9687099654257018,1,38.0,0.43091912641303143,4,75.0,0.5142995528525844,2,17.0,0.4869225724245363,87,16770.0
1670.0,89,7219.0,32.08444444444444,5.640727095328093,8,460.0,0.15822894888852965,0,0.0,1.0,66,16459.0,0.04212652780160066,3,28.0,0.521983494050184,0,4.0,0.7377932230281358,0,3.0,0.9401852945530103,4,72.0,0.3937506536808445,5,98.0,0.4852176891455727,1,11.0,0.671726409753512,87,17135.0
1675.0,90,7616.0,34.306306306306304,5.7638979698702055,12,511.0,0.15984070305474882,0,0.0,1.0,66,16793.0,0.06809213471600448,1,15.0,0.7313245506637933,1,1.0,0.6306132285713801,0,0.0,1.0,4,91.0,0.2996863678135069,3,83.0,0.5356381361369547,1,29.0,0.7623585579449156,88,17523.0
1680.0,96,8037.0,35.879464285714285,5.380340084433347,15,573.0,0.060209705946264555,0,0.0,1.0,66,17127.0,0.07582380285995094,1,15.0,0.6976426456834733,3,17.0,0.5468724873817841,0,0.0,1.0,4,140.0,0.3227200776833825,3,91.0,0.4506871559609312,0,17.0,0.8469310996573197,92,17980.0
1685.0,93,7921.0,35.361607142857146,5.326156927805481,17,594.0,0.043658560337076074,0,0.0,1.0,63,15911.0,0.0790306680761829,3,30.0,0.5026182279658858,2,25.0,0.6428905747713343,0,1.0,0.924901818614741,1,104.0,0.30900132856005813,3,109.0,0.41281447188871084,1,13.0,0.5825971318328733,90,16787.0
1690.0,77,5890.0,26.061946902654867,6.389505269143051,15,644.0,0.17242236346795559,0,0.0,0.9824544808749057,48,14660.0,0.16038124040928714,1,13.0,0.6302874718452475,1,19.0,0.7968991715937604,0,1.0,0.9139369952176599,4,134.0,0.37619792391918666,3,61.0,0.47857743952127585,4,29.0,0.524327349453412,76,15561.0
1695.0,57,4338.0,19.110132158590307,6.679661221840151,14,615.0,0.1489644444626873,0,0.0,0.8910811905605572,36,11473.0,0.1899924776187873,1,19.0,0.5112529945597867,0,2.0,0.7220602223864103,0,0.0,1.0,1,78.0,0.6445052602467668,2,23.0,0.4635433423921995,2,16.0,0.3979544777566466,56,12226.0
1700.0,59,2444.0,10.719298245614034,6.642046781668129,15,600.0,0.18738445736718773,0,0.0,0.9810539318130055,28,11620.0,0.18496379179792874,6,39.0,0.471700799440625,1,6.0,0.7767468285510064,0,0.0,1.0,0,54.0,0.6287778065056849,2,37.0,0.4033143967938299,2,17.0,0.42088214471134944,54,12373.0
1705.0,55,1006.0,4.412280701754386,6.5959777834556315,13,506.0,0.17886818989238712,0,0.0,0.9548673132683788,24,11753.0,0.17852606306113034,3,48.0,0.6002951966086952,0,2.0,0.7225191469282679,0,0.0,1.0,3,39.0,0.3902079491208119,3,34.0,0.6108247225399437,2,31.0,0.6108034802982633,48,12413.0
1710.0,54,500.0,2.232142857142857,6.415996089216043,8,433.0,0.2528285931214335,0,0.0,0.8942231561957001,25,11872.0,0.14233203814886686,3,42.0,0.5303595258968613,2,11.0,0.6382158853057869,0,0.0,1.0,3,20.0,0.49789323698326926,3,49.0,0.567745903484449,0,12.0,0.8734965124501318,44,12439.0
1715.0,58,517.0,2.2977777777777777,6.138478347863056,7,458.0,0.23815630219311223,0,4.0,0.9147774023880848,31,12015.0,0.11698319963403707,5,52.0,0.4294694184300897,2,21.0,0.5460837197892026,0,0.0,1.0,2,16.0,0.5040456361714414,4,67.0,0.42661583187387525,1,22.0,0.6765720872450853,52,12655.0
1720.0,71,719.0,3.1955555555555555,5.824888757502959,11,526.0,0.2539236613736485,1,5.0,0.7208158351571997,40,12202.0,0.04738060059836869,2,27.0,0.5709241428120785,1,5.0,0.6603872900849996,0,0.0,1.0,4,62.0,0.4160022393817957,4,38.0,0.2384257951528429,3,38.0,0.6587862521056677,66,12903.0
1725.0,83,965.0,4.467592592592593,5.387512341617775,14,598.0,0.2093421319672336,1,10.0,0.6397512166669009,53,12442.0,0.054214364781191175,1,15.0,0.5576541952840993,2,11.0,0.21872012938880714,0,0.0,1.0,4,50.0,0.35883424602586755,2,25.0,0.4158578671230344,2,16.0,0.5474282969495395,79,13167.0
1730.0,92,1225.0,5.593607305936073,5.552895864455787,16,579.0,0.05882316427803343,1,6.0,0.46622672068349225,59,12725.0,0.06754455868097303,4,26.0,0.252704298826766,3,29.0,0.4967907781379646,0,0.0,0.9424109122730899,2,40.0,0.5149523117984598,2,13.0,0.4994684749953505,2,45.0,0.5524748502965469,89,13463.0
1735.0,86,1525.0,6.838565022421525,5.838233132858913,15,572.0,0.046940492388885716,1,11.0,0.5246230433283356,60,13017.0,0.03112981736006204,0,9.0,0.9542002195301,1,19.0,0.7471371355635094,0,0.0,0.9419474432585233,3,41.0,0.32365978469082624,0,4.0,0.6570704522299763,4,63.0,0.5534879057012462,84,13736.0
1740.0,88,1871.0,8.54337899543379,6.251288756310481,16,616.0,0.014591517173603769,1,16.0,0.6105022665913272,60,13317.0,0.0440673769379306,0,13.0,0.8762634471297271,0,12.0,0.838439978606186,0,0.0,0.9872341277403506,3,24.0,0.3216434008825875,1,7.0,0.7156169777059891,4,51.0,0.6011885847150961,85,14056.0
1745.0,85,2215.0,10.25462962962963,6.2559109480956785,15,616.0,0.20079962940429485,1,5.0,0.4967628302275615,61,13619.0,0.030945119199113934,0,8.0,0.9405161021267543,0,14.0,0.8092464528814006,0,0.0,1.0,3,36.0,0.4648293926199491,3,16.0,0.4102456900169672,0,40.0,0.668663347843455,83,14354.0
1750.0,89,2483.0,11.389908256880734,5.783126630960323,13,607.0,0.13178579382493869,1,14.0,0.7005114458490991,62,13932.0,0.056460481370534873,0,0.0,0.9242718836088485,1,11.0,0.6256236520274678,0,22.0,0.9485848426734637,4,53.0,0.3201647808046529,1,19.0,0.44085717822815035,2,20.0,0.47007708903994944,84,14678.0
1755.0,89,2755.0,12.75462962962963,5.359525598931253,11,447.0,0.15630105384971205,1,19.0,0.7174640209767656,62,14238.0,0.08903779325932375,0,3.0,0.5886311856502923,2,23.0,0.3844315708014848,0,22.0,0.9250546795406355,4,29.0,0.2258905258938282,4,37.0,0.3353367885155699,2,8.0,0.609586026863172,86,14826.0
1760.0,80,2935.0,13.714953271028037,5.4529007947159895,5,445.0,0.242081271381508,0,4.0,0.9210868155862069,62,14548.0,0.06780218849891283,1,12.0,0.7974538007517634,4,27.0,0.1730862179248197,0,0.0,1.0,0,4.0,0.25912166470821413,5,67.0,0.49830603592633077,1,19.0,0.7354286853641735,78,15126.0
1765.0,89,3255.0,15.28169014084507,5.306639843067028,10,479.0,0.2367413343719422,0,4.0,0.9487089804350107,62,14862.0,0.09278564512592975,1,14.0,0.8342830943640075,0,0.0,0.9315370446513858,0,0.0,1.0,3,26.0,0.18596943258291498,5,51.0,0.5406605123074537,2,27.0,0.3218830011640617,83,15463.0
1770.0,89,3614.0,16.577981651376145,5.208609005960776,15,544.0,0.17888525926288795,0,4.0,0.9299005990947414,63,15169.0,0.10383347152326729,1,23.0,0.5381972024321005,0,4.0,0.6622008312105988,0,0.0,1.0,2,29.0,0.44058703112067765,3,30.0,0.5431644254748488,2,20.0,0.4869475391187245,86,15823.0
1775.0,88,3953.0,18.13302752293578,5.5831551102722266,15,570.0,0.13865784161377914,0,0.0,0.9752159572205679,64,15487.0,0.09877670666735626,3,35.0,0.5843822304256473,1,10.0,0.7308668173198336,0,7.0,0.95667301357963,0,23.0,0.6565360289187049,3,32.0,0.2556836916116296,0,4.0,0.5995208430470232,86,16168.0
1780.0,89,4265.0,19.474885844748858,5.723299023191745,14,614.0,0.10575167936441457,0,4.0,0.5789588111570884,65,15814.0,0.1078694268153431,5,61.0,0.4150225263702378,0,8.0,0.8172883192628061,0,7.0,0.9497244925625776,1,14.0,0.6281714295720215,2,13.0,0.4385531031180874,1,5.0,0.6093478376483147,88,16540.0
1785.0,94,4672.0,21.045045045045047,5.6621488261344535,18,660.0,0.10802854789014074,1,9.0,0.45554423513994957,66,16141.0,0.06933693989556414,3,59.0,0.37751047966535833,1,11.0,0.7806778598407816,0,7.0,0.9329907833775515,1,1.0,0.42686752915380116,3,25.0,0.5540177340682756,0,0.0,0.9524653758968893,93,16913.0
1790.0,97,5092.0,22.83408071748879,5.456623855519963,18,668.0,0.14069617773935764,0,8.0,0.9461573564914423,67,16470.0,0.04127275347530219,0,45.0,0.6281366735843942,2,28.0,0.6469536373151543,0,14.0,0.9548178363365043,2,9.0,0.32958506794629816,3,41.0,0.5737117349312848,1,6.0,0.5738556439857136,93,17289.0
1795.0,95,5381.0,23.915555555555557,5.693108905277241,13,653.0,0.18640179342531404,0,8.0,0.9094679420531282,69,16818.0,0.052281869770380615,1,27.0,0.7148944240363185,1,19.0,0.6797515551555859,0,0.0,1.0,2,19.0,0.3307748939180402,3,40.0,0.41193529493987746,2,13.0,0.31912766031637957,91,17597.0
1800.0,95,5687.0,25.388392857142858,5.620061218277038,12,564.0,0.19322417689673063,0,8.0,0.9668616428833161,69,17163.0,0.07845104110640788,1,14.0,0.6671533530478442,3,24.0,0.46777123372517043,0,0.0,0.8785384508620037,0,0.0,1.0,4,57.0,0.44854384047401225,1,11.0,0.6394855691236915,90,17841.0
1805.0,94,6012.0,26.36842105263158,5.85793968604551,8,520.0,0.2507530820427472,0,8.0,0.9445466641140694,69,17504.0,0.08337952319455821,1,18.0,0.7890923236105011,5,33.0,0.30432880299156356,0,0.0,0.9394159003581442,0,56.0,0.9774278200559314,6,82.0,0.3698508410882235,0,4.0,0.7614204343945358,89,18225.0
1810.0,92,6311.0,27.20258620689655,5.951911721665628,9,529.0,0.23538049057067095,1,9.0,0.47427824838114674,69,17857.0,0.09698947645647883,1,19.0,0.7635880823339168,3,38.0,0.40573978523629295,0,4.0,0.9589472728090734,0,67.0,0.9084934020839381,4,51.0,0.3873868759956026,1,6.0,0.74412885148774,88,18580.0
1815.0,97,6666.0,28.982608695652175,5.461324839938225,14,577.0,0.03759710038361556,1,14.0,0.49131056785283594,71,18208.0,0.06677730212603614,1,28.0,0.587251732469769,0,33.0,0.5004998915569245,0,4.0,0.9263225328029224,1,19.0,0.7569059906934923,2,27.0,0.5060066447356723,0,0.0,0.9408655287813577,90,18910.0
1820.0,94,7008.0,30.20689655172414,5.475080283634797,14,584.0,0.0020367094461273753,0,0.0,1.0,72,18562.0,0.06187397648371933,1,11.0,0.5716841459629705,0,12.0,0.7961157891549915,0,0.0,1.0,1,16.0,0.45976196998154367,2,15.0,0.3845136134988825,0,4.0,0.4896336936398066,90,19204.0
1825.0,101,7434.0,32.043103448275865,6.108130284775513,12,630.0,0.18905782634021312,0,0.0,1.0,73,18926.0,0.07257505469429704,1,8.0,0.8013015255197743,2,19.0,0.7046652452033432,0,1.0,0.9766227736923078,3,32.0,0.44085719419995045,3,19.0,0.5003845335030529,1,4.0,0.3132218370809431,95,19639.0
1830.0,99,7899.0,34.1948051948052,5.6779566714117555,11,667.0,0.15269078203270864,0,0.0,0.9579997508533248,73,19292.0,0.0921863104796327,4,20.0,0.3675228885184062,2,29.0,0.7316166992976053,0,30.0,0.7387393665063954,1,19.0,0.38233991680175644,3,34.0,0.3876435674023893,0,4.0,0.8961367140387124,94,20095.0
1835.0,107,8346.0,35.974137931034484,5.425198535919057,14,639.0,0.10892264061200255,0,4.0,0.9344782125056915,73,19656.0,0.08656545677677718,4,27.0,0.41995611701792945,3,44.0,0.5259550510291734,0,7.0,0.7160537509097825,1,23.0,0.3657200192393842,4,52.0,0.281209535242744,0,4.0,0.8768310994608755,99,20456.0
1840.0,103,8573.0,36.32627118644068,5.5904744617212625,10,610.0,0.11999521652254974,0,4.0,0.9212779844154397,74,20027.0,0.091063924650094,0,14.0,0.5982039655277321,5,31.0,0.3364473951372841,0,6.0,0.8565903846812293,3,42.0,0.4931523337656615,2,44.0,0.2816984159603031,0,15.0,0.9075507884331939,94,20793.0
1845.0,97,8843.0,37.312236286919834,5.72039000676563,7,406.0,0.15534894567363947,0,4.0,0.9586297611002147,75,20399.0,0.05349069485038327,1,9.0,0.6334163127160976,2,35.0,0.29624867399884447,0,1.0,0.9564733126353154,1,38.0,0.6089306595022778,1,10.0,0.5393209297830194,1,16.0,0.681095548570151,88,20918.0
1850.0,98,9211.0,39.702586206896555,5.916672123795489,5,428.0,0.32451787668848453,0,4.0,0.9662531705014531,76,20774.0,0.04369670638051235,1,14.0,0.8050034326499222,2,30.0,0.1757492655704045,0,7.0,0.937269854058961,0,34.0,0.8058375474730275,1,15.0,0.549908127380344,2,23.0,0.5714199006184848,87,21329.0
1855.0,98,9599.0,40.8468085106383,5.469178116883686,7,452.0,0.25872055524161547,0,4.0,0.621574944907602,76,21162.0,0.05155258118558671,2,36.0,0.7390430854871829,1,9.0,0.20837934859936008,0,11.0,0.7988670736491237,0,39.0,0.6613969168121059,1,4.0,0.48149793124563806,3,46.0,0.5808730899677218,90,21763.0
1860.0,104,10048.0,42.57627118644068,5.267982772170897,11,505.0,0.2716383907002285,1,9.0,0.4792358878910921,76,21538.0,0.06667136187296768,2,46.0,0.7123626272496432,3,15.0,0.23121063503595923,0,8.0,0.9075011121708387,0,22.0,0.6123144947681356,2,14.0,0.46915246701730123,2,45.0,0.5427323221782462,97,22202.0
1865.0,110,10445.0,44.636752136752136,5.026799414178923,13,527.0,0.193906696732927,0,4.0,0.8946299543108088,76,21918.0,0.06436952891106203,3,26.0,0.46047997777799937,3,34.0,0.21882844334127552,0,10.0,0.8765332437192387,3,80.0,0.6295419468249303,2,24.0,0.13345882799140626,4,34.0,0.49682087217873655,104,22657.0
1870.0,112,10914.0,46.44255319148936,5.117291415893547,12,565.0,0.1136162782246273,0,4.0,0.47915209931292585,76,22302.0,0.03530595797876648,7,44.0,0.48241451008257347,2,34.0,0.5587296976870803,0,0.0,0.9779462460225226,4,129.0,0.42350741813969583,1,19.0,0.5384259817989472,5,36.0,0.41360458887781737,107,23133.0
1875.0,124,11404.0,48.32203389830509,4.868574677743586,14,615.0,0.06043733659815954,1,9.0,0.6575877192597313,78,22689.0,0.042391859638408066,9,87.0,0.2491368219335675,0,17.0,0.7424183835602302,0,0.0,0.9611536769771009,5,99.0,0.3403338196317437,1,20.0,0.6986566907342142,7,39.0,0.3623034187516836,115,23575.0
1880.0,117,11846.0,50.19491525423729,5.052794198536603,13,585.0,0.08177327782870308,0,0.0,0.7180365551033575,79,23082.0,0.013850278722487376,6,42.0,0.42905485048445374,0,4.0,0.8868324142414817,0,0.0,0.9507280859547015,2,96.0,0.5248991100037413,1,31.0,0.6704159951697053,6,45.0,0.08118059598375495,107,23885.0
1885.0,114,12188.0,51.426160337552744,5.49636744757012,9,538.0,0.15376946964696164,1,2.0,0.6023061856200932,80,23481.0,0.023212120651344762,1,17.0,0.7440829105096811,0,12.0,0.8028953427595179,0,0.0,0.8747838630479263,3,43.0,0.4568807203105124,1,9.0,0.6953099336655382,11,93.0,0.07475975021148513,106,24195.0
1890.0,111,12551.0,52.51464435146443,5.282738069853487,5,413.0,0.21598684286647016,1,7.0,0.6255999818101902,80,23881.0,0.011116761797552877,2,14.0,0.5764707889262075,1,20.0,0.6640222494826361,0,0.0,1.0,2,31.0,0.3879638936277543,3,22.0,0.5987517931748347,8,101.0,0.25172243749197787,102,24489.0
1895.0,105,12728.0,52.81327800829875,5.258814669572676,7,408.0,0.2039619978634353,1,5.0,0.6649004339454534,80,24281.0,0.006540084783973703,2,18.0,0.6615386598133078,4,23.0,0.5148781285053097,0,0.0,1.0,3,28.0,0.33578772338764534,5,46.0,0.46029299843889054,0,57.0,0.6308141138114782,102,24866.0
1900.0,103,13055.0,55.317796610169495,5.2172804963403046,6,405.0,0.29409559418751763,1,5.0,0.5994464638800805,81,24696.0,0.029741594898132766,1,13.0,0.5579385667268325,3,22.0,0.4426567593675992,0,0.0,0.9575738116549775,4,79.0,0.1824789584632316,5,42.0,0.4023095580602632,0,25.0,0.6879520013344715,101,25287.0
1905.0,110,13503.0,57.45957446808511,5.261070464161935,9,398.0,0.23008903928604454,1,10.0,0.6311700230590148,81,25097.0,0.01762454975243394,5,29.0,0.3274789610109448,3,12.0,0.6393789451110334,0,0.0,0.9355727311485265,2,20.0,0.2698601248000874,3,22.0,0.4470675577492303,3,48.0,0.42693562740179547,107,25636.0
1910.0,110,13974.0,59.717948717948715,5.361483262087153,10,424.0,0.034138431534958054,0,4.0,0.8057225997423436,81,25494.0,0.011006115326209638,2,12.0,0.5516095875880608,3,36.0,0.619217547339582,0,0.0,1.0,1,23.0,0.5320435830930453,4,40.0,0.49515925423769847,4,46.0,0.3140619284884234,105,26079.0
1915.0,109,14462.0,61.279661016949156,5.748005003072136,10,472.0,0.14180163424455403,0,4.0,0.9466909184390399,81,25899.0,0.01835337192247614,1,13.0,0.7377063502165017,0,12.0,0.6877324006337383,0,1.0,0.9599450332677738,4,33.0,0.3478446699698092,2,37.0,0.3597780050241379,6,75.0,0.12355545089658469,104,26546.0
1920.0,115,14981.0,62.945378151260506,5.829131508526962,10,522.0,0.1541657131751916,0,4.0,0.9566728172522988,82,26309.0,0.023134446313659594,2,29.0,0.6181991052789069,0,12.0,0.8314575458603048,0,1.0,0.987244461916271,5,55.0,0.350435569778774,5,57.0,0.3596633146425161,5,74.0,0.2656111697784767,109,27063.0
1925.0,107,15312.0,63.53526970954357,5.462556414330131,10,474.0,0.3766955314089148,0,4.0,0.8038781554915811,82,26719.0,0.01247056353315731,1,21.0,0.6533923722146802,2,11.0,0.36825354313915226,0,37.0,0.9786401175958289,3,50.0,0.21417773299654208,6,92.0,0.3022290382927883,0,33.0,0.6843336709030319,104,27441.0
1930.0,109,15586.0,64.67219917012449,4.783540490548947,8,406.0,0.24102929820952576,1,11.0,0.7391050791641706,84,27135.0,0.021308934632671285,2,22.0,0.5134152554738013,5,22.0,0.10187142965695362,0,0.0,1.0,2,24.0,0.08597119150139505,5,82.0,0.30714925884363653,0,59.0,0.857892086858677,107,27761.0
1935.0,116,16020.0,66.47302904564316,5.088206742056008,7,217.0,0.1964576819729272,1,16.0,0.7049483971629276,84,27559.0,0.064969619162182,6,47.0,0.26326981602546956,2,25.0,0.47643042529122726,0,0.0,0.9874805929986491,3,23.0,0.39216986465051223,6,82.0,0.39591270948666063,4,69.0,0.5986499295740447,113,28038.0
1940.0,116,16504.0,67.63934426229508,5.005786479563372,8,229.0,0.20085607622424007,0,8.0,0.6371576989472661,84,27979.0,0.058123833998269536,3,40.0,0.5349146494928534,2,35.0,0.47035221354579476,0,0.0,0.9870397602568317,1,17.0,0.5055793491946957,8,115.0,0.30342900123674066,4,89.0,0.489337958262468,110,28512.0
1945.0,121,16944.0,69.72839506172839,4.991988378268056,11,270.0,0.04187799714108274,0,8.0,0.9233290349823648,84,28399.0,0.08114807162309723,0,5.0,0.8388299160502982,3,33.0,0.44721362322238223,0,0.0,1.0,2,16.0,0.2642910586727703,8,93.0,0.21274303198546227,6,152.0,0.4317445431591177,114,28976.0
1950.0,116,17379.0,72.4125,4.950402464576386,14,338.0,0.11839156026543557,0,4.0,0.9665018873166042,85,28828.0,0.08074736355564756,0,0.0,0.9418101473704621,0,24.0,0.42596616829739703,0,2.0,0.9932411692885502,3,38.0,0.23418155733651225,2,58.0,0.36954324864229837,7,170.0,0.29416577531319604,111,29462.0
1955.0,112,17800.0,74.16666666666667,5.416396899818362,13,331.0,0.15142767900258422,0,4.0,0.5730925827604889,85,29249.0,0.07910242492639945,1,5.0,0.6389104057135058,2,14.0,0.5037801944782435,0,15.0,0.9337030547014633,2,34.0,0.5538263974390321,2,41.0,0.54131325767599,1,103.0,0.5511021325553129,106,29796.0
1960.0,113,18202.0,75.52697095435684,5.743413332286015,9,339.0,0.23316609067962965,1,8.0,0.47146434894029104,87,29682.0,0.061702751889992066,2,16.0,0.5010085194987425,1,11.0,0.7723712251566531,0,15.0,0.9472386369467476,1,40.0,0.5667712222364046,3,20.0,0.6794042449074206,2,96.0,0.6027085353206326,106,30227.0
1965.0,108,18598.0,76.85123966942149,5.878902422316043,9,346.0,0.2733359452054469,1,13.0,0.49772425699361644,85,30108.0,0.059805019242093575,1,10.0,0.5374958164842867,0,4.0,0.8521124369476833,0,0.0,1.0,2,60.0,0.5985812978433755,4,38.0,0.6458654488592281,4,87.0,0.29152704626788734,106,30666.0
1970.0,112,18260.0,75.1440329218107,5.4625948398318505,9,305.0,0.1918256777998176,0,0.0,0.9658269466453547,85,28864.0,0.031317817042825984,1,22.0,0.7307069745452626,0,4.0,0.7677226882867539,0,0.0,1.0,2,71.0,0.4949477413010907,5,61.0,0.38684211537899665,9,127.0,0.1697124786184385,111,29454.0
1975.0,105,14584.0,60.51452282157676,5.2044874937636925,7,283.0,0.09932215339495576,0,0.0,0.9264483860890578,73,26577.0,0.05264416386095397,2,29.0,0.7126311175855965,1,6.0,0.5780742017883849,0,7.0,0.9613972168227065,5,67.0,0.30466700677266056,7,55.0,0.25386200070759196,9,168.0,0.10117221445555082,104,27192.0
1980.0,94,11465.0,47.97071129707113,5.327897411982408,6,215.0,0.23560242935334216,0,0.0,0.07793695277537575,60,22686.0,0.0997676226522656,2,18.0,0.39671442173385063,4,22.0,0.43791495041367234,0,7.0,0.9161851751329378,8,62.0,0.31792768485518597,5,77.0,0.29067094079560724,6,140.0,0.20960814301212488,91,23227.0
1985.0,74,7982.0,32.71311475409836,5.551718769425995,4,233.0,0.23038748013605423,0,4.0,0.9660987106952683,49,22923.0,0.124682581924171,1,7.0,0.7768913681986728,4,38.0,0.2246507510404662,0,0.0,0.9549597446518614,4,39.0,0.4341135016109725,7,105.0,0.28651532068522534,1,42.0,0.41627257397321243,70,23391.0
1990.0,71,5052.0,20.704918032786885,5.869758762499567,8,269.0,0.1687540148740109,0,4.0,0.9298789241790621,42,22657.0,0.1371453492593427,2,13.0,0.31426154216373253,3,25.0,0.4810889504284607,0,0.0,0.7087745347553066,2,46.0,0.5709812106136503,6,82.0,0.40450005863098865,1,12.0,0.5930578802936324,64,23108.0
1995.0,66,2353.0,9.604081632653061,6.103892736995783,11,320.0,0.15735650589452993,0,4.0,0.925474603022653,42,22884.0,0.1466794223512995,1,9.0,0.46644348403724245,0,13.0,0.648058205572054,0,0.0,0.9409412800678888,3,25.0,0.6205872969548708,1,56.0,0.634555869917262,2,11.0,0.23577832201301616,60,23322.0
2000.0,69,1420.0,5.748987854251012,6.023637086509395,13,332.0,0.1732590379273971,0,4.0,0.9319397052209742,37,23082.0,0.1473424611104325,1,21.0,0.8153423242312576,0,12.0,0.819091402559449,0,0.0,1.0,1,18.0,0.5458411822394196,2,16.0,0.5452004781690711,4,30.0,0.3709524265378667,58,23515.0
2005.0,72,831.0,3.3373493975903616,5.802824694219273,14,368.0,0.14660564862123912,0,4.0,0.6168681686575275,38,23254.0,0.13234325797821778,1,26.0,0.6666316590068027,0,8.0,0.7954506646825429,0,0.0,1.0,3,20.0,0.3783608365001659,2,22.0,0.476972265502509,5,55.0,0.37350510263109066,63,23757.0
2010.0,83,1053.0,4.16205533596838,6.065375244978514,14,434.0,0.09180310149946613,2,11.0,0.3855043070670773,46,23473.0,0.10504598015723729,0,5.0,0.7900372258918307,1,11.0,0.853673816602292,0,0.0,1.0,6,36.0,0.2925528585776107,4,37.0,0.30772148172748226,5,75.0,0.43362935267851127,78,24082.0
2015.0,93,1382.0,5.50597609561753,5.653229396271121,14,444.0,0.06301818283383957,3,15.0,0.09359762079288883,56,23726.0,0.08250283281168012,1,4.0,0.7294968786242438,1,8.0,0.6894723224290831,0,0.0,1.0,4,23.0,0.3819195769240673,4,61.0,0.46313248484265535,1,56.0,0.6283773688381579,84,24337.0
2020.0,99,1568.0,6.348178137651822,5.301991047668457,10,389.0,0.2486061860638202,2,15.0,0.23339101483335878,65,24035.0,0.043465802635330654,2,14.0,0.4606385862772333,0,0.0,0.5449605654774338,0,0.0,1.0,1,15.0,0.555231261447234,4,49.0,0.4952304474998672,3,46.0,0.4715964338489943,87,24563.0
2025.0,103,1818.0,7.330645161290323,5.278385462904246,6,311.0,0.21627887670545295,2,20.0,0.315469284048346,76,24396.0,0.02471955402846649,2,27.0,0.617253678954063,2,9.0,0.46514413433980556,0,0.0,1.0,3,59.0,0.3911705923697182,3,62.0,0.5307905410148355,2,15.0,0.6248269701343536,96,24899.0
2030.0,107,2162.0,8.788617886178862,5.273094990731729,9,338.0,0.27226934546336734,0,0.0,0.3256791756844444,81,24793.0,0.022795783054810958,3,30.0,0.5105890310582473,2,19.0,0.6294115783685377,0,0.0,1.0,4,61.0,0.37548287489793114,3,78.0,0.3857160740206098,2,52.0,0.49383391566116247,104,25371.0
2035.0,104,2504.0,10.137651821862349,5.335955623978176,9,360.0,0.23416843812247776,1,5.0,0.48384629152414804,81,25198.0,0.03100254641825371,0,0.0,0.6062935103310882,0,4.0,0.7857554605150359,0,0.0,0.964043138958575,0,18.0,0.5456472916236936,4,47.0,0.37938077697636674,6,87.0,0.48771198645398156,101,25719.0
2040.0,107,2912.0,11.934426229508198,5.14902913279725,13,418.0,0.20409467282245694,1,10.0,0.01116642115322631,81,25604.0,0.03083353015175678,1,6.0,0.6119158841613611,1,12.0,0.5972023829132819,0,0.0,0.7707525823714809,2,30.0,0.34854668920418347,1,20.0,0.4717408075868388,4,59.0,0.36751944325465097,104,26159.0
2045.0,113,3372.0,13.651821862348179,5.2834684205240245,14,431.0,0.10003474832769678,1,12.0,0.49067140599136017,82,26012.0,0.02314169526800604,2,15.0,0.6204609809189721,2,28.0,0.5544241975390057,0,0.0,0.7603055704419468,3,43.0,0.5481990177979019,2,15.0,0.4365285455529791,2,43.0,0.4754400741061211,108,26599.0
2050.0,108,3788.0,15.152,5.361724625266635,12,483.0,0.19451424891228108,0,8.0,0.7791018627941256,82,26424.0,0.02215678315358238,0,8.0,0.6007726200838818,2,25.0,0.6020958012086611,0,0.0,0.9400941310633881,0,26.0,0.5224713951428042,2,24.0,0.5780264410592192,2,28.0,0.3399587744671868,100,27026.0
2055.0,113,4272.0,17.295546558704455,5.261027792453512,14,506.0,0.0973758248935048,0,8.0,0.8810799583494351,84,26845.0,0.0546637889332365,0,8.0,0.8811541261931751,0,15.0,0.6717612266065245,0,0.0,1.0,3,47.0,0.3601595685036571,3,35.0,0.5412815821055676,3,20.0,0.0008218729899655265,107,27484.0
2060.0,114,4771.0,19.237903225806452,5.089920301012798,15,516.0,0.06457872096690953,0,4.0,0.6286662812230953,84,27260.0,0.042831338640829594,0,8.0,0.8152717803773697,1,8.0,0.5107919694770311,0,0.0,1.0,1,44.0,0.6023327676477668,4,61.0,0.5432930797033177,3,47.0,0.350164308184628,108,27948.0
2065.0,107,4846.0,19.384,4.580255043801634,12,527.0,0.17360096067925476,3,14.0,0.37693361248548396,82,25726.0,0.01175155255999808,1,26.0,0.7699261512633037,0,0.0,0.16850790150044792,0,0.0,1.0,0,26.0,0.6410936383004394,1,32.0,0.5605387195018092,4,68.0,0.3566391076031385,103,26419.0
2070.0,104,4036.0,16.015873015873016,5.195955053581233,10,450.0,0.18821777102433554,3,29.0,0.36610142745361474,70,24189.0,0.05121150723806864,1,27.0,0.7525693996334674,3,15.0,0.21266741901209654,0,0.0,0.9213847171295316,2,25.0,0.5089714382721194,3,40.0,0.545896539517461,2,12.0,0.6752008425836157,94,24787.0
2075.0,91,3445.0,13.725099601593625,5.607499416475751,8,421.0,0.26159799450893556,3,48.0,0.3323704467243053,57,20498.0,0.1018490502898354,1,32.0,0.6188888949831425,5,39.0,0.25545906405450075,0,0.0,0.9788262737820053,1,33.0,0.6151332070785873,5,61.0,0.2787240162045387,1,15.0,0.773151383010051,81,21147.0
2080.0,80,2757.0,10.854330708661417,5.5254611755118015,10,446.0,0.2142600412987651,3,44.0,0.4415054350767371,47,20735.0,0.14539663213592885,2,28.0,0.35994739220499095,4,49.0,0.1684434517805672,0,5.0,0.975337277660425,1,45.0,0.6214156308973371,5,44.0,0.31681111224290903,1,15.0,0.6472986738003119,73,21411.0
2085.0,75,2173.0,8.52156862745098,5.698933006599094,15,521.0,0.11176317124130025,1,32.0,0.5417064787329544,43,20960.0,0.18000475962112444,3,19.0,0.22764599369713398,1,41.0,0.2808485166486714,0,5.0,0.9621182218866495,4,64.0,0.33272428220375055,3,31.0,0.42389364056230744,0,0.0,0.8826316184815753,70,21673.0
2090.0,69,1361.0,5.234615384615385,5.962878262706813,18,542.0,0.014281293723299436,1,19.0,0.6276653078027797,37,21160.0,0.20133501405089993,0,22.0,0.6632766743866484,1,17.0,0.6548461418181987,0,0.0,0.918672093202679,5,71.0,0.2753129467109486,3,35.0,0.42103951700096204,0,32.0,0.6574544661358498,65,21898.0
2095.0,64,925.0,3.5714285714285716,6.277198639171793,13,578.0,0.08701774226544914,0,4.0,0.9243801559447834,37,21332.0,0.16750332930317213,1,22.0,0.7164452852137939,0,4.0,0.8589631034661708,0,0.0,1.0,2,66.0,0.36773136708911064,3,24.0,0.48141207092572785,3,50.0,0.4519690075960254,59,22080.0
2100.0,70,949.0,3.65,6.331242358150384,15,570.0,0.08791860674270897,0,4.0,0.9372051641500914,42,21534.0,0.12685897777158522,1,11.0,0.7105681282444378,0,4.0,0.9178104852843028,0,0.0,1.0,2,55.0,0.5078350401101438,2,31.0,0.6119662405412869,2,39.0,0.5556475645598181,64,22248.0
2105.0,79,1023.0,3.904580152671756,5.95123794694395,15,567.0,0.1471385013613436,0,4.0,0.8727240975751791,50,21770.0,0.07743123443797487,0,9.0,0.5417182898471784,1,9.0,0.6122284473442294,0,15.0,0.9556204572116612,1,40.0,0.4484045239117,3,43.0,0.40037747060845413,1,14.0,0.7269116061305488,71,22471.0
2110.0,90,1240.0,4.732824427480916,5.9552589877237345,14,558.0,0.16421802664922608,0,4.0,0.8069280038756544,57,22044.0,0.06404134876547884,1,8.0,0.576826756645106,2,12.0,0.44744206523974167,0,0.0,0.989943192374641,5,55.0,0.2664709165910517,4,38.0,0.3830325257179206,2,22.0,0.6295764056301943,85,22741.0
2115.0,102,1583.0,6.18359375,5.424429555261707,11,403.0,0.20284181409787522,0,4.0,0.9371708269147476,68,22370.0,0.0659752166430874,1,20.0,0.5264214834311852,0,4.0,0.5903095660927712,0,9.0,0.9687356001567577,6,83.0,0.23174582741226724,5,57.0,0.3510242092404863,2,9.0,0.5523896884787327,93,22959.0
2120.0,108,1958.0,7.739130434782608,5.419844805384232,8,409.0,0.2388458208164756,0,4.0,0.9300002435655736,73,22726.0,0.03666959272672309,2,27.0,0.6752662931999824,0,0.0,0.25416158048509807,0,30.0,0.8597103827841872,6,56.0,0.11882143660091744,6,92.0,0.3377475058062582,1,11.0,0.540048704181627,96,23355.0
2125.0,108,2286.0,9.071428571428571,5.531140296189879,11,458.0,0.19447133683015863,0,0.0,0.49319134497252065,76,23097.0,0.03151075278946863,0,14.0,0.8158110267485211,1,1.0,0.0005154837035202597,0,17.0,0.9512478986643195,0,25.0,0.6517561419471715,6,77.0,0.38302736501480455,4,26.0,0.43077608074415114,98,23715.0
2130.0,112,2678.0,10.842105263157896,5.073788783612125,14,521.0,0.15864867822793827,0,0.0,1.0,77,23485.0,0.02396299575594952,3,24.0,0.5312317008404563,1,11.0,0.4487775735117747,0,17.0,0.9931806150159168,2,95.0,0.5003703959169352,0,28.0,0.538279813014469,1,8.0,0.4460920012209626,98,24189.0
2135.0,119,3126.0,12.504,5.274719961051459,16,556.0,0.16371407384974968,0,8.0,0.9480121696684689,78,23870.0,0.041755107358687524,6,45.0,0.2262543649928182,1,21.0,0.6719937220514741,0,0.0,1.0,3,55.0,0.45410179884979984,0,4.0,0.5998312956707849,2,15.0,0.5719389991193161,106,24574.0
2140.0,116,3463.0,14.192622950819672,5.059833709606581,13,580.0,0.21332586821261829,0,4.0,0.944478789951642,78,24267.0,0.06156671850868842,5,29.0,0.2741645687078968,0,9.0,0.7590813018260344,0,13.0,0.9753762690700536,3,70.0,0.39753152373420375,2,7.0,0.5050060284712383,3,30.0,0.4573186937196541,104,25009.0
2145.0,113,3859.0,15.815573770491802,5.533386347429899,15,596.0,0.0834769521143269,0,4.0,0.9253141741287741,80,24653.0,0.023045209196308803,0,4.0,0.6668272168946281,1,16.0,0.7835577877812918,0,22.0,0.8683470443208845,5,160.0,0.30368538097364656,3,18.0,0.5039700587810866,1,12.0,0.7503374012490694,105,25485.0
2150.0,126,4407.0,17.987755102040815,5.312343314268682,18,602.0,0.006360098777595436,0,4.0,0.9344304217469943,81,25056.0,0.023156776721309186,1,8.0,0.7684643492831226,1,18.0,0.7671697086719081,0,24.0,0.9780635038454134,6,155.0,0.20283505481649383,4,42.0,0.48250227389240374,2,22.0,0.6178796789621643,113,25931.0
2155.0,117,4701.0,18.804,5.291913792368409,15,604.0,0.17133572013893736,0,4.0,0.967497763885643,81,25461.0,0.011906897233013972,3,4.0,0.47608571785224324,0,6.0,0.4442391838405757,0,0.0,0.9882941148642319,2,158.0,0.39526765648053525,4,55.0,0.37641051134472486,3,31.0,0.5819829626896392,108,26323.0
2160.0,116,5126.0,20.181102362204726,5.425997544611416,13,541.0,0.21556261730935447,0,4.0,0.8571012920966089,82,25875.0,0.0227010875091112,2,12.0,0.528538183131172,4,17.0,0.28441411448818893,0,2.0,0.9881955982804942,2,151.0,0.45319254894315436,4,65.0,0.43526882366145214,1,12.0,0.7413384282488256,108,26679.0
2165.0,115,5463.0,21.59288537549407,5.0299069200416096,9,520.0,0.21924458685962292,0,0.0,0.6270705722270896,82,26285.0,0.041578268092738326,3,25.0,0.38220885735984567,5,36.0,0.2596319353486857,0,0.0,0.9392023562171801,1,101.0,0.46482486099626485,7,96.0,0.2688502521362387,2,8.0,0.4721637836275414,109,27071.0
2170.0,117,5886.0,22.9921875,5.145083745433832,12,553.0,0.22755230778038543,0,0.0,0.6281422240805268,82,26691.0,0.033723133220022204,2,25.0,0.6367490449115691,2,22.0,0.5564585124500919,0,5.0,0.9709508760411918,2,142.0,0.47096792405834,5,69.0,0.3012175042138444,5,27.0,0.3481595300371589,110,27534.0
2175.0,116,6343.0,24.585271317829456,5.178653559254429,15,621.0,0.09930543040281598,0,0.0,1.0,82,27101.0,0.03304155836296999,1,14.0,0.7178035754033443,0,19.0,0.6489195035458837,0,6.0,0.9921899192217516,4,151.0,0.4333649172224872,3,43.0,0.4506821063624608,2,19.0,0.2858266460624782,107,27974.0
2180.0,123,6799.0,26.352713178294575,5.10226852284343,17,629.0,0.036901302104901716,0,0.0,1.0,82,27511.0,0.021821944040528948,3,23.0,0.6558468244518166,0,12.0,0.7609290985064542,0,1.0,0.9289440215138666,2,118.0,0.3919464662692451,3,28.0,0.567288577738148,1,14.0,0.4122441318277545,108,28336.0
2185.0,108,7030.0,27.568627450980394,5.610738175551037,13,651.0,0.08578079156947559,0,0.0,0.9994325954772948,82,27921.0,0.033092070412839424,2,20.0,0.6604671873661097,0,8.0,0.7161275834495586,0,0.0,0.9511237632636016,1,128.0,0.5257343116310625,2,29.0,0.7184455545827455,2,19.0,0.5124211821309684,102,28776.0
2190.0,114,7534.0,29.661417322834644,6.063853053752892,16,670.0,0.08145071216233218,0,0.0,0.8890941778437247,82,28331.0,0.01189037314992757,3,16.0,0.5461040364511934,1,16.0,0.7113122357586948,0,0.0,0.9662220334946503,1,85.0,0.6546946683095801,3,42.0,0.6718799643234024,2,16.0,0.33729192174382655,108,29176.0
2195.0,121,8041.0,31.65748031496063,5.3889856717808655,17,675.0,0.045137312695705034,1,2.0,0.00047228160746922636,83,28746.0,0.03403994948181521,6,41.0,0.18605217937431873,2,28.0,0.537841707011022,0,0.0,0.9635284171769891,1,98.0,0.5472183450828181,4,62.0,0.5222638254526857,1,7.0,0.6634690875440883,115,29659.0
2200.0,122,8401.0,33.074803149606296,4.860433791426794,16,678.0,0.2064657537741805,0,0.0,1.0,83,29161.0,0.0339817569825366,4,37.0,0.1597477685504336,4,34.0,0.3746457848984246,0,18.0,0.935157154092262,2,169.0,0.4475552164394599,7,62.0,0.4069741868006607,1,30.0,0.6339645825906151,117,30189.0
2205.0,113,8721.0,34.2,4.882724941741367,11,510.0,0.21085425687600093,0,0.0,1.0,83,29576.0,0.0430342754641382,1,31.0,0.46724875354318735,1,42.0,0.26958978711449283,0,31.0,0.9793732137280002,4,146.0,0.21177697264829334,8,70.0,0.3577484286640472,0,34.0,0.9311555013196869,108,30440.0
2210.0,122,9174.0,35.8359375,5.035898830518876,13,567.0,0.21378261574222923,0,0.0,0.9577422427829447,83,29991.0,0.044521222845758116,2,20.0,0.5640214366630175,2,32.0,0.4729649233178984,0,35.0,0.9598337039676827,3,39.0,0.21423596925190144,10,119.0,0.28265531290241896,1,37.0,0.5568095392780704,114,30840.0
2215.0,122,9607.0,36.808429118773944,5.10155365877052,12,623.0,0.21105534910881008,0,0.0,0.9659991383168357,83,30406.0,0.055487502716259705,1,10.0,0.7117551795214606,1,17.0,0.6596415168882974,0,4.0,0.9431501356905782,2,31.0,0.4721384182870912,10,128.0,0.2693690454885496,4,59.0,0.4237474482779051,113,31278.0
2220.0,118,9980.0,38.23754789272031,5.178362510104765,16,692.0,0.1029614612487426,0,0.0,0.01871734923714888,83,30821.0,0.0796864114892666,3,43.0,0.5384024411148671,2,28.0,0.36748637734424416,0,60.0,0.9364542071608092,2,37.0,0.4960675904195796,4,113.0,0.3371644656583151,2,38.0,0.5478453161578761,112,31832.0
2225.0,124,10474.0,40.284615384615385,5.023451567156896,18,710.0,0.005256520366356128,1,9.0,0.4565951615434923,84,31239.0,0.07121060663158367,5,81.0,0.458158322598274,4,45.0,0.47480000737866274,0,73.0,0.9518828850837942,1,34.0,0.36977039672965856,4,61.0,0.39010564642268664,0,10.0,0.7318268398442608,117,32262.0
2230.0,120,10848.0,42.04651162790697,5.045706159225232,15,758.0,0.12857066298214692,0,4.0,0.6359590213034452,84,31659.0,0.08734454616472259,3,55.0,0.41145903119660415,4,49.0,0.6083328823657228,0,20.0,0.8397297475756642,1,34.0,0.5922141162742227,5,50.0,0.3827278919223076,2,16.0,0.5167998909697196,114,32645.0
2235.0,115,11309.0,43.16412213740458,5.798868740148049,14,756.0,0.13955999003638483,0,4.0,0.9901239039760331,84,32079.0,0.07753064045831004,2,49.0,0.45877486260731215,1,39.0,0.5691248634881951,0,0.0,0.9730135824198374,2,38.0,0.4989259319743498,6,81.0,0.4586562764835934,1,13.0,0.4930790150881598,110,33059.0
2240.0,122,11842.0,45.722007722007724,5.608808587263602,14,730.0,0.09234846325268348,0,4.0,0.9363393281687455,87,32508.0,0.08002166180589636,2,21.0,0.5031280628053504,3,22.0,0.5581978011142815,0,0.0,1.0,2,36.0,0.23137811119498405,6,114.0,0.4945944911954403,2,13.0,0.476708134522808,116,33448.0
2245.0,115,12188.0,47.98425196850393,5.2852619083775805,12,713.0,0.06765769961910849,0,4.0,0.9597211075551544,86,32932.0,0.07800412879601928,2,19.0,0.6351101060284491,0,8.0,0.5834013481131474,0,17.0,0.9941674661206972,0,21.0,0.5266586563396795,8,119.0,0.30706715230670567,3,28.0,0.533592138080402,111,33861.0
2250.0,117,12573.0,48.92217898832685,5.631471969695345,9,539.0,0.16843723106719669,0,4.0,0.9637154471000043,87,33360.0,0.05165755244827897,4,35.0,0.5431347080361332,3,22.0,0.47909003927845184,0,44.0,0.9386546357243595,1,1.0,0.6417545971609309,10,166.0,0.3079881064107902,1,28.0,0.6963757736552872,115,34199.0
2255.0,115,12993.0,49.973076923076924,5.063197782586348,5,570.0,0.2554997144008044,0,0.0,0.7881503747140702,87,33787.0,0.04172290506113749,6,62.0,0.34535486784396563,6,48.0,0.2508268838926129,0,43.0,0.9334355971100132,0,4.0,0.8811747678319093,10,210.0,0.24264965972617356,1,77.0,0.6902945173548256,115,34801.0
2260.0,119,13456.0,51.753846153846155,4.7462339257551704,9,612.0,0.25807728956692966,0,0.0,0.9865753550455693,87,34220.0,0.039499153225902195,4,44.0,0.32651864032877403,6,59.0,0.11699812301414565,0,8.0,0.8590289410243003,0,0.0,0.9744208400900667,10,178.0,0.32895000669367236,2,107.0,0.6042700478940666,118,35228.0
2265.0,113,13744.0,53.06563706563706,5.0641612536442135,14,670.0,0.12027524702721827,0,0.0,0.9708123133827556,87,34649.0,0.038195600067992434,3,29.0,0.3526966622039338,4,79.0,0.3071225489440796,0,0.0,0.9423705738399215,0,0.0,0.8549118521660968,1,134.0,0.3983735409481865,2,60.0,0.44494590297246234,111,35621.0
2270.0,119,14250.0,55.447470817120625,5.222646416060935,15,681.0,0.1452729764813975,0,0.0,0.8973043387200077,87,35078.0,0.04703074064104568,5,41.0,0.3909687132324233,2,72.0,0.5127901356552024,0,0.0,0.9953664481870005,0,0.0,0.879379106913408,3,65.0,0.5143174017347644,4,70.0,0.08053554235710549,116,36007.0
2275.0,129,14708.0,57.2295719844358,5.043474391614548,14,698.0,0.14056226413050757,0,0.0,0.9588526707047792,89,35507.0,0.02019435156735958,4,29.0,0.5902618312544509,1,33.0,0.5473106427548605,0,0.0,0.9257363681367127,2,6.0,0.5938643669722015,2,55.0,0.2847203267269648,6,99.0,0.24025779251424362,118,36427.0
2280.0,129,15267.0,58.270992366412216,5.179598956652542,16,705.0,0.09731403245112133,0,0.0,1.0,88,35926.0,0.004421195203577615,2,19.0,0.6644731534104089,3,42.0,0.6426053376806292,0,0.0,0.9756843805141677,2,16.0,0.6407000799061385,6,81.0,0.20438386233493502,4,76.0,0.24208351966725677,121,36865.0
2285.0,127,15777.0,59.53584905660377,4.9613770546314475,16,692.0,0.09409135132632654,0,0.0,1.0,89,36359.0,0.009215064034198696,4,49.0,0.49279555338757697,5,66.0,0.5071086797088011,0,2.0,0.8719447101586262,0,9.0,0.5729297343763655,8,122.0,0.2896777461891593,0,20.0,0.5640537732706276,122,37319.0
2290.0,136,16244.0,62.0,4.712422314270573,14,686.0,0.16539881713515586,0,0.0,0.998753452196251,89,36799.0,0.0014880989624200661,8,82.0,0.2935011790694483,9,77.0,0.41161585743714885,0,0.0,0.9525066990499031,1,27.0,0.4311926076537654,8,142.0,0.433467736998184,0,4.0,0.9233748091689087,129,37817.0
2295.0,127,16640.0,63.03030303030303,4.316722859740939,10,577.0,0.18261967140504565,0,0.0,0.9551869476796802,91,37251.0,0.02045425999532766,6,61.0,0.309233388040088,4,86.0,0.2532627164867721,0,0.0,1.0,2,25.0,0.4288995354084339,8,182.0,0.3591435566081591,0,4.0,0.35491471238673516,121,38186.0
2300.0,116,16926.0,64.11363636363636,4.607712329935339,8,513.0,0.19149220125561686,0,0.0,0.9678718022201491,91,37700.0,0.019263274714359808,0,48.0,0.5237021116597002,5,80.0,0.26141919277678405,0,0.0,0.9818360333824251,0,63.0,0.5519139096861079,8,220.0,0.18336612925843745,2,19.0,0.6304307405444093,114,38643.0
2305.0,121,17362.0,64.54275092936803,5.099812055444621,8,535.0,0.20188404296294687,0,0.0,0.9228354808493475,91,38145.0,0.035034655094182444,5,29.0,0.5704399746037946,2,61.0,0.39105852503059946,0,1.0,0.9459458591873973,0,65.0,0.5982377175518694,10,182.0,0.08783469252099703,2,36.0,0.6020704321364583,118,39054.0
2310.0,117,17725.0,65.4059040590406,5.513666587691045,9,576.0,0.14102976620905205,0,0.0,0.959503017469562,91,38590.0,0.04731237070958259,4,23.0,0.5748059145468778,4,68.0,0.18160842252883153,0,0.0,0.9375358379441562,2,47.0,0.534290667490519,3,144.0,0.3074699266083134,1,25.0,0.7549114872825674,114,39473.0
2315.0,118,18191.0,67.12546125461255,5.4120295267249405,10,560.0,0.08069909716384283,0,0.0,0.9631853459903392,93,39035.0,0.021851603057762542,3,15.0,0.30318469167206896,8,104.0,0.22106486877008774,0,0.0,0.8579613321242502,0,0.0,0.5412856751844377,3,63.0,0.44093615127065694,0,14.0,0.6435376107957892,117,39791.0
2320.0,132,18774.0,69.27675276752767,5.4536582625341925,12,626.0,0.2021174733658752,0,0.0,0.7039135873099548,94,39476.0,0.046505523894631806,8,43.0,0.3559881461646765,7,113.0,0.44703061643730274,0,0.0,0.9689789089600132,2,15.0,0.2656747188147669,3,60.0,0.4537078341090853,3,27.0,0.5264161357194382,129,40360.0
2325.0,129,19287.0,71.43333333333334,5.35811768408342,15,685.0,0.16441630170628888,1,3.0,0.6332340548036214,94,39918.0,0.05637490935503158,2,30.0,0.5766020075837629,2,87.0,0.6010069557574462,0,23.0,0.8884622988890815,3,40.0,0.3107110722961249,4,79.0,0.4568757450846127,3,27.0,0.39418115890877814,124,40892.0
2330.0,132,19832.0,74.55639097744361,5.153620156199906,16,658.0,0.09800854030334509,1,12.0,0.477014229839073,94,40365.0,0.02088419993584472,2,19.0,0.6171278428443695,1,62.0,0.5680005926795088,0,23.0,0.9685131977048977,1,27.0,0.5357261827977192,5,100.0,0.34204385986935115,6,52.0,0.3929265224285467,126,41318.0
2335.0,139,20313.0,76.94318181818181,4.6488459423865,14,633.0,0.11004216236414459,1,7.0,0.5997676547220047,96,40847.0,0.029992353308734804,3,28.0,0.6185496019244047,3,61.0,0.47154789902055466,0,0.0,1.0,1,33.0,0.5791229172879491,6,100.0,0.08264857980829174,6,76.0,0.3727768673384186,130,41785.0
2340.0,133,20775.0,78.69318181818181,4.487570556717175,10,443.0,0.11608513414586366,0,4.0,0.8936816295201259,96,41317.0,0.037296530011799875,1,13.0,0.5151857810591481,4,69.0,0.3502226352614048,0,0.0,1.0,1,15.0,0.359193219136634,5,95.0,0.27747148059508786,6,76.0,0.18359550586099405,123,42032.0
2345.0,138,21278.0,79.99248120300751,4.470351959392549,8,486.0,0.1844290639252793,0,4.0,0.9579518323850063,96,41773.0,0.028139662666111495,4,13.0,0.3592243868433171,8,107.0,0.2492771423057168,0,0.0,1.0,1,5.0,0.6338297773354818,5,122.0,0.36604953881058155,4,45.0,0.23967124481080418,126,42555.0
2350.0,133,21780.0,81.8796992481203,4.800615034966166,6,525.0,0.26627696834411635,0,4.0,0.9577304087416826,97,42230.0,0.025945059319238847,5,36.0,0.2506110012684164,6,91.0,0.4251443892932731,0,2.0,0.6967276580832169,0,0.0,0.5159543787319525,3,57.0,0.5369964164308227,5,70.0,0.46938487788995015,122,43015.0
2355.0,124,22065.0,82.64044943820225,4.9858733616589985,11,573.0,0.15628523004948,0,4.0,0.899042004392452,96,42662.0,0.031207657551289535,4,32.0,0.513698572220441,1,77.0,0.4222494765704061,0,1.0,0.7012530756291757,1,7.0,0.7189689322515894,1,25.0,0.6014952661621696,2,28.0,0.5345091678057259,116,43409.0
2360.0,118,22444.0,85.01515151515152,5.195810684538207,12,582.0,0.17550449936077314,0,4.0,0.6925415799992379,98,43104.0,0.036623758546368235,0,18.0,0.802510054290193,0,31.0,0.5668231472287345,0,0.0,0.8741863070353297,2,57.0,0.2217833767793313,2,23.0,0.6187401095491002,3,36.0,0.44953711133679813,117,43855.0
2365.0,130,23035.0,86.9245283018868,5.08922297133827,13,653.0,0.1663184505255215,0,0.0,0.3894296043263253,99,43558.0,0.042227220758784635,1,7.0,0.6831778867040201,1,33.0,0.5655017682487811,0,8.0,0.9857078647728926,5,137.0,0.3895450638297765,3,26.0,0.5400485282107087,5,57.0,0.28496502533761703,127,44479.0
2370.0,138,23655.0,89.26415094339623,5.03727133206764,18,731.0,0.14601658964960915,2,7.0,3.532493116063611e-06,99,44018.0,0.027004208044986364,2,2.0,0.38607677172732935,3,45.0,0.4898754765986158,0,8.0,0.9337653297756665,5,117.0,0.4484138949874734,5,48.0,0.45119296209178833,2,37.0,0.448128608502688,136,45013.0
2375.0,145,24265.0,92.6145038167939,4.4912513708538535,18,727.0,0.04671980588810709,2,21.0,0.35598115885023335,102,44511.0,0.018330994873389767,5,17.0,0.0018796619374621855,5,74.0,0.37441090730151977,0,0.0,1.0,3,46.0,0.2854688205703056,7,81.0,0.28357316827636353,0,10.0,0.6820774597662473,142,45487.0
2380.0,141,24712.0,95.41312741312741,4.204485558638823,15,724.0,0.06250355499655848,1,16.0,0.6048448591336398,103,45012.0,0.008917353841375037,4,40.0,0.3891944160025374,5,74.0,0.35558096440040865,0,1.0,0.9516415454167199,2,70.0,0.44840234105006943,7,80.0,0.15885162901548894,0,0.0,1.0,137,46017.0
2385.0,130,25155.0,97.87937743190662,4.6159109489001615,11,554.0,0.2248708047043811,0,4.0,0.8352677160470409,103,45507.0,0.01787755797585593,2,25.0,0.6033955416084659,1,48.0,0.37958382953444236,0,1.0,0.9852405978056838,3,103.0,0.404913002473138,10,122.0,0.1240440246929339,0,4.0,0.9750593449417082,130,46368.0
2390.0,127,25608.0,100.4235294117647,4.857515600026603,8,577.0,0.18227031811098288,0,4.0,0.9409417200214555,103,45983.0,0.035550592157392175,1,17.0,0.7819057784271665,3,32.0,0.36657933986393904,0,1.0,0.9800905698926373,3,100.0,0.48667738823942913,9,163.0,0.20040138153476358,0,13.0,0.9337092265158277,127,46890.0
2395.0,125,26053.0,102.1686274509804,4.51175761213104,8,602.0,0.18721055970972936,0,4.0,0.75204035319071,103,46448.0,0.01765409659219024,1,18.0,0.7428516533042483,2,23.0,0.3692088817641095,0,1.0,0.9248876253667482,1,119.0,0.5722991054179841,9,147.0,0.2198293954503312,0,20.0,0.8184718366642211,124,47382.0
2400.0,130,25569.0,98.3423076923077,4.47679503016866,13,646.0,0.15722712888586068,2,5.0,0.0007106717881586766,102,44509.0,0.03147394357108245,2,22.0,0.45750409196877717,2,26.0,0.2551376804143601,0,0.0,1.0,2,46.0,0.42198293885829175,1,113.0,0.509192668669091,2,13.0,0.49015566966632623,126,45380.0
2405.0,119,21352.0,80.27067669172932,4.936305944929005,12,666.0,0.08556650844263515,2,15.0,0.3011710940839634,89,41029.0,0.050868793158224346,5,36.0,0.43325564646438625,3,47.0,0.43943919205718185,0,0.0,0.683988903032662,0,19.0,0.6983394732257233,2,26.0,0.4518583310162583,2,17.0,0.5666990429293525,115,41855.0
2410.0,109,17722.0,66.8754716981132,5.544932649916947,13,710.0,0.134828473305772,0,0.0,0.9238481410461922,77,36893.0,0.0854167817475004,7,70.0,0.3479918726031637,2,38.0,0.5928505272931262,0,0.0,0.9511801700808833,1,34.0,0.6567625851435483,2,20.0,0.5190951747321615,2,27.0,0.5237585849657193,104,37792.0
2415.0,102,14376.0,54.24905660377358,5.6823455899319155,17,779.0,0.12749350917830793,0,0.0,0.9264166978371652,67,37222.0,0.08934017258402337,6,56.0,0.3857688055687234,0,21.0,0.6990685452251205,0,4.0,0.8820749980804061,3,42.0,0.5574531439536659,3,33.0,0.4577548009961911,1,6.0,0.7651009242795078,97,38163.0
2420.0,93,10389.0,39.50190114068441,5.8996618983939495,16,761.0,0.07730278004585599,0,0.0,0.9033993400810792,62,37537.0,0.08992364010487301,1,27.0,0.5897288690171306,1,12.0,0.769831129242218,0,4.0,0.786441187291676,2,14.0,0.34886172984022357,3,56.0,0.5752798093762436,1,10.0,0.6981559228985323,86,38421.0
2425.0,87,6064.0,23.14503816793893,5.51734858195397,15,744.0,0.09261845914850836,0,0.0,0.9682566167115625,56,37829.0,0.09819792055533749,1,39.0,0.6908878975722241,1,9.0,0.5639227547237541,0,0.0,1.0,3,10.0,0.34196758995382,2,42.0,0.6002028540912456,2,26.0,0.67218849131524,80,38699.0
2430.0,87,3942.0,15.10344827586207,5.567491303046064,13,658.0,0.16550148601959302,0,0.0,0.7297379713490909,57,38111.0,0.10115856202089718,2,43.0,0.6500680435705484,3,25.0,0.328171785105179,0,0.0,1.0,4,61.0,0.33284744434713126,4,53.0,0.47696981437606967,1,13.0,0.7292490779016847,84,38964.0
2435.0,92,2316.0,8.772727272727273,5.31602266670204,9,497.0,0.255227926194417,1,3.0,0.4414302752614197,55,38361.0,0.09845200036262777,1,28.0,0.40518755938570244,7,52.0,0.11001098840258502,0,0.0,0.9489737679701915,3,38.0,0.4537861074361481,7,81.0,0.11029670829024604,2,19.0,0.5747734673487976,85,39079.0
2440.0,86,1401.0,5.367816091954023,5.524194790136614,5,454.0,0.35232547139730463,0,0.0,0.8072461859267231,57,38619.0,0.114191275423029,4,43.0,0.41456373079322056,5,50.0,0.14810789638102292,0,0.0,0.9681240548981318,2,65.0,0.42899814655192636,6,57.0,0.283870231817185,3,32.0,0.31557476421524877,82,39320.0
2445.0,85,1219.0,4.617424242424242,5.52292120169056,7,469.0,0.3211262745448956,0,0.0,0.9538642611562927,63,38901.0,0.10149969545912993,5,65.0,0.3540507569298174,0,44.0,0.32058887906725936,0,0.0,0.906811884220713,4,43.0,0.23122376761018165,0,43.0,0.5078755793095241,1,1.0,0.007746665665941272,80,39566.0
2450.0,101,1585.0,6.003787878787879,5.5348037006711674,10,508.0,0.19212241522767895,0,0.0,0.9491925429071123,72,39177.0,0.1011839258129715,4,40.0,0.5235777423692198,0,8.0,0.7215782030949456,0,0.0,0.7714129295139939,5,71.0,0.37812259201377413,1,15.0,0.6868726903349601,1,5.0,0.4437865400111245,93,39824.0
2455.0,108,1934.0,7.409961685823755,5.342206548699056,12,530.0,0.15503337990885352,0,0.0,0.574092605109294,81,39544.0,0.07996008875948153,1,12.0,0.7803632806729008,0,8.0,0.6967498180865312,0,0.0,0.9843590510902813,6,92.0,0.209475491479731,1,14.0,0.6660032725244551,1,21.0,0.6644987908574137,102,40221.0
2460.0,118,2327.0,9.01937984496124,5.435417202027352,12,551.0,0.23815958186833386,1,2.0,0.0012260370435080228,91,39968.0,0.05344076561048478,3,12.0,0.5778866362105941,1,17.0,0.7390057887760569,0,0.0,0.980359626222686,4,83.0,0.31092544792755955,3,20.0,0.5201880430740997,0,36.0,0.9330130502610829,115,40689.0
2465.0,125,2915.0,11.2984496124031,5.365798876820598,13,575.0,0.13089135885755934,1,7.0,0.0,95,40438.0,0.05133894187415606,3,13.0,0.3656861686507713,2,25.0,0.6640912639178478,0,0.0,0.9979316175109922,4,81.0,0.3645224758912898,4,46.0,0.24865132627296355,0,25.0,0.9753185110518344,122,41210.0
2470.0,131,3447.0,13.36046511627907,4.94087740623767,13,551.0,0.15145693205945945,0,0.0,0.9805288075205483,98,40898.0,0.06259934444574332,3,17.0,0.10772284859326815,3,22.0,0.400674697973002,0,7.0,0.7624997161244939,4,72.0,0.15732536754850054,5,71.0,0.37025443226098503,1,1.0,0.002533392893763853,127,41639.0
2475.0,130,3835.0,14.922178988326849,4.9537196522500055,10,518.0,0.17871944748887816,0,0.0,0.9659372465799714,103,41377.0,0.028695102395813406,5,46.0,0.2940780726133485,1,22.0,0.4292382480978799,0,0.0,0.9631128908688974,5,46.0,0.26204272455281186,5,92.0,0.4363272134530287,0,4.0,0.8043844543873766,129,42105.0
2480.0,129,4333.0,16.665384615384614,5.375236808417122,9,344.0,0.14738615374842906,0,0.0,0.95814008541355,104,41872.0,0.017438099755297806,0,5.0,0.9024516849804012,1,9.0,0.607152473058365,0,0.0,0.9540782644777913,5,87.0,0.4458833136601819,6,118.0,0.5000522776609094,0,11.0,0.9046109828805978,125,42446.0
2485.0,127,4843.0,18.626923076923077,5.160386700980224,6,359.0,0.16728242610860375,0,0.0,0.9442439297697325,105,42368.0,0.034915059777982344,0,9.0,0.8377575794342622,1,13.0,0.7090051123707267,0,0.0,0.99673600823078,5,81.0,0.3425240707894147,6,148.0,0.3042464208366289,1,12.0,0.5756458554238104,124,42990.0
2490.0,133,5347.0,20.565384615384616,5.014124679876665,8,381.0,0.2198951762291906,0,0.0,0.9627808927323365,106,42856.0,0.033971309979763865,1,9.0,0.782952262335255,1,18.0,0.5747969934019895,0,6.0,0.9423841507852889,4,65.0,0.31004632242446123,8,118.0,0.22396837393949667,2,10.0,0.5869075078759652,130,43463.0
2495.0,134,5891.0,22.833333333333332,4.7437206698099885,11,431.0,0.14018383774815676,1,1.0,0.461893037641996,106,43349.0,0.03215672946499503,1,10.0,0.7874434582737877,2,18.0,3.158032136404886e-05,0,42.0,0.9609392524024087,5,73.0,0.25819615853123923,4,75.0,0.25263030027253786,2,7.0,0.6639555917665321,132,44006.0
2500.0,135,6231.0,24.33984375,4.707002753003184,13,417.0,0.11215292599960831,0,4.0,0.7306731375751075,104,41529.0,0.042505311251101095,2,23.0,0.6162974571605602,0,8.0,0.7710931538792593,0,42.0,0.9412011679229448,2,55.0,0.5200524319191222,6,55.0,0.4186210621144051,2,17.0,0.5448889043255454,129,42150.0
2505.0,115,5381.0,21.268774703557312,5.131029213066217,11,420.0,0.18953227859111166,1,8.0,0.7273195051542245,92,38802.0,0.051542900830530584,0,10.0,0.6922227256877299,0,8.0,0.8438182555371405,0,0.0,1.0,2,36.0,0.4541926799227491,3,35.0,0.5944013506364185,2,2.0,0.4915414924603554,111,39321.0
2510.0,100,4778.0,18.811023622047244,6.0653781516952305,9,325.0,0.2942341658609262,1,13.0,0.6870199620570658,79,34691.0,0.08709909314287259,0,14.0,0.682897196357223,0,16.0,0.7145539049152081,0,1.0,0.9286382623571077,3,51.0,0.5622155313643566,1,19.0,0.5603085048382516,2,37.0,0.4227803549836296,95,35167.0
2515.0,94,3983.0,15.743083003952568,5.475519458407094,7,363.0,0.2597295449999414,1,5.0,0.6046127877715649,68,34359.0,0.0958947242348554,3,39.0,0.5119883470271823,2,21.0,0.615480797149259,0,0.0,0.9637060869789376,1,9.0,0.48725989859698465,4,33.0,0.36407416591790087,4,54.0,0.5329463604996375,90,34883.0
2520.0,94,3419.0,13.513833992094861,5.414191065624907,9,402.0,0.20088715666073562,1,10.0,0.5985764103577403,64,34677.0,0.102830245517768,3,46.0,0.5734339179002163,2,16.0,0.6133963695723981,0,0.0,1.0,4,37.0,0.2952305111863971,5,37.0,0.5095241243995643,5,79.0,0.45682271708490374,93,35304.0
2525.0,92,2775.0,10.882352941176471,5.294872718697321,13,462.0,0.08962279717006641,1,15.0,0.6388092060547486,61,34973.0,0.09808692818054335,1,44.0,0.4870678242839269,4,32.0,0.4808806195543051,0,0.0,1.0,6,62.0,0.19947151796291124,4,42.0,0.43559560513008705,1,73.0,0.6984452335916794,91,35703.0
2530.0,88,2187.0,8.678571428571429,4.982825198892341,15,467.0,0.14267696113877562,0,4.0,0.7262444821257849,57,35248.0,0.09945600634626699,2,31.0,0.5731088810971104,4,39.0,0.3855417300900241,0,4.0,0.5760838282279251,2,48.0,0.305307106428137,6,60.0,0.43611821334814654,1,47.0,0.5190759700460865,87,35948.0
2535.0,81,1423.0,5.624505928853755,5.2613968413561505,12,477.0,0.11863283894728706,1,5.0,0.6356889161151601,55,35512.0,0.09601873283604119,2,28.0,0.2588172447708772,1,40.0,0.47989587506742487,0,0.0,0.9581069791134421,0,4.0,0.8143098864099448,4,50.0,0.40364519778332353,4,43.0,0.4009805655001261,79,36159.0
2540.0,82,1024.0,4.047430830039525,5.510472110157162,14,418.0,0.15108048232371643,1,10.0,0.725017745973139,54,35725.0,0.10120095803534666,3,41.0,0.4135365788341749,2,21.0,0.5183960080097912,0,0.0,0.9384569032923726,1,2.0,0.5710585459769962,3,34.0,0.45002802898075706,3,54.0,0.4884510412131967,81,36305.0
2545.0,94,1331.0,5.24015748031496,5.05813570792052,15,411.0,0.06007636900134185,0,0.0,0.6266035304014894,60,35979.0,0.07780015011428833,4,61.0,0.4674430950064014,4,38.0,0.47391826466550363,0,0.0,0.9486780674221461,2,5.0,0.40910220739610076,2,33.0,0.572187472572944,5,82.0,0.3795292650139947,92,36609.0
2550.0,103,1582.0,6.203921568627451,4.644572850910258,14,422.0,0.05994473058797365,1,4.0,0.5026315843890891,70,36305.0,0.030687860315577187,3,13.0,0.4576551911008282,4,50.0,0.49196001362197495,0,0.0,0.578953046463919,2,10.0,0.4483764342928075,2,21.0,0.5630600475562731,4,89.0,0.3234740582216569,100,36914.0
2555.0,113,1957.0,7.5852713178294575,5.127376399555577,11,400.0,0.1486081048635356,2,12.0,0.41721972420933284,82,36701.0,0.03256893720397451,2,18.0,0.6195040698337844,6,67.0,0.43020936510306307,0,4.0,0.9528148004989068,3,25.0,0.2492469938998707,3,34.0,0.4026313016016267,1,36.0,0.378602399143183,110,37297.0
2560.0,123,2395.0,9.429133858267717,4.646031258708463,7,401.0,0.16489582008770515,1,8.0,0.6314326815928737,92,37140.0,0.025267172991550128,2,28.0,0.6114571965015116,7,68.0,0.312513151251561,0,0.0,0.977896780181049,2,16.0,0.33185658513499644,5,59.0,0.4201831677153288,2,35.0,0.47293827980366615,118,37755.0
2565.0,122,2786.0,11.055555555555555,4.758021067029991,11,446.0,0.18722548914163023,0,0.0,0.7433622028054716,99,37607.0,0.014556775354979746,1,19.0,0.6628985974901422,2,43.0,0.2789539679622289,0,0.0,0.9751587407427216,0,12.0,0.25550413008093864,4,48.0,0.5277708572966784,3,23.0,0.4993945598360631,120,38198.0
2570.0,120,3305.0,13.063241106719367,5.091150958651722,13,505.0,0.15981265823481833,0,0.0,0.9102936954987948,98,38083.0,0.029694271884241823,2,10.0,0.6193187603059721,0,35.0,0.34943892858260883,0,1.0,0.964747819250616,1,15.0,0.42894064583114777,3,60.0,0.48958038093764117,3,36.0,0.540428001740018,120,38745.0
2575.0,129,3864.0,15.272727272727273,4.696480402762504,15,529.0,0.12115317921528969,0,0.0,0.9275677794106274,99,38562.0,0.04158635124487005,3,19.0,0.6565888515474538,2,39.0,0.46072711250273257,0,0.0,0.9416653265374079,0,34.0,0.730872998317452,5,71.0,0.35939062402879346,4,51.0,0.3940490371058278,128,39305.0
2580.0,138,4304.0,17.011857707509883,4.199182998561847,15,580.0,0.10696037596608984,1,2.0,0.5316796214689848,102,39063.0,0.04383640314478728,1,5.0,0.6078831645565056,4,55.0,0.5183480482513361,0,0.0,0.9591156653066079,2,38.0,0.33660034771912883,6,45.0,0.24485574361236984,5,55.0,0.15917707912746068,136,39843.0
2585.0,136,4878.0,19.0546875,4.540629473188018,16,578.0,0.08646962551156995,2,11.0,0.2524068869949401,103,39568.0,0.025156916637200318,2,13.0,0.2923933886897197,4,75.0,0.31584600066106544,0,0.0,0.9389789326090764,3,60.0,0.4561436749218566,3,35.0,0.36555448379878946,1,18.0,0.22622634696268426,134,40358.0
2590.0,136,5464.0,21.17829457364341,4.554611005661023,15,584.0,0.09250009367966561,2,15.0,0.4589261630307552,103,40071.0,0.02673561413839407,3,25.0,0.2999660319008778,5,81.0,0.3278007500413303,0,0.0,0.9386815692321667,1,42.0,0.5445775797544012,2,29.0,0.5742632157129279,1,10.0,0.4510736131683767,132,40857.0
2595.0,125,5822.0,22.653696498054476,4.930824112859211,15,600.0,0.11981658488289536,0,7.0,0.7124663289346178,103,40561.0,0.026165761628844587,2,35.0,0.5284636490856484,1,69.0,0.5645737539946196,0,11.0,0.9674034486275395,2,36.0,0.4058697933265379,1,7.0,0.6806583450569014,0,0.0,0.024993013621270353,124,41326.0
2600.0,127,6322.0,24.315384615384616,5.447703043525256,15,559.0,0.1298952106132026,0,2.0,0.9356152967347566,103,41052.0,0.036685959630351435,0,22.0,0.8604952861560544,1,23.0,0.7403041627373369,0,16.0,0.9827756531867452,3,50.0,0.35866434381340656,3,16.0,0.43065632310402907,1,9.0,0.009539889546111652,126,41749.0
2605.0,123,6780.0,26.27906976744186,4.921542078758052,11,521.0,0.1527965565899969,0,2.0,0.6766889529342878,103,41533.0,0.027326844951190345,1,12.0,0.6715782499275772,1,23.0,0.6500417572431872,0,6.0,0.9579803557825849,0,0.0,0.43699464409136696,4,35.0,0.377901125962934,2,22.0,0.33011777190504527,122,42154.0
2610.0,134,7365.0,28.76953125,4.403703551016744,12,583.0,0.1674259759255861,1,6.0,0.5915179299252475,103,42019.0,0.039938050252238684,3,17.0,0.33100181440990273,5,36.0,0.3636614545231206,0,0.0,1.0,0,0.0,0.7587193727209314,6,50.0,0.2447384916597738,1,13.0,0.45122961949009693,131,42724.0
2615.0,142,8022.0,31.214007782101167,4.143457460614836,17,651.0,0.06953045644611465,1,11.0,0.5444645632595146,103,42497.0,0.02761912940864811,2,23.0,0.5364037868532993,9,72.0,0.1549502916533149,0,0.0,1.0,2,10.0,0.5610526949300174,5,79.0,0.39199350526102533,0,4.0,0.7849112415657258,139,43347.0
2620.0,143,8619.0,33.02298850574713,4.153129729376569,18,664.0,0.04889444930765952,0,2.0,0.631139494558914,105,42987.0,0.03795821832216577,3,27.0,0.24502091603380644,10,95.0,0.11424112932361856,0,0.0,0.9380954827887089,1,16.0,0.6146834849466732,5,100.0,0.38747771218477134,1,9.0,0.7318478504568201,143,43900.0
2625.0,136,8992.0,33.80451127819549,4.611882432944698,15,681.0,0.1091206699321592,1,6.0,0.47490076636866196,106,43495.0,0.05392255844887793,4,28.0,0.22884868124819005,3,86.0,0.2716041082489987,0,0.0,0.6924095007679273,0,17.0,0.6982611520155869,4,65.0,0.45437607250992035,0,4.0,0.5795982691811582,133,44382.0
2630.0,129,9491.0,35.41417910447761,4.8861787609761285,14,696.0,0.09184970872752835,1,11.0,0.45391063337278653,105,44003.0,0.025378358194271537,2,33.0,0.6837133049682445,1,43.0,0.34814169262159916,0,0.0,0.7189654394777498,1,17.0,0.37000356521288386,1,28.0,0.4717076868112905,0,0.0,0.6625299801729354,125,44831.0
2635.0,138,10101.0,37.55018587360595,5.179091177376961,16,680.0,0.06395392463352673,0,0.0,0.2636173560889222,108,44517.0,0.0181574768518703,2,32.0,0.6786766200987568,1,39.0,0.6283739824158886,0,0.0,0.9460293490792866,1,14.0,0.6210347063365645,2,9.0,0.5277972477423993,1,4.0,0.6371470390100951,131,45295.0
2640.0,130,10521.0,39.111524163568774,5.2035776271278005,13,693.0,0.1460281383481837,0,0.0,1.0,106,45011.0,0.021331958709044842,1,14.0,0.6731520717119645,3,50.0,0.7235022662045675,0,12.0,0.9452639048691625,1,12.0,0.4396008218597169,0,0.0,0.4719684647238867,0,0.0,0.8319168640025429,124,45792.0
2645.0,137,11074.0,41.946969696969695,5.067305456522688,11,611.0,0.23133117361196517,0,4.0,0.9810161411746043,107,45520.0,0.01822376463160248,3,19.0,0.6086525418578417,3,61.0,0.46429453967169404,0,14.0,0.8299801038684785,2,13.0,0.3263001853915094,2,6.0,0.4911067060451481,1,5.0,0.7510629503768471,129,46253.0
2650.0,140,11600.0,43.77358490566038,4.543393144820164,12,652.0,0.14399478306403482,0,4.0,0.9546485852011386,108,46024.0,0.008773924877113577,3,30.0,0.4090559491665794,4,53.0,0.18111072184714877,0,0.0,0.9468371366504323,0,0.0,0.562659413289119,2,19.0,0.5798016600205648,1,-18.0,0.8020280690877881,130,46764.0
2655.0,139,12191.0,44.98523985239852,4.533560931479754,13,719.0,0.09544890218560045,0,4.0,0.9552518964325533,108,46521.0,0.0,2,22.0,0.4458002114101606,0,19.0,0.5224372577198695,0,0.0,1.0,1,2.0,0.7085669917508371,2,29.0,0.32993309615922495,0,-26.0,0.8509715265879667,126,47290.0
2660.0,147,12878.0,47.696296296296296,4.39920448291284,15,782.0,0.0789915817193816,0,4.0,0.961661558797694,108,47025.0,0.01683230040393522,2,19.0,0.7247212363644631,0,6.0,0.667709563648506,0,0.0,0.9517251131059002,1,7.0,0.5200673383256215,4,49.0,0.40723818576160625,2,-27.0,0.6179281956507293,132,47865.0
2665.0,154,13540.0,50.33457249070632,3.7798149859913717,18,795.0,0.11650615999439516,0,4.0,0.8988711065045936,108,47530.0,0.029914609662129058,2,29.0,0.6366596454942574,1,8.0,0.4851824559853816,0,0.0,0.35982733028372715,2,8.0,0.40083715548771975,5,73.0,0.4708298772465852,2,23.0,0.29222483974888996,138,48470.0
2670.0,151,13963.0,51.146520146520146,3.6519589533482266,16,860.0,0.09176670732179958,0,0.0,0.9700102354309679,110,48041.0,0.020016697729359715,3,8.0,0.44542701943148305,3,17.0,0.3842299785360501,0,0.0,0.9478251112413207,4,15.0,0.07972398077804811,2,14.0,0.6888697144189114,1,9.0,0.6297543011372149,139,48964.0
2675.0,145,14458.0,53.35055350553505,4.437164249243431,15,802.0,0.10690081191463431,0,0.0,0.9747224712445753,110,48562.0,0.01719971048025788,1,14.0,0.5360325591612479,3,38.0,0.378265078989172,0,26.0,0.9617689136478975,7,66.0,0.19201163857985912,1,12.0,0.6192311630932847,1,7.0,0.7246668222308048,138,49527.0
2680.0,145,15047.0,55.11721611721612,4.56748735557083,16,781.0,0.04278323743108363,0,4.0,0.9616176511455793,110,49081.0,0.02568237197554978,3,26.0,0.3238337775136699,2,38.0,0.5497041323651038,0,26.0,0.9421284064653569,3,78.0,0.293445991322051,2,18.0,0.4674702237227428,2,9.0,0.483294321817596,138,50061.0
2685.0,136,15444.0,56.16,4.801027245551358,14,759.0,0.05996200571465653,0,4.0,0.9601227760530504,110,49583.0,0.03272479372532881,3,33.0,0.5540535851576018,1,9.0,0.7647304723972747,0,1.0,0.9577407831453361,1,107.0,0.4751845443279184,2,16.0,0.47554113693774375,1,1.0,0.6898467737963901,132,50513.0
2690.0,140,15995.0,59.24074074074074,4.978621765186091,14,597.0,0.0911273474645998,0,4.0,0.938021665589188,110,50082.0,0.03962453295808401,2,25.0,0.6246839281749567,3,21.0,0.5984624343363787,0,1.0,0.9945961083714124,2,124.0,0.515322997133792,2,27.0,0.6241372737790222,0,20.0,0.9258973123952021,133,50901.0
2695.0,132,16431.0,60.18681318681319,4.765960280253805,10,642.0,0.1524254008562947,0,4.0,0.8672661930255035,110,50573.0,0.02675148546471332,3,33.0,0.6245360635749378,1,9.0,0.775489695781225,0,0.0,0.7738571698227175,2,191.0,0.4420644413408832,3,34.0,0.5291203148829459,0,33.0,0.6266777801990633,129,51519.0
2700.0,134,16971.0,61.04676258992806,4.445103974314122,9,686.0,0.2185250841898663,1,5.0,0.3462916111320941,111,51063.0,0.01680818724708718,3,44.0,0.5153726916085624,1,14.0,0.5379168508890362,0,0.0,0.9567231357475044,3,122.0,0.38238790156517294,1,10.0,0.6919534416185359,1,34.0,0.6844508986843666,130,51978.0
2705.0,143,17631.0,63.42086330935252,4.4360183594783535,12,738.0,0.1998700100304903,2,13.0,0.33193271165908617,111,51557.0,0.03306934244596413,1,46.0,0.588132709006334,3,21.0,0.3722326691834266,0,0.0,0.9013197640078924,4,59.0,0.36998323181192166,2,16.0,0.07564647667064131,0,14.0,0.8401697893321138,135,52464.0
2710.0,154,18291.0,65.09252669039147,4.206838064534321,15,751.0,0.16233404414323493,1,13.0,0.4956334700127602,113,52069.0,0.02448813155582938,1,26.0,0.5443274924689271,2,12.0,0.3749709937737141,0,0.0,0.9935097632036843,3,66.0,0.43518727394090717,4,36.0,0.38525287299495353,1,16.0,0.6592476594480378,140,52989.0
2715.0,146,18798.0,67.13571428571429,4.636451959093777,15,773.0,0.20769880709737779,1,9.0,0.6268736228676476,112,52610.0,0.029530772968038615,1,35.0,0.6097608250860874,0,0.0,0.912164786613485,0,17.0,0.9822425011371383,1,41.0,0.6249200739675437,2,24.0,0.5486298222948729,0,8.0,0.7326764978267188,132,53517.0
2720.0,144,19369.0,69.42293906810036,4.9311936873366395,15,774.0,0.12763211449908293,1,14.0,0.7254175497713564,114,53164.0,0.024378276628549345,2,41.0,0.6021842793916214,0,0.0,0.9240664046574688,0,17.0,0.9626794935656036,2,28.0,0.3959156563841458,0,7.0,0.7255489092617523,1,13.0,0.48021493394667325,135,54058.0
2725.0,143,19973.0,71.33214285714286,4.659426029834857,17,738.0,0.11900648538001961,0,1.0,0.9316913515886772,114,53710.0,0.02422666619545313,0,13.0,0.592207749264139,0,4.0,0.8493701300219527,0,0.0,0.9604957042549362,1,23.0,0.3850681408895452,1,4.0,0.7533660135830421,3,26.0,0.31151206100206236,136,54519.0
2730.0,145,20533.0,72.29929577464789,4.712245075398827,14,728.0,0.17053006106535734,1,3.0,0.6248403010640593,115,54230.0,0.01605064189899679,3,23.0,0.38047857053756684,0,8.0,0.9424079731221882,0,0.0,0.8321134517793377,2,57.0,0.554854864598956,1,9.0,0.7973481628040658,2,11.0,0.5836778836781983,138,55069.0
2735.0,150,21076.0,74.47349823321555,4.8534956119819705,15,633.0,0.15613562825837837,1,12.0,0.7235918636259352,115,54724.0,0.024690970325410518,6,50.0,0.42039336950682316,0,8.0,0.8899319271869051,0,0.0,0.9262606775515281,3,80.0,0.4739885679414454,1,14.0,0.5705568828084345,0,3.0,0.7992109168481883,141,55524.0
2740.0,148,21642.0,77.01779359430606,4.60503576726021,15,678.0,0.11962731167124696,0,8.0,0.8521286883429499,115,55200.0,0.00784263042525775,3,65.0,0.2004653910814352,0,4.0,0.8194460852288787,0,0.0,0.9683607244000909,4,103.0,0.3693059726793985,5,32.0,0.44566583869128207,0,0.0,0.9395959295557312,142,56090.0
2745.0,147,22178.0,78.92526690391459,4.464469005837619,15,733.0,0.21036940444809207,1,11.0,0.7398453620503146,115,55688.0,0.007837611965912986,1,31.0,0.36209551404272144,1,5.0,0.6326798603270808,0,0.0,0.969034523644825,2,127.0,0.5932607595500262,4,32.0,0.5942545522992827,1,2.0,0.6995235874119506,140,56629.0
2750.0,155,22863.0,81.36298932384342,4.358440042208556,20,772.0,0.1286318134100633,1,16.0,0.7104076545648139,115,56191.0,0.0,1,13.0,0.6494208119644098,3,18.0,0.2978049034323775,0,17.0,0.9595072772783833,1,123.0,0.5138881962168682,2,27.0,0.6323894028918815,1,7.0,0.6736768366822973,144,57184.0
2755.0,161,23535.0,83.16254416961131,4.01258271168437,24,805.0,0.08835982772230068,0,8.0,0.6851535474458895,115,56707.0,0.007913055557953144,1,4.0,0.4342866401676713,1,11.0,0.46784396357444546,0,17.0,0.9633990871757737,3,138.0,0.3719401508553055,4,43.0,0.46741761062081966,1,12.0,0.5099075953015396,149,57745.0
2760.0,165,24113.0,85.20494699646643,3.9914519848895806,20,843.0,0.09149312910357317,1,13.0,0.7773861463181344,115,57231.0,0.005241910665644442,5,21.0,0.3123916467576896,1,13.0,0.7756545878568756,0,0.0,1.0,5,94.0,0.21275502953329437,4,24.0,0.242464459742247,1,30.0,0.7503255496210136,152,58269.0
2765.0,158,24738.0,86.8,4.216454722496566,17,881.0,0.06602860381038754,2,11.0,0.5454655986813959,115,57757.0,0.00797716253125723,6,51.0,0.20194958096430954,1,22.0,0.6425475096167789,0,0.0,1.0,2,65.0,0.3052206746468744,3,24.0,0.3681917823577772,0,31.0,0.8798689718587575,146,58842.0
2770.0,160,25386.0,89.07368421052631,4.147235599595765,16,855.0,0.11259201434726615,3,10.0,0.19023093678848071,115,58275.0,0.008600867508990803,3,33.0,0.22501945473190152,2,30.0,0.5085425971843265,0,0.0,0.9653041384386303,3,89.0,0.3145366797610801,4,38.0,0.24554445378947926,0,4.0,0.881957305586272,146,59334.0
2775.0,150,25849.0,91.98932384341637,4.221192318636002,14,823.0,0.107873521307867,0,7.0,0.35170720758116025,115,58779.0,0.016516530827767703,1,20.0,0.7041817125425807,4,36.0,0.6358472599148378,0,0.0,1.0,2,103.0,0.3858991179917301,1,9.0,0.6513940591972107,0,4.0,0.7146466749872531,137,59781.0
2780.0,148,26417.0,94.68458781362007,4.661009485462537,14,642.0,0.22301536273552003,0,1.0,0.7322203243787065,115,59278.0,0.008021200396766045,2,30.0,0.5768515272932087,1,20.0,0.664827518912071,0,0.0,1.0,1,92.0,0.5697678778864665,0,4.0,0.809429074893115,1,6.0,0.8138209454455007,134,60073.0
2785.0,148,26986.0,95.69503546099291,4.559081940803683,12,598.0,0.22776628335754887,1,2.0,0.0020993030927944282,115,59772.0,0.01677820607250623,0,5.0,0.932134829709749,3,22.0,0.5231446304396176,0,0.0,1.0,2,195.0,0.45152659140628604,1,6.0,0.6787664664451961,1,15.0,0.8133683478744145,135,60615.0
2790.0,153,27602.0,96.5104895104895,4.1515272753452415,16,660.0,0.26170572789950153,1,7.0,0.0,115,60248.0,0.008607131112263388,0,1.0,0.7394075254098663,2,15.0,0.6051105713431826,0,0.0,1.0,2,97.0,0.4819464333398968,3,17.0,0.5013663759322218,1,5.0,0.7782953920347261,140,61050.0
2795.0,164,28169.0,99.18661971830986,3.736643020037789,21,754.0,0.20372406628628348,2,16.0,0.32867065772852583,115,60718.0,0.0,3,20.0,0.5424209789625025,4,30.0,0.4560304699814341,0,0.0,0.6693400237383071,0,139.0,0.5350194995467314,4,35.0,0.36135572663992205,2,18.0,0.5939977766835375,151,61730.0
2800.0,170,28877.0,100.96853146853147,3.683694621839914,23,791.0,0.1526874270374122,0,4.0,0.6543655918363985,115,61206.0,0.008281175171781027,2,20.0,0.6511206450574744,6,54.0,0.18774861563787248,0,0.0,0.8217901558842524,0,51.0,0.8661517117593369,6,57.0,0.14410991624586117,4,33.0,0.3616631702536921,156,62216.0
2805.0,167,29559.0,101.92758620689655,4.265993537694001,25,856.0,0.10605421743063186,0,4.0,0.895724153535475,115,61703.0,0.008308437185726374,0,7.0,0.8064561707140195,5,45.0,0.2749752871068951,0,0.0,1.0,0,61.0,0.9448228362929109,5,42.0,0.13201597618066976,3,27.0,0.5476853130275899,153,62745.0
2810.0,159,30115.0,103.48797250859107,4.749808567230409,24,921.0,0.09581226677416628,0,4.0,0.9834644525870639,115,62196.0,0.03053924896477128,1,10.0,0.6101826005619164,1,31.0,0.4849237299296083,0,0.0,1.0,0,53.0,0.6730122907732451,2,28.0,0.6006227658286704,0,15.0,0.7548864728858407,143,63258.0
2815.0,159,30700.0,106.96864111498257,4.482320239460533,22,932.0,0.07096498805675794,0,4.0,0.942173689051738,115,62682.0,0.021163777052314217,1,13.0,0.7503934252492988,1,24.0,0.48559166789512004,0,0.0,0.9384947451357188,2,95.0,0.419774428005311,2,33.0,0.6584981417523192,2,18.0,0.4791983395897908,145,63801.0
2820.0,159,31243.0,108.48263888888889,4.437543066744672,19,946.0,0.13492239927606642,0,4.0,0.8982583240505936,115,63155.0,0.016244870208021622,1,33.0,0.7922754154967138,1,11.0,0.787607087354535,0,0.0,0.9525172593877772,5,113.0,0.21983895246215895,1,19.0,0.7669069152607096,3,12.0,0.37305456061489944,145,64293.0
2825.0,159,31867.0,110.64930555555556,4.233721597148221,19,893.0,0.10921506393266145,0,4.0,0.9076184417021605,115,63616.0,0.015982504295919027,1,24.0,0.4293380750984263,0,9.0,0.8623624798997461,0,0.0,1.0,5,104.0,0.33980591507335184,4,28.0,0.5101438789607001,1,5.0,0.46854527402378165,145,64683.0
2830.0,164,32510.0,113.67132867132867,3.626854031746463,19,911.0,0.15829667132803923,0,4.0,0.9032995651577177,115,64076.0,0.008541545773596771,4,37.0,0.34993257929442045,0,13.0,0.5101228884122185,0,0.0,0.9862005439998702,2,25.0,0.3444764434803981,6,58.0,0.333156186376705,2,15.0,0.6063320408289451,148,65139.0
2835.0,175,33175.0,115.9965034965035,3.2178197108679636,15,965.0,0.17188120341204338,0,4.0,0.9731630816495057,115,64530.0,0.007683845022036148,6,65.0,0.3458588684544682,3,16.0,0.4116769945413795,0,0.0,0.9241784870175197,6,39.0,0.21835907117734019,8,68.0,0.4492041806480446,2,5.0,0.5381567922313971,155,65692.0
2840.0,169,33922.0,117.37716262975779,3.4022307810760455,18,980.0,0.13461406145611005,0,4.0,0.8178279469538268,115,64992.0,0.024886629834182168,2,43.0,0.38389217056019304,0,10.0,0.37841157127537367,0,0.0,1.0,4,33.0,0.127134650089353,7,105.0,0.4678631150182497,3,20.0,0.6136767840125864,149,66187.0
2845.0,167,34621.0,120.63066202090593,3.8751721362292715,21,975.0,0.06591190870008061,0,4.0,0.7774205304607741,115,65455.0,0.029960877219230464,0,5.0,0.932797624870284,2,16.0,0.6198943396030971,0,14.0,0.9643699471869953,1,11.0,0.2615571567280116,9,147.0,0.37652267115311316,3,38.0,0.5485975730929005,151,66665.0
2850.0,170,35230.0,121.06529209621993,4.0161272217059425,22,1023.0,0.1413600760731618,1,7.0,0.6295689794849576,115,65927.0,0.04740933520049797,0,1.0,0.958534124932221,0,10.0,0.9675690424642399,0,0.0,0.9850830384453471,1,16.0,0.32026650266383405,9,142.0,0.13659748263421795,1,10.0,0.7072339234398597,149,67136.0
2855.0,162,35774.0,124.21527777777777,3.9677951462130343,18,983.0,0.12078412363026021,1,12.0,0.5569989387454047,115,66387.0,0.03120057870293785,0,5.0,0.9000251915600462,0,4.0,0.6501856194089191,0,0.0,0.9461601969923675,1,18.0,0.39627152887287437,5,124.0,0.21095139139244787,2,11.0,0.44383883118064077,142,67544.0
2860.0,167,35513.0,121.61986301369863,4.0767440191276885,19,958.0,0.0876576075360418,1,12.0,0.74878691440582,113,64224.0,0.02462191904116194,0,9.0,0.8415407516508059,1,6.0,0.5648257375137223,0,7.0,0.9952070071098174,3,88.0,0.5209913617019075,7,96.0,0.3328000011031145,4,32.0,0.44386359519442203,148,65432.0
2865.0,152,30934.0,104.50675675675676,4.470992529660066,19,993.0,0.07341768255215564,1,17.0,0.6959950798635507,98,62046.0,0.060662641161065144,0,5.0,0.6490033557639088,0,4.0,0.9660398848509885,0,7.0,0.981573256092709,3,38.0,0.5671714277367191,10,116.0,0.2733940227555344,2,18.0,0.6414721536735605,133,63244.0
2870.0,141,27064.0,91.43243243243244,4.730244523961337,20,975.0,0.11361457787318364,2,23.0,0.5522719630153606,85,57063.0,0.10047736890770817,1,8.0,0.7252739158041656,0,8.0,0.7268254070439237,0,0.0,1.0,2,89.0,0.5445105568961444,9,120.0,0.3902185467515522,2,35.0,0.5804898118804671,121,58321.0
2875.0,136,23148.0,77.67785234899328,4.591757043226546,18,977.0,0.11546378497857321,0,4.0,0.8941642098805219,73,54796.0,0.10860442177873599,1,13.0,0.7933991488903636,0,0.0,0.7363222642447581,0,0.0,1.0,2,53.0,0.5428343040996151,10,157.0,0.3363279485512553,5,53.0,0.5202660669177995,109,56053.0
2880.0,121,19137.0,63.79,4.773642332372438,13,1024.0,0.18192743138715864,0,4.0,0.8899287095386609,68,55069.0,0.10150636241900501,0,0.0,0.7370507217769546,0,0.0,0.6617558322519222,0,0.0,1.0,4,118.0,0.47990614587560704,9,128.0,0.3114499246238039,2,31.0,0.5677463336290296,96,56374.0
2885.0,114,14844.0,49.3156146179402,4.910314545335455,17,1062.0,0.09988122052948548,0,8.0,0.7893214477870805,63,55308.0,0.0819342057418506,2,7.0,0.5485635079509042,1,13.0,0.6708033227796746,0,4.0,0.9351861313146422,5,45.0,0.27797597755157427,3,113.0,0.350187473160691,2,36.0,0.5472579870779187,93,56596.0
2890.0,121,11673.0,38.652317880794705,4.8365184941677075,19,1081.0,0.09035096874847826,0,12.0,0.6382142378118967,62,55543.0,0.08105136683358087,4,23.0,0.4263741630436722,1,27.0,0.5679603121327373,0,0.0,0.9576744170851677,6,7.0,0.35750245412253107,3,80.0,0.2943446666973348,4,55.0,0.3565597009461135,99,56828.0
2895.0,117,8628.0,28.38157894736842,4.836462920232322,17,1122.0,0.09783331919736958,2,20.0,0.6252063883296248,62,55785.0,0.08416187013024642,1,12.0,0.42569849796841436,1,19.0,0.6958198117335287,0,0.0,0.9095724521546691,6,43.0,0.3718418039511331,4,38.0,0.2170328521526767,2,24.0,0.46801950910871076,95,57063.0
2900.0,125,5614.0,18.589403973509935,5.234099521127458,19,987.0,0.12403990225580531,2,30.0,0.598806051527684,62,55733.0,0.06127872630485099,1,12.0,0.7203862665093894,2,18.0,0.7173256319218904,0,0.0,0.9370311086517336,5,44.0,0.39517724665156884,6,68.0,0.3902592181470753,1,10.0,0.5895945837347938,98,56902.0
2905.0,125,3441.0,11.281967213114754,4.989675116029418,21,1092.0,0.14403930322693623,1,21.0,0.7745107282631253,60,55771.0,0.09547815292901622,2,22.0,0.6569451820495147,2,23.0,0.6229757287600763,0,0.0,0.9499754958163319,0,19.0,0.4934790014964084,7,91.0,0.38842729355222577,4,24.0,0.4098369852491464,97,57063.0
2910.0,140,3393.0,11.052117263843648,4.685102498243323,24,1207.0,0.0854065916332558,0,8.0,0.9284744351761627,70,56190.0,0.0657091761923951,0,6.0,0.8188005644745375,1,8.0,0.6508249718015133,0,0.0,0.9248373632524262,3,41.0,0.29010928632404254,7,126.0,0.40051981849726254,6,51.0,0.25033218175737876,111,57637.0
2915.0,150,3536.0,11.443365695792881,4.183741102549839,30,1333.0,0.05928635286371811,0,4.0,0.8723805436573052,79,56803.0,0.05195111666109386,1,14.0,0.5987262830588341,1,17.0,0.4924887518132668,0,0.0,0.9875017474086135,2,25.0,0.41271373696379676,7,114.0,0.22853905125693005,5,36.0,0.07553769453608514,125,58346.0
2920.0,163,3769.0,12.316993464052288,3.827106353321291,32,1490.0,0.035325748307142774,0,4.0,0.7665978280729783,88,57272.0,0.03711811850995068,5,33.0,0.38721627267998515,5,43.0,0.35515457967639796,0,0.0,0.9582427144678354,2,34.0,0.45688814871068656,10,158.0,0.08230977687195935,1,23.0,0.435255468457126,143,59057.0
2925.0,173,4160.0,13.506493506493506,4.1726231375232095,31,1639.0,0.049831327563945704,2,10.0,0.6549082138647748,98,57867.0,0.04635597380322012,6,48.0,0.41709024689667906,6,52.0,0.2783612457191869,0,0.0,0.9630802356244303,3,46.0,0.2410378385028987,9,204.0,0.10465279361993368,1,13.0,0.7684696062205887,156,59879.0
2930.0,162,4511.0,14.504823151125402,4.337302622592371,31,1778.0,0.03956244987725194,2,20.0,0.5304471440089984,102,58408.0,0.031467136207919175,1,39.0,0.606233731937363,4,65.0,0.15475323648176276,0,0.0,0.9902480228731678,1,41.0,0.5082807262342048,8,176.0,0.1768231189822046,0,4.0,0.7732015976300533,149,60531.0
2935.0,161,4930.0,15.85209003215434,4.031677645014164,28,1786.0,0.09123532970290964,1,9.0,0.5518556089080617,109,58976.0,0.013959277962816418,1,40.0,0.6831920177154817,4,52.0,0.16765974387714158,0,0.0,0.8272903963503503,1,44.0,0.4102429472980138,2,119.0,0.3692488169879625,1,5.0,0.39978047090209257,147,61031.0
2940.0,166,5544.0,17.76923076923077,4.265836711705573,22,1815.0,0.1571142777167076,2,8.0,0.4732560164436873,111,59442.0,0.016778737251890774,2,43.0,0.72675241476236,1,26.0,0.4410939322761663,0,1.0,0.962351686341853,2,52.0,0.21890160724239877,3,46.0,0.42710688488896875,2,19.0,0.33301287806218205,145,61452.0
2945.0,166,6200.0,20.0,4.229912853351387,20,1766.0,0.10660917484517678,2,18.0,0.5652277041393999,111,59910.0,0.008873173919357028,2,67.0,0.6711780367566592,3,35.0,0.5908598941050646,0,7.0,0.7983807494003823,1,41.0,0.3702594067291527,2,14.0,0.48434388327508016,0,4.0,0.8970086276129605,141,61862.0
2950.0,180,6956.0,22.15286624203822,4.222407928234637,21,1724.0,0.09007991009630084,1,19.0,0.6010085616320595,111,60366.0,1.7589765155083517e-07,5,78.0,0.4625773175280071,3,54.0,0.46985867519960256,0,0.0,0.9248133454871016,1,25.0,0.6210449421504584,3,33.0,0.5577048764228273,0,4.0,0.8879652330791344,145,62303.0
2955.0,188,7479.0,23.818471337579616,3.723432360896984,19,1539.0,0.05946690011815202,0,8.0,0.9478022543654349,111,60825.0,0.008722429478534527,9,141.0,0.18510209564219265,4,51.0,0.3527598660560212,0,0.0,0.9335868819190898,2,12.0,0.34186322822708165,4,50.0,0.5821472567142575,1,11.0,0.5347963023169451,150,62637.0
2960.0,191,7983.0,25.34285714285714,3.703997055360666,18,1403.0,0.13279885755847107,2,10.0,0.5639103509446849,111,61280.0,0.004662980967285375,10,131.0,0.2208636208345415,1,41.0,0.4826252321134826,0,0.0,0.9647334077971097,1,4.0,0.5476663482566266,4,70.0,0.5601373230493026,0,4.0,0.6481918250764528,147,62943.0
2965.0,186,8375.0,26.757188498402556,3.719979590706979,13,1456.0,0.11901239401437097,0,4.0,0.8302773596166139,111,61729.0,0.0,6,127.0,0.2979617685711317,1,14.0,0.6172577133264615,0,0.0,0.9158220100680468,1,1.0,0.6294349673916557,4,93.0,0.3601721385604986,1,9.0,0.5779715735580745,137,63433.0
2970.0,183,8802.0,28.30225080385852,3.6380960869374412,10,1491.0,0.1615234109284029,1,6.0,0.44771459920312145,111,62179.0,0.016760037664838773,3,116.0,0.5236767813277917,1,5.0,0.63976458843409,0,0.0,0.9936272239192463,2,7.0,0.3196736324751595,8,127.0,0.2401934736427421,3,14.0,0.5196849119554893,139,63945.0
2975.0,181,9320.0,29.58730158730159,3.6336691313402065,13,1602.0,0.22805026433610848,2,13.0,0.4878014948006388,111,62620.0,0.004391636543880306,3,93.0,0.5420366553788488,2,13.0,0.47911201013427973,0,0.0,0.9443993830926695,1,6.0,0.1210777851369652,6,82.0,0.13871060692764553,0,0.0,0.8999938070091306,138,64429.0
2980.0,183,9494.0,30.235668789808916,3.599317782276674,16,1678.0,0.18118172408472613,1,12.0,0.7228156756283679,108,60458.0,0.0,7,112.0,0.32539137281511327,2,27.0,0.25374803516733646,0,0.0,0.9246536378384376,1,6.0,0.3979764878191445,4,51.0,0.38670040569258374,2,11.0,0.6132274514791893,141,62355.0
2985.0,168,8503.0,27.079617834394906,3.9917225103983363,16,1766.0,0.20832215820488226,0,5.0,0.9404468214455038,93,58373.0,0.03775844425258982,11,160.0,0.2705525651495522,1,25.0,0.7128919776459536,0,65.0,0.8717680611967399,1,6.0,0.5872438406676268,4,47.0,0.38268108531872486,3,17.0,0.4256539853440187,129,60464.0
2990.0,144,7417.0,23.397476340694006,4.233305957162962,19,1905.0,0.16941250361623394,0,5.0,0.9444654141410396,79,52604.0,0.06978541618542596,10,147.0,0.10651586173618077,0,12.0,0.8335201153036977,0,65.0,0.9902420092963523,1,29.0,0.6084825348827458,2,17.0,0.5438949278765951,2,29.0,0.45183423579134147,113,54813.0
2995.0,133,6786.0,21.611464968152866,4.5757013969456715,24,2011.0,0.10761497932018459,0,5.0,0.8214086627901733,69,52900.0,0.08642003850987547,2,121.0,0.4606526200352717,0,24.0,0.7767479991181903,0,0.0,1.0,1,46.0,0.6171719436706407,4,28.0,0.3931285802579051,4,44.0,0.47607635608151677,104,55179.0
3000.0,142,6139.0,19.30503144654088,4.952822072657671,28,2143.0,0.0855297535601664,1,6.0,0.800516643568432,67,53160.0,0.09341788525651483,3,71.0,0.5647478833065883,0,20.0,0.814638380670161,0,24.0,0.9455601178346932,2,129.0,0.5615851637496354,4,44.0,0.46784195111397076,4,116.0,0.5353815224104579,109,55713.0
3005.0,140,5473.0,17.264984227129336,4.5975491520250396,32,2294.0,0.05687383058435093,1,11.0,0.8173298274887518,63,53419.0,0.11376962836660467,3,29.0,0.40994918215081194,2,14.0,0.5379245228713198,0,0.0,0.9274518318134636,3,114.0,0.4600623987960461,3,33.0,0.5622524084383189,2,94.0,0.5819131942843208,109,56008.0
3010.0,146,5044.0,16.012698412698413,4.262061091054842,32,2428.0,0.024339071264029476,0,8.0,0.5708036574544826,56,50608.0,0.10376865037632813,5,56.0,0.2148483495353216,4,33.0,0.3853399396081295,0,0.0,0.9570112681074878,2,123.0,0.4977623106063219,5,57.0,0.4196870197568031,4,104.0,0.6046203911789839,108,53417.0
3015.0,126,3419.0,10.888535031847134,4.544236325355664,28,2555.0,0.07852236027624984,2,18.0,0.646916274104311,37,48546.0,0.15346896547732802,8,124.0,0.3056451876088617,5,45.0,0.2115855499235213,0,0.0,0.9317642405128719,3,60.0,0.48698500503102593,5,86.0,0.4194502988954165,4,124.0,0.564645199724407,92,51558.0
3020.0,97,2246.0,7.198717948717949,4.67802884458541,25,2630.0,0.1463903895038357,2,28.0,0.661476391735859,26,43023.0,0.18705474626806579,4,77.0,0.3430714581182465,1,42.0,0.22820274090596193,0,0.0,1.0,2,67.0,0.43813180353682707,4,64.0,0.35794150673481534,4,115.0,0.5366651527699686,68,46046.0
3025.0,87,2078.0,6.638977635782748,5.072330082548268,25,2702.0,0.09223761636179083,1,9.0,0.4840080413995747,26,43397.0,0.17181610473807182,2,64.0,0.5139338548824105,2,28.0,0.5148971605011853,0,63.0,0.8625658901215492,3,67.0,0.5405577122357992,2,42.0,0.5750892058804952,1,79.0,0.6968567987447247,62,46451.0
3030.0,85,1839.0,5.932258064516129,5.144816913031493,23,2776.0,0.05920331515479027,0,5.0,0.6036881146537356,28,43868.0,0.14173706494718002,2,65.0,0.6787359120765293,1,19.0,0.8303009144031832,0,91.0,0.9514972965399191,4,81.0,0.48324650626779914,2,29.0,0.6455727204489384,2,22.0,0.5533101461269959,62,46956.0
3035.0,88,1883.0,5.996815286624204,5.39985404284548,25,2830.0,0.0691056870565605,0,4.0,0.9804387573936205,28,43969.0,0.133599599999855,4,59.0,0.5119924683617619,1,24.0,0.6694727968689981,0,0.0,0.9859652402029745,3,131.0,0.5789565957006275,3,25.0,0.6309954099592845,1,14.0,0.7930673854892089,65,47056.0
3040.0,106,2206.0,7.093247588424437,5.081088490076073,25,2733.0,0.028902390126210497,0,8.0,0.9394887240172658,35,44301.0,0.12003484214969376,7,87.0,0.2871748343461327,2,32.0,0.7296830351812854,0,1.0,0.9396510116960249,1,112.0,0.5728067615153208,6,47.0,0.22458457740718776,0,8.0,0.8109841079925665,76,47329.0
3045.0,116,2190.0,6.996805111821086,4.749962329104308,21,2669.0,0.11298474877069456,0,8.0,0.967733740025595,44,44643.0,0.11763990428822747,10,126.0,0.36580828778580626,2,17.0,0.6290379769278712,0,0.0,1.0,3,98.0,0.365115981833196,10,88.0,0.12519430411531904,2,26.0,0.5189493618456852,92,47675.0
3050.0,122,2253.0,7.198083067092652,4.185573105164232,17,2596.0,0.11946570874230132,0,8.0,0.9407180191503889,54,44842.0,0.07009596039454667,6,72.0,0.372820393543858,1,13.0,0.42348089802660205,0,0.0,1.0,5,124.0,0.31699308415536953,8,95.0,0.18911089935413603,2,10.0,0.41158659192109864,93,47760.0
3055.0,133,2420.0,7.806451612903226,4.447445717181463,18,2641.0,0.08770782152786005,1,14.0,0.7931738773081497,64,45090.0,0.05024162824252402,3,58.0,0.4946992114292634,2,19.0,0.44279684073372216,0,1.0,0.9579762999785053,3,122.0,0.5193112033725217,8,139.0,0.2925829795129032,2,21.0,0.6304489846508201,101,48105.0
3060.0,142,2657.0,8.51602564102564,4.640399613362804,11,2665.0,0.18218346209817846,1,19.0,0.6040518338859306,72,45375.0,0.05472998103565864,4,46.0,0.5898049464584806,2,16.0,0.5249683426350454,0,0.0,0.9714041589310026,3,129.0,0.5068595212335772,8,179.0,0.31023722775567525,2,46.0,0.5817194702818037,103,48475.0
3065.0,148,3057.0,10.02295081967213,4.06542753070618,12,2718.0,0.1549576581372628,2,29.0,0.5537297405301055,79,45875.0,0.04349840602575828,5,63.0,0.5247555251120436,3,26.0,0.5537332185204862,0,4.0,0.940592166019056,1,48.0,0.5173723246165024,7,162.0,0.4053374156079522,2,55.0,0.41650143589055205,111,48980.0
3070.0,127,2975.0,9.818481848184819,4.256174600109528,16,2831.0,0.12998090372814697,1,18.0,0.4054235305496147,81,46566.0,0.04236401174298355,3,42.0,0.6349455830579155,3,45.0,0.46254417098868905,0,0.0,0.9918081358818618,2,19.0,0.3873609303961686,1,110.0,0.4406209299244614,1,35.0,0.26198923392361456,108,49666.0
3075.0,132,3248.0,10.71947194719472,4.755113047857332,20,2989.0,0.09511134733781364,1,11.0,0.4842089775170823,85,47206.0,0.06889072215471186,1,9.0,0.6220983791465637,3,54.0,0.4302085763445971,0,0.0,0.9655149828993177,1,26.0,0.3462107211077124,1,43.0,0.48333772332378516,0,24.0,0.9119972768631867,112,50362.0
3080.0,141,3810.0,12.6158940397351,4.768463802477293,23,3071.0,0.016287500707707004,1,16.0,0.010361349212096244,88,47718.0,0.06847847802480689,4,20.0,0.42513148757963637,2,30.0,0.6474136433294417,0,8.0,0.9706696053003762,2,118.0,0.5246204622557146,3,34.0,0.3011168525229064,0,24.0,0.8832988061893037,123,51039.0
3085.0,159,4486.0,14.708196721311475,4.786325101168571,24,2989.0,0.13378778635151053,1,9.0,0.48515001935349367,93,48453.0,0.0592898611445378,2,13.0,0.650994162587494,2,22.0,0.7054794945401041,0,8.0,0.9902031397461645,0,95.0,0.6694003459028424,4,51.0,0.2957212650960657,0,16.0,0.9266806574931344,126,51656.0
3090.0,154,5011.0,16.375816993464053,4.5584447862388675,20,2887.0,0.10632005712980173,0,0.0,0.8703596541146503,95,48941.0,0.07074728998980175,0,5.0,0.9333390750443212,0,16.0,0.5343148842575828,0,0.0,0.9416148255414053,1,97.0,0.5848041167455557,5,72.0,0.3556387653846831,0,8.0,0.9526540952207654,121,52026.0
3095.0,160,5597.0,18.411184210526315,4.355759168140662,17,2627.0,0.15015211223762664,0,0.0,0.4031855945150056,98,49433.0,0.07074327630695186,0,8.0,0.6073797427544518,5,30.0,0.32033648713808804,0,21.0,0.94311701299456,2,136.0,0.46212772141955244,4,82.0,0.4732814518771232,0,10.0,0.8793559795206827,126,52347.0
3100.0,163,6005.0,19.433656957928804,4.093176202996075,14,2445.0,0.19304169301892612,0,0.0,0.6822636442719167,97,47539.0,0.07078582425689205,2,16.0,0.6275316896497923,6,59.0,0.27351147314429375,0,21.0,0.8784497887779594,1,58.0,0.30156196358771065,4,102.0,0.386086888994868,1,17.0,0.5520953516552224,125,50257.0
3105.0,150,5350.0,17.313915857605178,4.34904789883953,9,2447.0,0.18854061464881677,0,0.0,0.9370321725888776,86,45641.0,0.07566616466675989,3,17.0,0.42816285369068807,6,53.0,0.2734539017780173,0,2.0,0.9380537228914931,2,70.0,0.628389451107695,6,127.0,0.13235333761837303,3,24.0,0.3957653678104041,115,48381.0
3110.0,131,4724.0,15.337662337662337,4.816837501488272,14,2565.0,0.12364634102193715,0,0.0,0.9713111770042562,76,40664.0,0.09691494455638305,2,103.0,0.5648646029641836,1,22.0,0.37280314499446504,0,2.0,0.9368592222158408,2,44.0,0.6809408468275798,5,47.0,0.1533546107465555,3,39.0,0.4493123742158973,103,43486.0
3115.0,122,4056.0,13.168831168831169,4.539574407714833,17,2769.0,0.09332110281052568,0,0.0,0.884900864412093,66,40984.0,0.09665194357219056,4,109.0,0.5852070564084156,2,17.0,0.33872612892773935,0,0.0,0.7538785240621738,2,52.0,0.603645444288807,2,28.0,0.35188661159681583,1,5.0,0.31297293183222336,94,43964.0
3120.0,116,3653.0,11.822006472491909,4.5464766859495604,16,2907.0,0.10749105352118091,0,0.0,0.8661373169746553,62,41288.0,0.09022868605573092,3,96.0,0.618005896782872,0,4.0,0.788506000377627,0,0.0,0.9570926017791844,2,63.0,0.5120623949901667,2,37.0,0.5314567607671049,1,31.0,0.6932671188998882,86,44426.0
3125.0,115,3348.0,10.8,4.834827081741579,17,2961.0,0.09342144582512496,0,0.0,0.9483886640568594,62,41569.0,0.07686421763126969,2,107.0,0.5108073259169587,0,4.0,0.8660704380167605,0,0.0,1.0,4,80.0,0.5039945788660831,1,25.0,0.507468602505948,1,69.0,0.7991414590821491,87,44815.0
3130.0,120,3019.0,9.930921052631579,4.747185188216699,19,2845.0,0.06884403570286521,0,0.0,0.9234835358022829,56,41812.0,0.0823809046842597,3,31.0,0.41692237753316747,0,4.0,0.7560203916382812,0,0.0,0.9458859612828171,4,91.0,0.3544042350008795,1,30.0,0.6868305355649933,0,60.0,0.9478597891199455,83,44873.0
3135.0,114,2638.0,8.649180327868853,4.803924742914599,17,2727.0,0.06481650731605958,0,0.0,0.8973548595473376,54,42043.0,0.10293131335221946,4,-1.0,0.48753308444782906,0,0.0,0.7308312528098506,0,0.0,0.9644181404498107,2,81.0,0.3670024002846679,1,35.0,0.422663763001694,0,68.0,0.7589161001158058,78,44953.0
3140.0,117,2665.0,8.824503311258278,4.5682080465356485,13,2386.0,0.11350284823291293,0,0.0,0.48429919403825983,57,42273.0,0.09034239321520393,3,-10.0,0.3530986671315695,1,5.0,0.6425976549239041,0,0.0,0.9609440475314885,4,60.0,0.4300613741176742,2,18.0,0.39159965472479946,2,114.0,0.5589346164964242,82,44846.0
3145.0,128,2880.0,9.473684210526315,4.232790949838167,11,2432.0,0.130081795082025,0,0.0,0.6886532862345367,64,42527.0,0.06520749086510838,5,8.0,0.43322622392289634,1,14.0,0.26349560917729686,0,0.0,0.9616928033128692,1,37.0,0.416462019176997,2,28.0,0.4756162088059872,2,76.0,0.5555328571069603,86,45122.0
3150.0,140,3199.0,10.420195439739414,4.274578692819531,11,2486.0,0.16914514505625672,1,1.0,0.47439200972502893,70,42828.0,0.0464032204491783,3,70.0,0.5039137490680905,0,4.0,0.7518772957657426,0,0.0,0.9653748201050554,3,31.0,0.46340276487145754,2,46.0,0.6420895252974432,2,51.0,0.5897659997077849,92,45517.0
3155.0,140,2696.0,8.81045751633987,4.331358435347911,15,2608.0,0.10112978931791358,1,6.0,0.6121161800663955,84,43193.0,0.0432561302739589,2,53.0,0.5553171264434192,0,4.0,0.9590978127727552,0,0.0,0.998189374723695,5,52.0,0.23033252327023235,1,12.0,0.8042297195108813,3,33.0,0.4334414555969183,111,45961.0
3160.0,140,2632.0,8.545454545454545,4.071691882271455,15,2678.0,0.07936238242826493,1,1.0,0.6890386985660341,88,41270.0,0.04322338862171337,3,106.0,0.5077543129672262,0,8.0,0.7057939342870029,0,0.0,0.9866203503853478,5,75.0,0.07963483378087173,0,8.0,0.8475931680022013,3,14.0,0.41560304137093196,115,44160.0
3165.0,120,2141.0,6.973941368078176,4.409420069162536,15,2732.0,0.09839369418483862,0,0.0,0.9245032887253686,77,39399.0,0.04685791235782368,3,161.0,0.3067997706839981,0,8.0,0.7268955178128864,0,0.0,0.9731355125744657,1,56.0,0.3358352488447283,0,4.0,0.7646379145346927,1,10.0,0.5825325552583976,97,42370.0
3170.0,121,2091.0,6.745161290322581,5.013679228692365,18,2829.0,0.09069440886082791,0,0.0,0.9804477510521407,71,34655.0,0.07635752199417851,7,201.0,0.28616713410342687,1,11.0,0.7683701395769943,0,0.0,1.0,1,13.0,0.4694069036326288,1,13.0,0.6252432552046365,1,9.0,0.5856662829515626,100,37731.0
3175.0,118,1928.0,6.239482200647249,5.1815933528553435,19,2673.0,0.10561159091687437,0,0.0,0.9477334029638873,60,34927.0,0.10642918131377618,9,243.0,0.29747455631478203,2,18.0,0.7444989975304382,0,0.0,1.0,1,-47.0,0.5220373032830893,1,7.0,0.7315896010728553,1,5.0,0.6382868777049144,93,37826.0
3180.0,121,1843.0,5.983766233766234,5.0547219889051,15,2532.0,0.18882674936767904,0,0.0,0.791975867807286,58,35176.0,0.11582314220613914,7,167.0,0.294637640343603,1,1.0,0.6546764768485475,0,0.0,0.9908337011674314,2,-12.0,0.6626476625315473,1,9.0,0.7196325599631382,1,18.0,0.5935208002848364,85,37891.0
3185.0,122,1726.0,5.659016393442623,4.778793163306151,12,2168.0,0.10783660867258484,1,3.0,0.6335282255982672,53,35427.0,0.12450646306255987,5,182.0,0.3399528906557594,5,19.0,0.2856194171440428,0,0.0,1.0,2,32.0,0.5959802328005172,2,16.0,0.6698200755751181,1,151.0,0.7784998548050686,81,37998.0
3190.0,121,1694.0,5.590759075907591,4.575840664246086,8,2004.0,0.14554553305823933,1,1.0,0.4820392893461929,50,35602.0,0.13373836870540937,4,172.0,0.43299517339568444,7,47.0,0.32731917626521106,0,0.0,1.0,2,35.0,0.3485245471453975,4,32.0,0.40289851729691945,0,140.0,0.9445916585498484,76,38033.0
3195.0,129,1807.0,6.003322259136213,4.368692185570305,4,2023.0,0.22804298140112236,1,6.0,0.6004268430767128,51,35811.0,0.11823960608035748,4,168.0,0.34126360599188293,5,52.0,0.29555511297833237,0,0.0,1.0,2,24.0,0.45632935541336356,8,64.0,0.18599111195010518,2,142.0,0.6889177655932828,77,38290.0
3200.0,135,2147.0,7.1806020066889635,4.111801040063625,7,2010.0,0.30196028967409255,1,11.0,0.5428181240888098,56,36049.0,0.09111476302854904,5,153.0,0.3172244991277853,2,42.0,0.33148880015983617,0,13.0,0.897761314458323,3,28.0,0.279506875853288,8,102.0,0.10364402364856895,4,155.0,0.3639018971419096,86,38563.0
3205.0,140,2569.0,8.679054054054054,4.0319165575489375,10,2125.0,0.1929375757348801,0,0.0,0.5251492318870565,63,36315.0,0.06992243866705171,7,180.0,0.31936108559455106,2,22.0,0.642246409607046,0,13.0,0.9575505339466801,1,25.0,0.571761069636253,5,80.0,0.1859078337274976,2,133.0,0.25170031068745496,90,38893.0
3210.0,133,2772.0,9.428571428571429,4.295685878638379,8,1948.0,0.21005347491298149,1,5.0,0.3721159424506158,72,36632.0,0.043839887346028346,5,190.0,0.49272539567483814,2,20.0,0.6275252288239734,0,0.0,0.966560310584301,2,59.0,0.5377253427379503,1,48.0,0.5523484263900726,0,4.0,0.543181900865211,91,38906.0
3215.0,138,3132.0,10.545454545454545,4.773926156693705,11,1453.0,0.10461852101597975,1,10.0,0.5734623432532097,78,37123.0,0.07310269824941257,0,117.0,0.6540980764622802,1,21.0,0.631161206533625,0,0.0,0.9374963138787127,4,99.0,0.47546869138440373,1,10.0,0.678033531714178,2,17.0,0.6270199644842507,98,38850.0
3220.0,136,3197.0,10.764309764309765,4.686426679009079,9,1466.0,0.22046817371551838,0,0.0,0.7416169299577489,81,35294.0,0.059965217122981626,1,22.0,0.5898983521827771,2,30.0,0.7533083617709941,0,0.0,0.9290289649263843,3,87.0,0.30862006405455816,0,5.0,0.7485604881697897,0,14.0,0.8571449061004479,96,36918.0
3225.0,121,2819.0,9.52364864864865,4.991522261996898,6,1490.0,0.2837160974219112,0,4.0,0.9405437617420666,72,32958.0,0.07790072839445236,1,51.0,0.6861360024529793,1,36.0,0.5720738087429029,0,1.0,0.9508534883915254,2,131.0,0.43490147805276425,2,7.0,0.3575402412457789,2,18.0,0.675640749762967,86,34696.0
3230.0,111,2429.0,8.290102389078498,5.100277389638588,8,1545.0,0.26720694103733467,0,4.0,0.9760512479097025,65,29765.0,0.11838889201893879,1,21.0,0.6164367562566555,2,29.0,0.3574116769682494,0,0.0,1.0,5,123.0,0.45687477815151395,5,26.0,0.2671371847591487,2,15.0,0.3666619052798993,88,31528.0
3235.0,96,1921.0,6.5563139931740615,5.119985175644828,10,1635.0,0.19783944543455897,0,4.0,0.9511003161108914,55,29449.0,0.1498855081457999,2,23.0,0.5731445242045353,2,29.0,0.3608848910763694,0,0.0,1.0,3,22.0,0.43159944281210993,5,51.0,0.28164605426419626,1,9.0,0.46264487492159473,78,31222.0
3240.0,87,1436.0,4.901023890784983,5.307597503922287,14,1915.0,0.12242329945339289,0,4.0,0.7206700240788733,48,29712.0,0.1488058593730295,1,14.0,0.7707070558830761,2,11.0,0.40040050192949894,0,1.0,0.9745960594891603,3,-41.0,0.43286994899471726,5,84.0,0.4638795691962708,1,14.0,0.5994578539958187,74,31714.0
3245.0,106,1259.0,4.386759581881533,4.898852975289088,19,2191.0,0.04981560407425934,1,8.0,0.7177528763115166,50,29947.0,0.15518678749776627,1,13.0,0.6041578976694769,5,31.0,0.45520507629783075,0,0.0,0.9805841217538017,4,11.0,0.3187496277212775,6,110.0,0.3477725368579307,2,22.0,0.4324016147835059,88,32333.0
3250.0,107,1188.0,4.096551724137931,4.417821021059758,20,2071.0,0.06895989776918406,0,4.0,0.8858086187371854,48,30187.0,0.15230480427488918,3,22.0,0.2167992504650367,5,56.0,0.27050948814658443,0,0.0,0.9968329507853235,6,7.0,0.07419634226987777,5,91.0,0.33094255388219485,0,4.0,0.9245189807856087,87,32442.0
3255.0,99,1174.0,4.034364261168385,4.621102548432316,18,1987.0,0.09130846197802113,0,4.0,0.944364912651527,49,30413.0,0.12515401429648432,1,7.0,0.7531621348253884,3,44.0,0.38497239567037306,0,0.0,0.9561966181566336,1,0.0,0.20509006836784927,2,35.0,0.3805164516880033,1,5.0,0.6180954321012454,75,32495.0
3260.0,105,1254.0,4.354166666666667,5.159653619473553,14,1709.0,0.14887652332738519,1,7.0,0.6159050417501202,54,28584.0,0.1089763756040917,0,-38.0,0.749029988776095,2,45.0,0.46872520285599095,0,0.0,0.9629264917591959,4,33.0,0.28883483170567165,2,20.0,0.5139929819523048,1,6.0,0.5783346731912308,78,30366.0
3265.0,97,1094.0,3.798611111111111,5.272419949705234,10,1733.0,0.1468614395130913,0,0.0,0.5326959186407184,46,26851.0,0.10987276931995613,2,-40.0,0.6885109373231979,3,20.0,0.6318279163890065,0,0.0,0.8765368309379165,3,66.0,0.3835763183916918,1,17.0,0.736054272893203,1,3.0,0.6137313423509881,66,28650.0
3270.0,93,1006.0,3.5298245614035086,5.509105957571235,8,1751.0,0.2757601133956957,0,0.0,1.0,43,22792.0,0.1264246213240213,3,-40.0,0.5966058543373621,0,5.0,0.9107191420268301,0,0.0,1.0,2,29.0,0.5481470892800493,3,28.0,0.5891606039915639,2,14.0,0.5311703644822843,61,24579.0
3275.0,96,1160.0,4.098939929328622,5.378230402353292,10,1944.0,0.09440639005464102,0,0.0,1.0,40,20789.0,0.14102776404555742,4,-45.0,0.4465395697730274,0,9.0,0.7328989249733239,0,0.0,0.9602569288042048,3,92.0,0.5714005113412649,4,46.0,0.4634873893398276,3,29.0,0.5035271597063058,64,22864.0
3280.0,104,1265.0,4.48581560283688,4.7199950900345335,13,2140.0,0.04051794195937424,0,0.0,1.0,39,20965.0,0.17350054143025012,8,-17.0,0.29305029651606257,3,25.0,0.47334772362456373,0,0.0,0.9641239087267123,4,73.0,0.451225335777348,5,37.0,0.26085906034560147,2,18.0,0.2869098966616052,74,23241.0
3285.0,112,1501.0,5.266666666666667,4.711765972500752,14,2478.0,0.09503044509455502,0,0.0,1.0,42,21159.0,0.1581553295972676,5,9.0,0.41651952394291303,5,27.0,0.32973956039993635,0,0.0,1.0,7,42.0,0.3593902758380739,6,55.0,0.23646869941823392,3,21.0,0.4808530179152334,82,23791.0
3290.0,106,1426.0,4.986013986013986,5.096244993748932,18,2575.0,0.0734903323601732,0,0.0,0.9441523999000865,41,21361.0,0.14931001867265997,0,33.0,0.6799955315393262,1,32.0,0.4050880881649414,0,0.0,1.0,7,50.0,0.21371445173170284,6,81.0,0.3795196237740661,4,39.0,0.4031546711559441,77,24171.0
3295.0,106,1457.0,5.148409893992933,5.1840867114876765,18,2494.0,0.08128794461045821,0,0.0,0.7525517380216684,44,21565.0,0.14582699926148962,1,6.0,0.6987465113791058,4,31.0,0.45952790544962135,0,0.0,1.0,5,45.0,0.20307924812462277,6,111.0,0.2900540351421013,5,45.0,0.28500048145609524,83,24297.0
3300.0,97,1325.0,4.698581560283688,5.10197463572402,14,2281.0,0.11088232568507236,1,3.0,0.4648754323965099,50,21799.0,0.08417176811171488,2,9.0,0.7539626487675198,2,16.0,0.22758667882608963,0,0.0,0.9468167621316448,2,31.0,0.2984836806397531,3,68.0,0.6478560879235643,5,70.0,0.27005425584843457,79,24277.0
3305.0,113,1482.0,5.350180505415162,4.94082590827033,10,2077.0,0.18592778430542697,2,8.0,0.3321357414697332,61,22032.0,0.09906343157080488,3,19.0,0.5035775481950306,2,20.0,0.423036017459698,0,1.0,0.9519017056184828,3,50.0,0.3692555315192595,0,28.0,0.6151056598977065,6,101.0,0.12708554114239634,87,24336.0
3310.0,121,1788.0,6.4548736462093865,4.761440329782051,9,2121.0,0.21690653925986303,0,0.0,0.6808589849452865,68,22354.0,0.06201441654889814,6,43.0,0.2947145492355525,2,37.0,0.6559165020272709,0,1.0,0.9238416179810971,4,48.0,0.27732306537204976,1,12.0,0.6675101749586926,4,72.0,0.4096850456517648,94,24688.0
3315.0,130,2134.0,7.703971119133574,4.868204524474563,7,2153.0,0.21120604738096485,0,0.0,0.6255739400103916,72,22704.0,0.015005393140496029,7,41.0,0.30569035231112024,1,21.0,0.7170110700333779,0,4.0,0.6684487093518298,5,51.0,0.39011594700806856,2,16.0,0.4474335718743478,2,51.0,0.5264235576425786,96,25041.0
3320.0,132,2606.0,9.476363636363637,5.168159976201482,10,2227.0,0.1600734607092063,1,5.0,0.496373399913551,77,23086.0,0.03189519220526168,0,54.0,0.5709347867474753,1,10.0,0.7210070689145393,0,4.0,0.9105460795456792,5,118.0,0.40385741454371227,4,34.0,0.4216852671577783,2,60.0,0.1559621869408726,100,25598.0
3325.0,138,3113.0,11.361313868613138,4.804645602990201,11,2384.0,0.15522296852803896,0,0.0,1.0,79,23476.0,0.05571751403610966,0,35.0,0.6244543142817026,3,18.0,0.5794543019453194,0,0.0,0.960269399829022,4,152.0,0.39289340276639184,5,59.0,0.36806966230225535,2,31.0,0.44437885977560576,104,26155.0
3330.0,136,3579.0,13.206642066420665,4.654781282993978,13,2483.0,0.2503366967229239,0,3.0,0.9229507958188258,79,23854.0,0.048571240395047,2,355.0,0.5975355910245259,1,10.0,0.5740761467222943,0,4.0,0.6871102391401631,2,116.0,0.4066864651255493,6,67.0,0.2857372999258124,0,0.0,0.9048563107856727,103,26892.0
3335.0,145,4035.0,14.780219780219781,4.598724577998333,16,2591.0,0.16348697287767358,0,3.0,0.9758424787856759,80,24234.0,0.06198747034137648,2,415.0,0.674764742247278,4,15.0,0.30844167153875557,0,5.0,0.9677546030204125,5,126.0,0.15756151755142886,5,77.0,0.3364777819617941,2,4.0,0.17987848648044039,114,27470.0
3340.0,146,4560.0,16.581818181818182,4.520528561527285,19,2354.0,0.09011338806247114,0,3.0,0.9018524875017481,81,24647.0,0.06955019543762334,2,395.0,0.6274779515093063,6,39.0,0.25619264994808183,0,1.0,0.9863183869430966,2,122.0,0.0793830363088225,7,108.0,0.27339297378454097,2,14.0,0.5608306451646328,119,27683.0
3345.0,128,4610.0,16.523297491039425,4.982873775638548,16,2308.0,0.11023569847062169,0,3.0,0.9503861262851591,81,25021.0,0.054384956810994166,1,369.0,0.3567235924594457,3,32.0,0.38983534663884156,0,30.0,0.8103433320249984,1,114.0,0.2356860052796258,6,81.0,0.19323372425693014,2,45.0,0.6091782996242705,110,28003.0
3350.0,120,4719.0,17.097826086956523,5.3200418075134595,12,2083.0,0.13025845425071164,0,3.0,0.9956773093573381,82,25424.0,0.039457248710529386,4,388.0,0.4476694304342364,0,14.0,0.5741633188528374,0,0.0,0.9656460603822946,3,138.0,0.4738678495667557,4,62.0,0.4055707975270988,3,60.0,0.4616470649432969,108,28172.0
3355.0,116,5112.0,19.00371747211896,5.170355128320962,9,2127.0,0.21985576927844344,0,0.0,1.0,83,25833.0,0.04417641247843472,4,411.0,0.4161692306161918,0,6.0,0.8020708734149646,0,0.0,0.7575575639045001,2,172.0,0.48939414745476945,4,33.0,0.3305324477284589,1,35.0,0.5499161422091794,103,28617.0
3360.0,114,5452.0,20.419475655430713,5.049491650122218,9,2133.0,0.19261368135016282,0,0.0,1.0,83,26243.0,0.04417609543629564,2,92.0,0.6106269925565696,1,3.0,0.7465920076733192,0,0.0,0.9522850635026631,1,246.0,0.38627235406318783,3,41.0,0.42616133721540833,1,33.0,0.46205935852706176,100,28791.0
3365.0,128,6013.0,22.18819188191882,5.034783390655516,13,2534.0,0.11050903920176779,0,0.0,1.0,83,26656.0,0.05243653952861429,0,26.0,0.7796256847578492,1,7.0,0.785297484707084,0,0.0,0.9238179538886611,3,268.0,0.3994412249203612,5,63.0,0.42665882326561355,5,52.0,0.36961273513222304,110,29606.0
3370.0,133,6594.0,24.33210332103321,4.9057962560841295,15,2694.0,0.06805481243370586,0,0.0,1.0,83,27060.0,0.07907621947895518,0,2.0,0.877416386820124,1,21.0,0.5219973784316673,0,4.0,0.7285902906569407,2,216.0,0.3975449759813731,5,88.0,0.46029469972076437,6,78.0,0.17497487926103042,112,30163.0
3375.0,130,7071.0,25.806569343065693,4.945538888673015,13,2739.0,0.1477354642086806,0,0.0,1.0,84,27462.0,0.0836526886156597,1,559.0,0.6863816990179107,2,7.0,0.5823564092028101,0,0.0,0.97349627322414,1,139.0,0.47017474274108456,3,63.0,0.47573592939988174,5,73.0,3.926595979068966e-06,109,31042.0
3380.0,136,7611.0,27.57608695652174,5.138150296539363,17,2785.0,0.08695529017030633,0,0.0,1.0,85,27871.0,0.03551085601812216,2,566.0,0.5699746056024919,1,10.0,0.503711078678983,0,4.0,0.8545732396153009,3,120.0,0.41217056094409915,4,45.0,0.38497273326539044,0,42.0,0.562771046483795,112,31443.0
3385.0,146,8209.0,29.63537906137184,4.822877884386273,20,2751.0,0.09899341377868058,0,4.0,0.8987059079172091,88,28292.0,0.021049689377603376,1,1055.0,0.6151289747528284,1,7.0,0.5675009416487626,0,13.0,0.8817461059009766,1,92.0,0.4917062996474613,4,41.0,0.2912992964483024,1,36.0,0.549874819558743,116,32291.0
3390.0,139,8315.0,30.346715328467152,4.921295219019034,16,2678.0,0.12246438166606013,0,4.0,0.9108297747640504,86,27204.0,0.03625085474712049,2,1282.0,0.6216867448103718,0,0.0,0.8660455911032079,0,9.0,0.9298887445130609,2,92.0,0.5053306871979382,4,28.0,0.4505735268804755,2,46.0,0.6256130385199642,112,31343.0
3395.0,124,7128.0,26.30258302583026,5.092969380765076,13,2033.0,0.17111066505091166,0,4.0,0.9287287934429674,72,24560.0,0.07960872985182424,3,1301.0,0.4252192543778798,0,0.0,0.9324497113696819,0,0.0,0.9677356909982403,3,99.0,0.4766695116656804,4,47.0,0.49000042237101343,3,54.0,0.36084232146822137,98,28098.0
3400.0,118,6043.0,22.054744525547445,5.2316710018421135,8,2068.0,0.23488709208168598,0,4.0,0.9772214711456666,60,21193.0,0.14094008506392575,9,1333.0,0.17426141911459397,1,9.0,0.6393932916727351,0,0.0,0.9366668188546708,2,99.0,0.5637564488818261,4,67.0,0.4119968716431481,5,77.0,0.40215477142500483,89,24850.0
3405.0,114,5069.0,18.636029411764707,4.822446223755492,8,2094.0,0.20023778383079877,0,4.0,0.9668428097666759,54,21442.0,0.12021651303764942,8,1048.0,0.18381871757112375,3,12.0,0.5510053336991236,0,0.0,0.9649524809584306,2,54.0,0.5288101813232784,4,24.0,0.30969145152393424,4,47.0,0.40866495755637294,83,24725.0
3410.0,108,4050.0,14.835164835164836,5.055569263543388,13,2150.0,0.14594769469279545,0,0.0,0.7504342671484934,47,21550.0,0.12518705911111652,4,796.0,0.32947515728671734,2,18.0,0.4631734539516011,0,0.0,0.8026841526733237,2,25.0,0.41067350861749713,4,40.0,0.32202929947242454,2,36.0,0.47936100160821954,74,24615.0
3415.0,91,2804.0,10.233576642335766,5.267744302866144,12,2287.0,0.12919530028800352,0,0.0,0.9529797788974574,41,21742.0,0.11968947154567743,3,529.0,0.5255540071565209,2,30.0,0.5468703872017854,0,0.0,0.9391508856143086,3,31.0,0.4013711141439591,5,65.0,0.22660483547665253,4,28.0,0.5135146337866636,70,24712.0
3420.0,81,1666.0,6.058181818181819,5.62342472261527,13,2360.0,0.16715984231749922,0,0.0,0.9581582633857192,39,21942.0,0.13242033834053102,1,277.0,0.5015707400725151,0,12.0,0.9474262727070198,0,42.0,0.8363110881552134,2,18.0,0.39546066599837165,4,40.0,0.30957653081165704,3,60.0,0.5876169786732324,62,24751.0
3425.0,84,1364.0,5.033210332103321,5.959720222578834,17,2439.0,0.1023225092844935,0,0.0,0.762338054132717,42,22141.0,0.12092371826795827,4,283.0,0.4060724429374012,0,20.0,0.8143892833874382,0,56.0,0.9290641282520264,2,25.0,0.448852650967291,0,31.0,0.6276300066519914,1,288.0,0.5888429966332941,66,25283.0
3430.0,105,1568.0,5.764705882352941,5.6507972787165475,20,2534.0,0.046694870481469274,0,0.0,0.8623945485853205,50,22370.0,0.08220558510942072,8,318.0,0.3708847265754347,1,21.0,0.5779477491037431,0,14.0,0.9657328688005326,1,16.0,0.6423832666467164,1,12.0,0.6189349749756367,3,288.0,0.5938082728536933,84,25573.0
3435.0,111,1639.0,6.047970479704797,5.029530712840366,19,2375.0,0.03291868447666489,0,0.0,0.7488323005185364,60,22642.0,0.06005408143605725,5,63.0,0.2598980172456544,2,17.0,0.5970735809107574,0,0.0,0.9137249200236848,1,14.0,0.48119630184673784,0,4.0,0.68465931396984,3,281.0,0.4493587431250419,90,25396.0
3440.0,121,1810.0,6.804511278195489,5.057641612781104,14,2164.0,0.1459787301153125,1,4.0,0.7728760632708285,72,22982.0,0.03963580316845096,3,49.0,0.42445104529556993,3,23.0,0.4914169729890873,0,0.0,0.9740017750225761,3,24.0,0.41331965139058435,2,9.0,0.5026682965132786,2,268.0,0.4580061357409003,100,25523.0
3445.0,125,2240.0,8.517110266159696,5.218373660140848,12,1589.0,0.21723120879369207,0,4.0,0.8992382179983506,78,23351.0,0.046176970257910135,4,64.0,0.5301438520468925,4,42.0,0.5157161325059065,0,2.0,0.7432138815365263,2,22.0,0.369011026753477,1,14.0,0.6070152557011844,4,231.0,0.11020116089739626,105,25319.0
3450.0,119,2538.0,9.65019011406844,4.910932452469753,9,1621.0,0.32689101843739954,1,6.0,0.6546253294238857,80,23744.0,0.0367535566824472,1,42.0,0.7723197404984284,1,17.0,0.6269069731543087,0,27.0,0.8837762324405873,1,16.0,0.33620444036460684,2,20.0,0.6713700318842463,2,15.0,0.4765323040974497,97,25508.0
3455.0,116,2766.0,10.437735849056605,4.957903527020398,9,1663.0,0.22278574121710232,2,15.0,0.6530241203152052,77,22452.0,0.03341189800237453,1,327.0,0.6178994833371076,3,30.0,0.4774646520009497,0,28.0,0.6819998602916875,1,12.0,0.535814743423015,2,34.0,0.6796639851737344,1,23.0,0.6921092361831156,96,24584.0
3460.0,116,2449.0,9.104089219330856,4.811629594383255,14,1821.0,0.24013225930374013,2,16.0,0.4468648021344456,62,20630.0,0.1044597168505539,6,347.0,0.2917882664165189,5,49.0,0.31392712755341606,0,26.0,0.626601638698307,0,72.0,0.7202219326500033,4,50.0,0.34147792790533793,2,37.0,0.6479473938312065,95,23048.0
3465.0,109,2190.0,7.992700729927007,5.134248388938255,18,2163.0,0.1443691012753178,3,19.0,0.4068998634921546,50,17866.0,0.14492578105164314,3,309.0,0.45935242974529844,5,52.0,0.33257451691077405,0,15.0,0.9712517362293748,0,100.0,0.7685369025338912,6,50.0,0.2781706335039185,1,15.0,0.6160046652549153,86,20589.0
3470.0,93,1745.0,6.368613138686132,5.1814125379507745,16,2289.0,0.11554325267409968,3,30.0,0.47085977554220104,41,18077.0,0.16961136292456666,3,12.0,0.5137041985887286,1,39.0,0.34468453986130165,0,19.0,0.9526375291731806,5,56.0,0.41887707937191826,7,71.0,0.14600592351495725,1,16.0,0.6095289810031014,77,20609.0
3475.0,97,1571.0,5.775735294117647,5.120266983575319,20,2352.0,0.07207711634091189,2,17.0,0.304350949075663,35,18259.0,0.1765920710651229,3,27.0,0.3636156672922223,3,23.0,0.4077224046486619,0,0.0,1.0,3,69.0,0.36910573829598103,8,109.0,0.22472081293267962,4,47.0,0.5531423408009689,78,20903.0
3480.0,97,1298.0,4.754578754578755,4.911318259084877,22,2204.0,0.07084293988913233,2,5.0,0.21853791179981064,34,18412.0,0.15762886942409576,2,24.0,0.6512716026108221,1,12.0,0.5021673450242481,0,0.0,1.0,2,85.0,0.596507549909927,7,139.0,0.22978941952542586,4,57.0,0.4883181107309663,74,20938.0
3485.0,95,1193.0,4.354014598540146,5.374782159675376,19,2177.0,0.08108840707558176,2,15.0,0.0,35,18588.0,0.15711690774551612,0,7.0,0.7720380563941374,1,21.0,0.6608435960286452,0,0.0,1.0,2,79.0,0.48539142862905865,7,175.0,0.28457036262570434,5,69.0,0.16155645983256806,71,21131.0
3490.0,107,1441.0,5.337037037037037,5.0314815254558924,15,1592.0,0.1021698325513365,1,12.0,0.20037899105969476,43,18779.0,0.1347671266852388,3,16.0,0.10781856889059692,1,26.0,0.7578443309569213,0,0.0,1.0,3,21.0,0.30414816597126226,10,220.0,0.3148803402314632,5,90.0,0.13290405893200954,81,20756.0
3495.0,109,1655.0,6.268939393939394,4.808847758411328,11,1631.0,0.21617057588998478,0,0.0,0.9427635116405313,54,19028.0,0.06572205705924605,2,9.0,0.49250513871431156,0,8.0,0.8742411182607238,0,0.0,0.9655560743502948,3,20.0,0.24203963871435694,8,182.0,0.2447941298415913,4,80.0,0.30896353927178455,82,20958.0
3500.0,111,1850.0,6.902985074626866,5.109102064929506,7,1646.0,0.25372706118404714,0,0.0,0.9703400096076318,62,19321.0,0.04492294155961751,0,4.0,0.7253452873172286,3,16.0,0.38612058608066196,0,0.0,0.9769296537490358,6,44.0,0.13126654932610296,1,106.0,0.4235328406493501,4,121.0,0.4973427315062779,83,21258.0
3505.0,118,2083.0,7.920152091254753,4.900063296030864,11,1751.0,0.17275626990078463,0,0.0,0.03089044420477381,68,19645.0,0.026793860097793484,3,12.0,0.2822147212455943,5,40.0,0.33729924878085327,0,0.0,0.9500900897811237,4,34.0,0.31390524105196244,1,27.0,0.5583686758997187,1,82.0,0.6338890584206779,93,21591.0
3510.0,120,2511.0,9.583969465648854,4.7812350009759506,14,2088.0,0.08681560594543469,1,5.0,0.0,71,19989.0,0.03600615129950938,3,15.0,0.47520746642501965,0,8.0,0.7404409823547298,0,0.0,0.9372871590249224,0,11.0,0.6650928988432036,3,31.0,0.19511203216635187,3,101.0,0.606458797541065,95,22248.0
3515.0,120,2771.0,10.417293233082706,5.244777335745505,13,2117.0,0.07169070879322907,1,10.0,0.0,71,20348.0,0.0825632516374774,1,24.0,0.6212199433153168,0,12.0,0.8135195326181329,0,0.0,1.0,0,2.0,0.8905164476781223,7,67.0,0.4157841056038076,4,125.0,0.38430993147037945,97,22705.0
3520.0,127,3149.0,11.928030303030303,5.21232133845196,16,2507.0,0.04896463974274798,0,0.0,1.0,71,20702.0,0.12174063418521693,2,31.0,0.5956230832048407,2,10.0,0.6767357268043318,0,0.0,1.0,1,9.0,0.41762957733582035,8,103.0,0.4747748239229732,7,155.0,0.20764130214636717,107,23517.0
3525.0,130,3606.0,13.60754716981132,4.898175870917718,19,2361.0,0.09837971115491397,0,0.0,0.9845041471899248,71,21048.0,0.08029438119973023,0,16.0,0.7671372217753543,1,10.0,0.4571371832371241,0,0.0,0.30827416342320024,2,26.0,0.4143515322897107,6,108.0,0.3941478694944006,7,128.0,0.19933187072214859,106,23697.0
3530.0,139,4062.0,15.44486692015209,4.651405320078895,14,2322.0,0.16572116143336657,0,0.0,1.0,74,21402.0,0.034303011758404965,1,5.0,0.7007006433776146,2,12.0,0.33398844379864256,0,0.0,0.8980446162021506,4,39.0,0.09198195504151047,9,143.0,0.18822767926172546,7,152.0,0.28120194544590954,111,24075.0
3535.0,146,4588.0,17.44486692015209,4.460432504159169,12,2180.0,0.2576698024361247,0,0.0,0.9850445596475537,75,21767.0,0.043349129337912,1,14.0,0.6019212834194602,3,22.0,0.27503932363719485,0,0.0,0.9121369282829518,3,27.0,0.00013663813828113653,13,198.0,0.09939238404005778,7,137.0,0.4190285603136124,114,24345.0
3540.0,128,4903.0,18.6425855513308,4.846767175719859,10,2125.0,0.2588619153047342,0,0.0,0.9947703633489121,76,22134.0,0.03996502491950266,2,15.0,0.6441247506454584,0,0.0,0.9326649536546032,0,0.0,1.0,0,3.0,0.6766191915072534,10,183.0,0.19005187335192847,3,133.0,0.59589142951462,101,24593.0
3545.0,120,4994.0,19.134099616858236,4.828058518983825,9,2181.0,0.20045871861531755,0,0.0,0.02271910463534661,77,22511.0,0.04668411657051266,2,18.0,0.5491230323903078,0,0.0,0.9790665107987282,0,0.0,1.0,0,0.0,0.9661952084578308,1,137.0,0.40475417025084537,5,121.0,0.3017721662810414,94,24968.0
3550.0,118,5075.0,19.747081712062258,4.799020491038964,11,2396.0,0.17246117417100773,0,0.0,0.5788416290855269,77,22894.0,0.06127442365932958,3,32.0,0.32699085110236165,0,4.0,0.8077283487120155,0,0.0,1.0,0,0.0,0.7075996930167734,1,40.0,0.6747770436025493,8,145.0,0.24715356094330768,100,25511.0
3555.0,118,5493.0,21.20849420849421,4.686488803154456,14,2564.0,0.16378421616742891,0,0.0,0.9708456435854975,77,23267.0,0.04047775294403947,0,4.0,0.5360570976394493,0,4.0,0.8175668059985673,0,0.0,0.979696643445492,1,6.0,0.579232921426763,1,23.0,0.5475375993461353,9,150.0,0.2650465552945842,102,26018.0
3560.0,121,5917.0,22.75769230769231,4.847310383309087,12,2628.0,0.15050515335690062,0,0.0,0.9276544479545024,77,23647.0,0.04113818297409078,0,0.0,0.9413557191022167,1,6.0,0.7535401736402468,0,0.0,0.9918547103335796,4,21.0,0.31512154350145916,1,6.0,0.5927400445439454,4,277.0,0.3764289858903777,99,26585.0
3565.0,133,6495.0,25.077220077220076,4.416066080006881,16,2654.0,0.16238373558985264,0,0.0,0.9644239461432405,78,24032.0,0.03383888269794272,0,0.0,0.8865273562782489,2,15.0,0.6429609868366558,0,3.0,0.951022896661116,2,26.0,0.13081183911302272,2,17.0,0.4144367352450745,5,296.0,0.34146527833510393,105,27043.0
3570.0,144,7118.0,27.482625482625483,4.162263272497241,19,2520.0,0.13349042886823384,0,0.0,0.6333622305660507,79,24419.0,0.032214493632313004,0,0.0,0.916943773408314,1,4.0,0.6589410572697527,0,0.0,0.9506359498440843,1,48.0,0.523951924824346,4,35.0,0.37800552013844724,9,335.0,0.2925134663751008,113,27361.0
3575.0,152,7690.0,29.12878787878788,4.024087087263043,18,2478.0,0.1017881648541245,1,4.0,0.4547936796891434,79,24806.0,0.03548481415304684,1,15.0,0.7613962910590122,4,15.0,0.2903293337257362,0,9.0,0.9346356066834418,1,44.0,0.5480260668371236,4,55.0,0.3383768261833455,9,207.0,0.23451072463411815,117,27633.0
3580.0,152,8229.0,31.65,3.8516512414808433,14,2129.0,0.12173224381266255,0,0.0,1.0,80,25196.0,0.02350068708824774,1,9.0,0.6634246893660168,6,42.0,0.2515898116799204,0,28.0,0.966203615680612,0,10.0,0.6688722359041579,6,84.0,0.2656821854852339,9,170.0,0.1402205645351692,116,27668.0
3585.0,136,8429.0,32.92578125,3.8291782424161336,10,2170.0,0.20225305610046454,0,0.0,1.0,81,25586.0,0.021979384580750192,1,14.0,0.5992447131010579,5,46.0,0.14258622962995,0,19.0,0.993715216153441,2,46.0,0.3290522089192316,7,117.0,0.2401232076101555,7,187.0,0.1323501908755253,113,28185.0
3590.0,139,8623.0,33.293436293436294,4.016645837764579,7,2196.0,0.27929498090428856,0,0.0,1.0,81,25976.0,0.04022246490713652,5,30.0,0.4072578507317143,1,35.0,0.2532015357266761,0,0.0,1.0,4,61.0,0.3158847376614427,6,83.0,0.32318075953383035,7,203.0,0.0,111,28584.0
3595.0,121,8695.0,33.57142857142857,4.444535403121351,11,2239.0,0.18705504033271425,0,4.0,0.8995183173224488,80,26359.0,0.04509313350671461,2,49.0,0.7066257314245578,0,13.0,0.3488550635870558,0,14.0,0.9527974546540596,2,49.0,0.2568673805617564,1,43.0,0.5165430446762426,7,242.0,0.2789314699067343,103,29012.0
3600.0,119,9079.0,34.78544061302682,4.561899121463592,12,2297.0,0.15919811655303698,0,4.0,0.9468577266941713,81,26750.0,0.06024217982001903,0,30.0,0.7602862227890301,1,20.0,0.4875469979290344,0,4.0,0.9664756763976101,1,31.0,0.5694407499418871,1,22.0,0.6244183448278994,7,277.0,0.2589188011168507,103,29435.0
