step,system_total_stopped,system_total_waiting_time,system_mean_waiting_time,system_mean_speed,2713455438_stopped,2713455438_accumulated_waiting_time,2713455438_average_speed,370205755_stopped,370205755_accumulated_waiting_time,370205755_average_speed,cluster_2713455439_370205651_370205726_stopped,cluster_2713455439_370205651_370205726_accumulated_waiting_time,cluster_2713455439_370205651_370205726_average_speed,cluster_2713455440_370205753_370205754_stopped,cluster_2713455440_370205753_370205754_accumulated_waiting_time,cluster_2713455440_370205753_370205754_average_speed,cluster_2713455441_492430579_492643882_stopped,cluster_2713455441_492430579_492643882_accumulated_waiting_time,cluster_2713455441_492430579_492643882_average_speed,cluster_370205730_370205735_5216485104_5216485107_#2more_stopped,cluster_370205730_370205735_5216485104_5216485107_#2more_accumulated_waiting_time,cluster_370205730_370205735_5216485104_5216485107_#2more_average_speed,cluster_4150407559_4150407560_491542284_492430582_#1more_stopped,cluster_4150407559_4150407560_491542284_492430582_#1more_accumulated_waiting_time,cluster_4150407559_4150407560_491542284_492430582_#1more_average_speed,joinedS_492643878_492643880_stopped,joinedS_492643878_492643880_accumulated_waiting_time,joinedS_492643878_492643880_average_speed,joinedS_492643897_541338683_stopped,joinedS_492643897_541338683_accumulated_waiting_time,joinedS_492643897_541338683_average_speed,agents_total_stopped,agents_total_accumulated_waiting_time
5.0,0,0.0,0.0,13.282043653486081,0,0.0,1.0,0,0.0,1.0,0,0.0,1.0,0,0.0,1.0,0,0.0,0.9310395347546316,0,0.0,1.0,0,0.0,1.0,0,0.0,0.9682767374184624,0,0.0,1.0,0,0.0
10.0,0,0.0,0.0,12.075727509558904,0,0.0,1.0,0,0.0,0.9862194167934242,0,0.0,0.9285006582509691,0,0.0,1.0,0,0.0,0.9911595173204195,0,0.0,1.0,0,0.0,1.0,0,0.0,0.9701648458506752,0,0.0,1.0,0,0.0
15.0,0,0.0,0.0,12.379379215949376,0,0.0,0.4010426285229224,0,0.0,0.9744381792992058,0,0.0,0.9751069244918433,0,0.0,0.9857075985161066,0,0.0,1.0,0,0.0,0.9437841397371376,0,0.0,1.0,0,0.0,0.8524539977982074,0,0.0,1.0,0,0.0
20.0,0,0.0,0.0,10.110935081176242,0,0.0,0.6201104412184516,0,0.0,0.6831539505948685,0,0.0,0.964099903906311,0,0.0,0.9857075985161066,0,0.0,1.0,0,0.0,0.9362067111272522,0,0.0,0.9550428192269341,0,0.0,0.6059386662536167,0,0.0,0.8672523729872192,0,0.0
25.0,1,2.0,0.06896551724137931,9.68225354907723,0,0.0,0.009789266429940121,0,0.0,0.9575664843149195,0,0.0,0.9813962846994615,0,0.0,0.552686623889824,0,2.0,0.5563307154996588,0,0.0,1.0,0,0.0,0.4700911015124326,1,2.0,0.5893448531707827,0,0.0,0.9449200133924929,1,4.0
30.0,3,15.0,0.42857142857142855,10.705942779738898,1,5.0,0.0,0,0.0,1.0,0,0.0,0.9922841048450897,1,3.0,0.00024063219365447764,0,0.0,0.9562785663109323,0,0.0,1.0,0,0.0,0.7819089135263494,1,7.0,0.7679793751907902,0,0.0,0.9830157784939804,3,15.0
35.0,2,12.0,0.3,9.952664512346704,1,10.0,0.0,0,0.0,1.0,0,0.0,0.9557017402903164,0,0.0,0.5055556208978202,0,0.0,0.9552634754557473,0,0.0,1.0,0,0.0,0.3965555206997981,0,0.0,0.7819813736938335,0,0.0,0.9484639345520091,1,10.0
40.0,4,24.0,0.5454545454545454,9.168396586358332,1,15.0,0.0,0,0.0,1.0,0,0.0,0.9065484175902837,1,3.0,0.010655582294256711,0,0.0,0.4549985203870282,0,0.0,1.0,1,2.0,0.0012176481375508908,1,4.0,0.47725352580417546,0,0.0,0.8084353714472472,4,24.0
45.0,11,70.0,1.4,9.199557460363744,1,20.0,0.43516024881961596,0,0.0,1.0,0,0.0,0.9168109356221357,3,18.0,8.180508935647326e-06,1,7.0,0.6394318004552798,0,0.0,1.0,1,7.0,0.4808467613033858,3,18.0,0.43114327362269717,1,2.0,0.7474117263304987,10,72.0
50.0,12,93.0,1.690909090909091,8.217947037287733,1,25.0,0.0,0,0.0,1.0,1,1.0,0.490780499746052,3,33.0,0.024713053029412596,0,4.0,0.9635348093875015,0,0.0,1.0,0,0.0,0.7635417055257507,3,20.0,0.30316589985650183,2,5.0,0.3053408539753761,10,88.0
55.0,12,92.0,1.5081967213114753,8.045682598137915,1,30.0,0.11728520747507186,0,0.0,1.0,1,6.0,0.6516244130741115,2,23.0,0.27727855584548766,0,8.0,0.41907839885914744,0,0.0,1.0,1,1.0,0.6542339722798116,3,18.0,0.48786410215044435,3,20.0,0.06194536231262315,11,106.0
60.0,16,136.0,2.0606060606060606,8.527968092675733,1,35.0,0.41428817490729447,0,0.0,0.9756359886872189,2,16.0,0.5654474643501823,0,0.0,0.9289582234506436,1,4.0,0.5097052290153881,0,0.0,1.0,1,12.0,0.5892360308795966,3,20.0,0.3363822826926488,5,45.0,5.244403481631388e-06,13,132.0
65.0,9,122.0,1.7183098591549295,8.391968341656549,1,40.0,0.18875503954685335,0,0.0,0.9800213045798294,1,1.0,0.6158423671646266,0,0.0,0.9240042510135869,0,0.0,0.9398991996830688,0,0.0,0.9146999943804212,0,2.0,0.7644828379273769,4,38.0,0.25189308787598375,2,25.0,0.3292761685772753,8,106.0
70.0,8,74.0,0.961038961038961,9.6723116958099,1,4.0,0.3843030636594706,0,4.0,0.9911352995201461,0,0.0,0.9094481190869923,1,5.0,0.7543544461787534,0,0.0,0.8496791142977684,0,0.0,0.720906441245698,1,3.0,0.5932230709425782,3,29.0,0.3401319063140781,1,16.0,0.4499978408544749,7,61.0
75.0,7,69.0,0.8313253012048193,9.675170514968245,0,0.0,0.4081691079484985,0,4.0,0.9677641169234699,0,4.0,0.9384585226797886,1,6.0,0.6368534712061257,1,1.0,0.4902387138886127,0,0.0,0.9462561640914269,1,8.0,0.3286405273509269,1,10.0,0.6334004252637989,1,25.0,0.6004230657720498,5,58.0
80.0,8,79.0,0.9080459770114943,9.618084266110454,0,0.0,1.0,0,4.0,0.9151579123579401,0,4.0,0.8015217670796955,1,11.0,0.4822914955155209,1,9.0,0.5583348681894335,0,0.0,0.904654269884761,1,15.0,0.41239142751827135,1,10.0,0.6805210332471123,1,6.0,0.656142564043887,5,59.0
85.0,10,60.0,0.6521739130434783,8.866978239192113,0,2.0,0.9165159545696175,0,4.0,0.7616776279144303,1,7.0,0.5483126801091077,1,16.0,0.5904689561566232,0,2.0,0.8269092114043776,0,0.0,1.0,3,26.0,0.43953555082383494,0,0.0,0.23418839290271895,2,18.0,0.614553485943785,7,75.0
90.0,14,68.0,0.6868686868686869,8.622631226496786,0,6.0,0.9633509217179774,1,6.0,0.6096119078846546,2,15.0,0.5762918445221032,0,4.0,0.7793528771641639,0,2.0,0.8502675455495149,0,0.0,1.0,4,14.0,0.1783146631856982,1,4.0,0.4806139480486793,3,69.0,0.3536268162861846,11,120.0
95.0,13,72.0,0.7128712871287128,8.502257579346963,0,6.0,0.9316583870456661,0,4.0,0.5018701290111574,1,8.0,0.7462488322593752,0,4.0,0.7029734588608832,0,2.0,0.5355023625015648,0,0.0,1.0,3,16.0,0.2592761464463123,1,9.0,0.6679259544778151,4,58.0,0.36913489128735477,9,107.0
100.0,12,97.0,0.9150943396226415,9.108550225781633,0,6.0,0.7713769771969186,1,17.0,0.7099840631087526,0,0.0,0.9723658630312716,2,6.0,0.3094023935741633,2,8.0,0.4693195313163585,0,0.0,1.0,3,28.0,0.2816874666928045,1,14.0,0.7970650544430326,0,60.0,0.5804285723109497,9,139.0
105.0,11,96.0,0.8888888888888888,8.94707981180255,2,12.0,0.5850244181036617,1,22.0,0.6728652305023649,0,0.0,0.7163550201104883,1,2.0,0.4242194667377521,2,18.0,0.39813386003729523,0,1.0,0.9198100566967183,2,10.0,0.5816846670284068,1,19.0,0.6614264291501076,0,30.0,0.649510193220117,9,114.0
110.0,10,117.0,1.0446428571428572,9.54005942905079,3,29.0,0.5401914425532641,0,8.0,0.9449133643236548,0,0.0,0.9433978814518316,0,0.0,0.7311119393715586,1,14.0,0.4595489693531462,0,1.0,0.9185594014525488,0,4.0,0.708909025641352,2,28.0,0.6153931929655815,1,46.0,0.7056058010800373,7,130.0
115.0,12,126.0,1.0862068965517242,9.305174666296775,4,43.0,0.21306072267499843,0,8.0,0.9182223538273863,0,0.0,0.9382153575816259,0,0.0,0.4567909338189545,0,1.0,0.6807675306362697,0,0.0,1.0,2,9.0,0.574449393149635,2,38.0,0.5136200249432453,2,48.0,0.4680846969225856,10,147.0
120.0,11,118.0,1.0085470085470085,9.218533281143511,4,52.0,0.10457203841333307,0,8.0,0.8473808554209576,1,3.0,0.8421075363708254,1,7.0,0.6870891297022688,0,0.0,0.7824646480950711,0,0.0,0.5191155945909174,0,35.0,0.5394814358833367,1,34.0,0.4576888292482693,3,61.0,0.17715469354653146,10,200.0
125.0,16,181.0,1.5083333333333333,9.441781277184285,5,78.0,0.28811721907471677,0,8.0,0.8919754917570542,0,0.0,0.7487041715933165,1,12.0,0.7330567323532684,0,0.0,0.7210013466970318,0,0.0,0.8104935843396512,2,11.0,0.5508251588759876,2,43.0,0.535053929852084,5,84.0,0.15392450713410016,15,236.0
130.0,19,240.0,1.92,8.950463945181747,5,99.0,0.22362988984669802,0,0.0,0.7770024955014693,0,0.0,0.8741387140911696,3,24.0,0.5351493982965257,2,5.0,0.3311230178211579,0,0.0,0.935463947290642,2,23.0,0.4746807779010435,2,53.0,0.470943818645711,4,53.0,0.19774254174077308,18,257.0
135.0,15,175.0,1.4,9.112745393659898,4,87.0,0.18705989156963243,0,0.0,0.9139762622898763,0,0.0,0.9627309291075273,2,12.0,0.7100225925180201,4,21.0,0.2876778038977233,0,0.0,1.0,2,18.0,0.380243264302391,3,52.0,0.3488898007027877,0,16.0,0.7192528948415572,15,206.0
140.0,12,123.0,0.9534883720930233,9.7896399031776,1,63.0,0.5952579243633492,0,0.0,0.9388033863651164,0,0.0,0.9421979583603401,1,10.0,0.7286625422663641,3,35.0,0.5295001130294696,0,2.0,0.9390995839660936,1,8.0,0.47694640231003266,4,75.0,0.47536853023370035,0,0.0,0.7314724770734351,10,193.0
145.0,10,135.0,1.0150375939849625,9.633998043054223,1,22.0,0.4785873124168556,0,0.0,0.9517116496058082,1,1.0,0.786079373192653,2,24.0,0.5656497503344721,0,16.0,0.6347761754808356,0,2.0,0.930679371029991,1,5.0,0.2709572005501975,4,89.0,0.5680169375068693,1,2.0,0.7060557299784546,10,161.0
150.0,9,66.0,0.4852941176470588,9.654989743337282,2,8.0,0.2918830509352001,0,0.0,1.0,1,6.0,0.6676211732285245,3,40.0,0.6452865867768365,0,8.0,0.7801866627648539,0,0.0,0.9354934268798685,0,0.0,0.5962462823688416,1,21.0,0.673178566381465,0,0.0,0.6647100077092993,7,83.0
155.0,13,62.0,0.4626865671641791,8.999036306160104,4,24.0,0.23619297598757175,0,0.0,1.0,1,5.0,0.6582035337086775,1,25.0,0.7612564268834093,2,21.0,0.490428325953894,0,0.0,0.6753017304779688,0,3.0,0.6944854671784849,1,4.0,0.5973014735246026,3,9.0,0.46608975592775076,12,91.0
160.0,17,116.0,0.8656716417910447,8.447725508283566,5,48.0,0.3879984477992827,0,0.0,1.0,0,8.0,0.6678505879258472,2,17.0,0.4987109152157461,2,24.0,0.5347708451038338,0,0.0,0.9660429035966646,0,7.0,0.7184300518344124,3,16.0,0.5410011656643297,3,24.0,0.033522574806105765,15,144.0
165.0,16,99.0,0.7388059701492538,8.660436575180887,2,26.0,0.6223318502985282,0,0.0,1.0,0,4.0,0.9172228226355067,6,54.0,0.41751106765719187,2,23.0,0.6798914030121538,0,0.0,1.0,0,7.0,0.7146512120416456,3,19.0,0.32693730690211287,2,15.0,9.670020697572855e-05,15,148.0
170.0,14,86.0,0.6231884057971014,8.651739197415223,0,20.0,0.5924916622235639,0,0.0,1.0,0,4.0,0.9423799919486398,7,52.0,0.3940610394315833,2,33.0,0.5654136057802707,0,30.0,0.9686424905672553,2,4.0,0.591024332027354,2,21.0,0.2588813012908289,0,4.0,0.722841719235783,13,168.0
175.0,11,73.0,0.5104895104895105,8.69557860940141,1,6.0,0.3929294335561032,0,4.0,0.9596034104435636,0,4.0,0.9450415296628984,1,33.0,0.291486166366824,2,20.0,0.3641476304686421,0,29.0,0.9296077789812587,2,9.0,0.5240854115317921,3,36.0,0.3539087607728572,0,8.0,0.9109241127325607,9,149.0
180.0,13,63.0,0.4315068493150685,9.34026644508506,5,25.0,0.10722674815967814,0,4.0,0.9372181825383322,1,11.0,0.8206551771409294,1,22.0,0.5155736987361043,1,15.0,0.5238172705068312,0,0.0,0.8248583979738724,3,18.0,0.47065844361516695,1,2.0,0.7033983779205506,1,10.0,0.7656169630471593,13,107.0
185.0,15,84.0,0.5793103448275863,9.625247417051295,5,38.0,0.27791551021050337,0,4.0,0.9857911250887833,1,12.0,0.6737713198119304,3,18.0,0.529785018401892,1,17.0,0.5761327568253992,0,0.0,0.9069429253186493,3,11.0,0.4599884916236055,1,9.0,0.7055701942171724,1,7.0,0.5726780607982812,15,116.0
190.0,18,126.0,0.8689655172413793,8.832377189969325,4,48.0,0.4833695523221401,0,4.0,0.9485500021917693,0,4.0,0.7048758118257418,3,36.0,0.6540089978892202,1,14.0,0.5296597970013468,0,0.0,0.9897739434823828,4,21.0,0.3741692837532517,1,12.0,0.6036596100489822,3,23.0,0.23457585017157043,16,162.0
195.0,22,189.0,1.277027027027027,8.419230758667721,6,72.0,0.3466992908202345,0,4.0,0.9326841378065717,2,12.0,0.5591277050932921,4,59.0,0.40470573516703173,1,19.0,0.678161601156374,0,0.0,1.0,4,49.0,0.34162277382604317,1,1.0,0.6628219764183756,1,11.0,0.5978852825755047,19,227.0
200.0,26,225.0,1.490066225165563,8.053817506632415,9,75.0,0.20933212899568407,0,8.0,0.9537991510041792,3,27.0,0.5190906295597087,4,53.0,0.3622129609618419,2,28.0,0.54061148213938,0,0.0,1.0,2,35.0,0.6238502715835794,2,11.0,0.441549263276356,0,4.0,0.904911053886832,22,241.0
205.0,22,145.0,0.9477124183006536,8.477849844152445,5,85.0,0.42004491776964253,0,16.0,0.9356760457830718,1,10.0,0.7585141978211999,1,53.0,0.4985381818299,5,31.0,0.14938132730720066,0,16.0,0.9342150134676606,1,7.0,0.5781043368247272,4,18.0,0.33525611365054747,0,4.0,0.8475083461597005,17,240.0
210.0,16,132.0,0.8571428571428571,8.999615584897182,9,97.0,0.34257293245008913,0,12.0,0.953184803556217,0,2.0,0.7604023396902422,1,31.0,0.6241987879094478,2,37.0,0.26837405836427913,0,0.0,0.9538344143456696,2,14.0,0.4835206593592184,1,5.0,0.5871100622490486,0,8.0,0.9416516680759898,15,206.0
215.0,16,120.0,0.7843137254901961,9.344525043309094,6,111.0,0.37015988081409323,0,12.0,0.9241031042180156,2,6.0,0.5597719737775628,4,20.0,0.3851200468654219,2,39.0,0.48789657960258964,0,0.0,0.9150760502720676,1,10.0,0.6499612121008289,1,12.0,0.6922798438928373,0,10.0,0.7002102470210794,16,220.0
220.0,11,69.0,0.4423076923076923,9.103340844957561,2,96.0,0.40750546303296603,0,12.0,0.8323505276049197,2,11.0,0.4101447967315484,1,11.0,0.6462060227167014,1,21.0,0.689644568325877,0,0.0,0.9322623208115693,0,7.0,0.6560901361505971,2,19.0,0.49104758096052387,2,30.0,0.6934143344606908,10,207.0
225.0,14,81.0,0.5294117647058824,9.595307286206639,6,48.0,0.35212106500506263,0,8.0,0.8656706751619421,0,4.0,0.948729676495714,2,14.0,0.49347469836240443,2,35.0,0.6012291144615761,0,0.0,1.0,1,6.0,0.7079785861569176,1,7.0,0.607980348337019,0,20.0,0.9008964404423707,12,142.0
230.0,20,142.0,0.922077922077922,9.595539386890554,6,64.0,0.21761706833701644,1,16.0,0.7663703546075521,0,4.0,0.9153739885483808,6,34.0,0.20452662249231546,3,48.0,0.43666702703406163,0,0.0,1.0,0,3.0,0.7072861344792105,1,2.0,0.5499535035502044,0,8.0,0.8034844265117049,17,179.0
235.0,20,152.0,0.9806451612903225,8.53634902896022,4,84.0,0.3020460189542359,0,0.0,0.6942564344289802,1,5.0,0.7338495496708881,6,47.0,0.22194360837807978,2,33.0,0.3009812519407957,0,0.0,0.9698172246184171,1,1.0,0.3800765695304685,2,10.0,0.40932789683792314,2,12.0,0.4451724228960683,18,192.0
240.0,17,152.0,1.0066225165562914,9.172407923376358,8,95.0,0.24094487739475476,0,0.0,0.9842855600099447,1,10.0,0.6745552686943459,1,28.0,0.6545807352850901,0,18.0,0.3323781819316232,0,0.0,0.9888140404744474,2,13.0,0.3999604514339602,1,3.0,0.6541504580667628,1,9.0,0.7116246690741386,14,176.0
245.0,23,181.0,1.2397260273972603,8.87181579440875,7,81.0,0.26393737775665915,0,0.0,0.939345611133622,3,22.0,0.6077594677701523,3,19.0,0.6439116626064261,2,8.0,0.42402305175507465,0,0.0,0.9190638924630473,2,22.0,0.577840867607698,0,8.0,0.7789357457893795,1,6.0,0.43102283620718423,18,166.0
250.0,22,158.0,1.082191780821918,8.344624456569582,5,49.0,0.26993817694705335,0,0.0,0.9120292347805897,1,8.0,0.7182636686742672,3,17.0,0.49554392323456126,0,8.0,0.6377986905020065,0,0.0,0.9865924136514946,1,17.0,0.5168545717120587,0,4.0,0.8845368222069675,2,14.0,0.29609014579552206,12,117.0
255.0,29,238.0,1.6081081081081081,8.501115358966086,7,68.0,0.31727629598378765,0,0.0,0.9224560989943842,1,5.0,0.8144330114315648,6,24.0,0.3690242403813778,1,16.0,0.6581849001876572,0,0.0,1.0,3,20.0,0.43137883733331905,1,7.0,0.8256791660584171,1,4.0,0.7566939357300628,20,144.0
260.0,32,339.0,2.26,8.347037070201692,6,75.0,0.2523387872603444,0,0.0,0.9666543712983018,2,11.0,0.6189710326163096,9,61.0,0.2145791784451018,2,23.0,0.5680523539561172,0,0.0,1.0,1,22.0,0.6666164945223948,2,14.0,0.5617364425824346,0,0.0,0.9325633337981873,22,206.0
265.0,24,267.0,1.7682119205298013,7.9674496935165005,3,84.0,0.27603170452268694,0,4.0,0.9747334018262929,3,13.0,0.6616781578352935,3,33.0,0.42674249231372835,2,20.0,0.5616322568082177,0,0.0,0.49377299328425356,0,6.0,0.5071445347523061,5,29.0,0.33647963430250094,0,0.0,0.6646954471820554,16,189.0
270.0,19,184.0,1.2602739726027397,8.10657986769573,5,64.0,0.18724858237440375,0,4.0,0.717398468546683,2,17.0,0.7277461600125098,0,10.0,0.7219777873594091,1,24.0,0.4735257804734368,0,0.0,0.967898755212207,2,76.0,0.4419397436212362,2,19.0,0.4019985847821579,2,4.0,0.457966183253706,14,218.0
275.0,26,245.0,1.6333333333333333,8.362441210646445,6,63.0,0.03032059239348432,0,4.0,0.9564385277010684,3,26.0,0.5322400981288304,0,9.0,0.7779895870013366,3,33.0,0.5677672041386913,0,0.0,0.9402363148953206,1,77.0,0.4741614740214683,3,22.0,0.31703356333013155,1,48.0,0.7589297193767536,17,282.0
280.0,16,212.0,1.4324324324324325,8.92198915074138,4,53.0,0.39893417757331145,0,4.0,0.9516647739855476,2,21.0,0.6769212280297289,1,3.0,0.7961302133343001,0,16.0,0.7696004083234079,0,0.0,1.0,0,42.0,0.5569740785970422,2,30.0,0.32452301418748986,1,57.0,0.7788857037333244,10,226.0
285.0,13,120.0,0.7843137254901961,9.353855764955906,4,73.0,0.45501861752511996,0,4.0,0.9416771177493631,1,18.0,0.7266662077501546,3,65.0,0.6469147610362529,1,11.0,0.7455289505560037,0,1.0,0.8394154633771396,3,21.0,0.6025650744882822,1,22.0,0.4544064516491326,0,62.0,0.7686671972500154,13,277.0
290.0,15,118.0,0.7763157894736842,8.964467704019853,3,50.0,0.5434689361258883,0,0.0,0.9448577944092625,1,18.0,0.8190240528846645,1,17.0,0.5809546761915049,1,20.0,0.6258982184951142,0,5.0,0.6792980160313131,1,21.0,0.5901224255849422,2,33.0,0.650474157057189,2,96.0,0.6763449943452355,11,260.0
295.0,22,141.0,0.9038461538461539,8.838542105462116,2,36.0,0.5673065895567827,0,0.0,0.891144794886593,2,15.0,0.592343163057725,6,27.0,0.2863674071727457,2,22.0,0.3343670771257717,0,0.0,0.913061816072499,1,6.0,0.6955562030525612,2,39.0,0.6395516991772084,2,81.0,0.7192804405903293,17,226.0
300.0,28,208.0,1.3248407643312101,8.312803417367922,4,43.0,0.2883758692193207,0,0.0,0.9334117523105343,4,27.0,0.5610190667190653,9,71.0,0.20083433532539233,1,9.0,0.601710963159447,0,0.0,0.810416315455309,2,14.0,0.42199373729631073,2,17.0,0.6004008212132976,0,34.0,0.6815058402883796,22,215.0
305.0,28,257.0,1.6265822784810127,7.897076159909251,4,58.0,0.340084629836905,0,0.0,0.8261166001185343,4,47.0,0.44426485489409606,8,69.0,0.26911091760098454,1,14.0,0.6259285826172851,0,0.0,0.7021761129768823,2,24.0,0.14930728219003334,2,21.0,0.5954064022313265,3,43.0,0.5228153736684521,24,276.0
310.0,21,220.0,1.4473684210526316,8.291965327280941,3,62.0,0.4217850832407845,0,0.0,0.9125672213827991,3,32.0,0.570705633032938,1,57.0,0.5657290959420189,0,4.0,0.8750253761312261,0,0.0,0.9706516592877334,4,16.0,0.3734249712063803,4,37.0,0.5066102485964254,3,88.0,0.547436406270868,18,296.0
315.0,19,189.0,1.2272727272727273,8.765143030238983,5,72.0,0.1752791228223028,0,0.0,0.9339139959758719,0,8.0,0.8402121767995411,4,28.0,0.5819925294154479,0,4.0,0.9106608406066838,0,0.0,0.9426852637759466,4,37.0,0.39980711082952647,4,42.0,0.5275676755382392,1,32.0,0.7528405507480772,18,223.0
320.0,19,139.0,0.879746835443038,8.4852479192505,4,32.0,0.28719762972393126,0,0.0,0.7017084265674483,0,5.0,0.8445956103946577,5,41.0,0.3655419680634019,0,4.0,0.8352241312048114,0,0.0,0.9261719497910385,3,36.0,0.5419648989515861,5,61.0,0.37981336284069533,1,86.0,0.695776761122673,18,265.0
325.0,22,161.0,1.0320512820512822,8.492109932401956,2,37.0,0.5279389281851827,1,3.0,0.4745323354621548,1,2.0,0.6955362718954052,7,57.0,0.2258997045393285,1,6.0,0.48115934312893627,0,0.0,0.9411507330665532,0,18.0,0.6047816406105212,7,92.0,0.3669164875495499,2,121.0,0.6405270838024782,21,336.0
330.0,30,234.0,1.4904458598726114,8.270810261458033,2,36.0,0.5485621317521325,1,8.0,0.4863829029959039,2,11.0,0.6643000776824967,10,95.0,0.2729781548307287,3,20.0,0.3748775575997754,0,0.0,0.9619985354191434,1,8.0,0.5870357519977137,6,70.0,0.4192599923298393,2,114.0,0.42661770391494397,27,362.0
335.0,21,198.0,1.2774193548387096,7.861409346968035,2,41.0,0.3006180136088129,0,0.0,0.7271092951943836,2,13.0,0.6972664730779778,5,65.0,0.4283536367406151,3,32.0,0.19000800235922305,0,0.0,1.0,2,27.0,0.397054797824121,1,54.0,0.46223678948145464,3,122.0,0.2445618000205975,18,354.0
340.0,22,197.0,1.304635761589404,8.519379045432267,2,50.0,0.633011403809377,1,2.0,0.6365145716268946,0,1.0,0.6175344608208284,0,44.0,0.4705211450652551,2,41.0,0.5701769101769522,0,0.0,0.8941567062129188,4,43.0,0.5225907764808442,4,25.0,0.4110541456131862,5,137.0,0.04623194203901595,18,343.0
345.0,27,219.0,1.46,8.639662679125946,3,61.0,0.4000571475183424,1,7.0,0.40711491262708027,1,5.0,0.801455331912286,2,37.0,0.42646173594710285,0,27.0,0.8749794706732239,0,0.0,0.9458284606896515,5,86.0,0.27524703017028634,5,30.0,0.29607934060343577,5,161.0,0.3467827535228492,22,414.0
350.0,27,215.0,1.4052287581699345,8.61157515468666,4,45.0,0.24874971992825773,1,8.0,0.6599567090305403,2,11.0,0.7221105460888362,3,62.0,0.4792584912642853,0,16.0,0.7873243425443832,0,0.0,1.0,7,110.0,9.467981527578257e-05,4,39.0,0.30418606576053103,0,60.0,0.5682178688935596,21,351.0
355.0,31,255.0,1.6139240506329113,7.624409643506643,4,28.0,0.36549747075174066,1,13.0,0.6342196626831661,0,0.0,0.6996333906202719,4,63.0,0.3763995601529158,2,16.0,0.46210108749868367,0,0.0,1.0,5,100.0,0.19794748799520565,6,49.0,0.30127612139923704,0,19.0,0.6576965980264826,22,288.0
360.0,27,160.0,1.0,7.517552170231871,5,55.0,0.2176141455216244,1,18.0,0.7448702842460205,3,13.0,0.6444507920552965,5,71.0,0.11072540918495084,4,22.0,0.5131698490193113,0,0.0,0.6789238379751091,0,39.0,0.31578953663693926,2,29.0,0.5784836669436678,2,8.0,0.6033700042016713,22,255.0
365.0,20,129.0,0.80625,8.407595918428703,4,46.0,0.23581944253062156,0,4.0,0.7808046705192965,4,27.0,0.4677101985561549,8,97.0,0.24841869153882,0,22.0,0.5618352158683656,0,0.0,0.9392708997461224,1,40.0,0.6264946238173493,1,4.0,0.7408439525463855,2,49.0,0.6793477460574496,20,289.0
370.0,20,132.0,0.825,8.587542340318917,2,28.0,0.4257123795663574,0,4.0,0.8565314348336166,3,29.0,0.5708047449194777,5,72.0,0.3572499770762997,1,10.0,0.6196362727869112,0,0.0,0.9742005268257177,1,17.0,0.3812021012010773,2,14.0,0.7207963951629928,2,73.0,0.6497105593607584,16,247.0
375.0,19,130.0,0.8280254777070064,9.152429774470034,2,34.0,0.45176124948668783,0,4.0,0.8561341460759015,0,7.0,0.7415069233709042,1,72.0,0.6922963106976149,0,12.0,0.7571758880224135,0,0.0,0.9309390986086844,5,35.0,0.31975695506643903,1,17.0,0.581250843502257,5,105.0,0.5001183109633229,14,286.0
380.0,21,165.0,1.0784313725490196,8.567256702485109,2,17.0,0.4924497423450647,0,3.0,0.7859332988402102,0,4.0,0.8746339259812512,2,38.0,0.5833409200400478,1,21.0,0.6358937342334706,0,0.0,0.9366587328754294,5,58.0,0.27963020267000366,5,34.0,0.311211837737804,2,65.0,0.4916651582779672,17,240.0
385.0,21,180.0,1.1920529801324504,8.50554336352303,4,27.0,0.4500880830862243,0,4.0,0.9183558034764284,1,5.0,0.645109485827544,2,28.0,0.4926934128129299,3,24.0,0.2456621364759358,0,0.0,0.9615673455418295,3,39.0,0.30634578640649224,6,63.0,0.34543251111293943,0,41.0,0.6006229476086934,19,231.0
390.0,19,159.0,1.0529801324503312,8.628451740859557,5,49.0,0.3594986040445861,0,8.0,0.9331035299497416,2,14.0,0.7088995110261234,0,0.0,0.9503639674699952,3,20.0,0.4891793937966735,0,0.0,0.6320440132832269,1,27.0,0.48085841976673155,5,55.0,0.4393519562900963,1,29.0,0.5934421482291203,17,202.0
395.0,20,167.0,1.0986842105263157,8.606394222527962,5,46.0,0.3628023577914465,0,8.0,0.7893289566288119,2,24.0,0.649794121199429,1,5.0,0.4341659231044444,0,12.0,0.6489089239023984,0,0.0,0.9348968098433258,3,39.0,0.3252829025029369,2,41.0,0.5952165906265674,1,21.0,0.5015441672901365,14,196.0
400.0,17,198.0,1.2941176470588236,9.143685897077141,3,51.0,0.4304997117723716,1,10.0,0.7221830052280137,1,22.0,0.762754021333679,1,11.0,0.7621049225076406,1,10.0,0.6771259413140553,0,7.0,0.8170849529760398,1,13.0,0.48382469970225084,3,60.0,0.5927935965895458,2,24.0,0.3497537906389773,13,208.0
405.0,18,186.0,1.2077922077922079,9.693510560698389,4,69.0,0.37624465358993386,1,15.0,0.4971455165469765,0,5.0,0.8721970580037509,0,1.0,0.8922524854541317,0,8.0,0.805910773747435,0,1.0,0.9243095062218083,1,11.0,0.5851451278981232,5,37.0,0.4752906828943054,5,46.0,0.14949447426689844,16,193.0
410.0,21,186.0,1.2236842105263157,9.345055001103251,5,43.0,0.3267459328467877,1,9.0,0.4812928183987757,0,5.0,0.8906908681826076,2,6.0,0.6407996560566553,1,13.0,0.7556507391489581,0,1.0,0.9850922917197134,3,19.0,0.52009449006815,4,45.0,0.48344249437879894,2,38.0,0.02086453791791597,18,179.0
415.0,23,165.0,1.114864864864865,8.713436575064572,4,45.0,0.45499995258754644,0,0.0,1.0,1,11.0,0.7965452202381672,2,15.0,0.3998267269514264,2,20.0,0.45369507087087024,0,0.0,0.9395066408264334,3,53.0,0.42079060710369326,7,76.0,0.1799227647594244,1,20.0,0.568115593365653,20,240.0
420.0,30,218.0,1.472972972972973,8.43794649926551,6,68.0,0.4058563416790199,0,0.0,0.922321417238602,3,18.0,0.42924047876624244,2,18.0,0.345684107325853,4,26.0,0.45574431743730504,0,0.0,0.9858847221981537,2,31.0,0.41095657793448986,7,76.0,0.3365155720882396,1,14.0,0.7068859255239207,25,251.0
425.0,26,217.0,1.4662162162162162,8.319564236725748,7,92.0,0.33711866038735366,0,0.0,0.9846312704730227,4,40.0,0.4338525543248288,1,9.0,0.6226786491434014,2,35.0,0.41397679569849755,0,0.0,1.0,4,53.0,0.24233968834993722,6,90.0,0.3556384100267736,0,12.0,0.9177514259250986,24,331.0
430.0,27,260.0,1.7567567567567568,8.113129918310097,11,127.0,0.22083139920011904,0,4.0,0.907300054027853,2,23.0,0.3941493401600632,1,18.0,0.715229330720765,2,16.0,0.5074746471247275,0,0.0,0.9651244721970103,4,46.0,0.2753605739884531,7,117.0,0.3104103568971563,0,12.0,0.7838787900774784,27,363.0
435.0,30,290.0,2.027972027972028,7.711448140412776,14,187.0,0.13049809879164548,0,4.0,0.9501882338702957,0,0.0,0.7762516499178309,1,8.0,0.7993591786168543,1,11.0,0.6032106326358541,0,0.0,0.9219838136479174,2,41.0,0.30866613862412906,8,98.0,0.19489588528874283,2,13.0,0.4043704484073943,28,362.0
440.0,26,285.0,1.952054794520548,8.134859156118663,12,200.0,0.04450493991902396,0,4.0,0.8928026403481011,0,4.0,0.9569716520922302,1,14.0,0.6969583654306523,3,21.0,0.3427570718220109,0,0.0,1.0,2,28.0,0.490198581558387,2,50.0,0.3446375435372263,3,15.0,8.712921341757689e-05,23,336.0
445.0,30,262.0,1.7583892617449663,8.49010913086884,8,214.0,0.16630897803690134,0,4.0,0.9128730585432604,1,5.0,0.5655538473062774,4,30.0,0.6216852713260274,4,43.0,0.44043136349131723,0,0.0,1.0,2,8.0,0.5660542483584929,3,39.0,0.28317138528065,2,19.0,0.32283105627072495,24,362.0
450.0,27,263.0,1.730263157894737,8.430949703374338,4,169.0,0.35423521446568007,0,8.0,0.9246763026654965,3,16.0,0.4966197571353694,3,19.0,0.2684856850158774,4,49.0,0.6044340016555841,0,0.0,1.0,0,3.0,0.9747908394599797,3,18.0,0.34185702429533216,2,29.0,0.6296879052582717,19,311.0
455.0,28,298.0,1.9477124183006536,7.991871101945634,5,148.0,0.36874800654094714,0,8.0,0.8567368749582069,3,31.0,0.5428739994965462,6,36.0,0.3272670890822627,1,46.0,0.6059706950675441,0,0.0,1.0,1,4.0,0.34773445997900526,3,33.0,0.41704350318933575,2,18.0,0.5296674017040718,21,324.0
460.0,27,324.0,2.0903225806451613,8.17963447649125,5,115.0,0.20663985875159868,0,8.0,0.8320197849514461,1,17.0,0.6563599095310294,7,63.0,0.453387222922346,1,23.0,0.6414669253168448,0,0.0,1.0,0,1.0,0.885584399612896,3,48.0,0.4286138918233773,3,27.0,0.6149485313296279,20,302.0
465.0,25,223.0,1.448051948051948,8.05884993669639,3,74.0,0.21664890725901167,1,10.0,0.6548064132377799,0,4.0,0.8797647368212576,4,47.0,0.46205170649470073,0,16.0,0.5349469728608071,0,0.0,0.9741116718365056,1,10.0,0.7860416694521436,3,42.0,0.2864375036675183,3,42.0,0.5468740605150155,15,245.0
470.0,26,169.0,1.1045751633986929,8.369147013191895,5,91.0,0.3561827166704947,0,4.0,0.6484235792361217,0,4.0,0.9321203789534623,2,51.0,0.5191013812798267,5,33.0,0.1911743685366506,0,3.0,0.9773243137449665,2,15.0,0.47226193105580505,4,55.0,0.31565942734694225,3,30.0,0.25529331484831846,21,286.0
475.0,28,260.0,1.6993464052287581,9.117810667662436,5,82.0,0.2695338574972386,1,8.0,0.6277922540491615,0,4.0,0.9570720889409003,2,40.0,0.4963399418288292,7,58.0,0.31837278047550394,0,3.0,0.9399684166611557,1,36.0,0.500379413739326,4,75.0,0.3077272268965678,4,35.0,0.4192704080215335,24,341.0
480.0,22,238.0,1.5454545454545454,8.744219467518548,3,71.0,0.2685979219917264,1,13.0,0.5329029157736433,1,6.0,0.8569148991620033,2,38.0,0.3334418646390557,5,60.0,0.5311254901996286,0,0.0,0.9284234089612761,0,44.0,0.7369365146609891,1,9.0,0.5616525108930444,4,55.0,0.43971470148704883,17,296.0
485.0,20,272.0,1.7662337662337662,8.755116144108904,4,48.0,0.33723235589864975,0,6.0,0.9141419521447073,1,11.0,0.752420485943375,2,48.0,0.47107621234470826,0,44.0,0.4854017294781637,0,0.0,0.9944749004871545,1,58.0,0.4314706591103174,2,18.0,0.3514684860243251,5,80.0,0.2827068308189744,15,313.0
490.0,17,218.0,1.4342105263157894,8.764824391343529,4,43.0,0.17277613950207404,0,6.0,0.9728727263248174,0,4.0,0.9028757931051574,2,44.0,0.6377969356358084,1,13.0,0.5161037845626807,0,0.0,0.9906538168540528,1,55.0,0.46811947561060957,2,14.0,0.5868985269652927,4,38.0,0.3576680172290099,14,217.0
495.0,16,152.0,0.987012987012987,9.041751118005635,6,72.0,0.22129187647439214,0,10.0,0.9510151799291179,0,8.0,0.8891662636692446,2,50.0,0.7361058218081528,2,11.0,0.5472063651906668,0,0.0,0.866380047718313,1,42.0,0.4207938512002242,1,18.0,0.7263622196589505,2,22.0,0.6170810946833314,14,233.0
500.0,30,271.0,1.7712418300653594,8.6080462453245,7,106.0,0.24523402623595056,0,10.0,0.9493368423664766,3,15.0,0.5672273135262361,2,63.0,0.7535036573086852,3,21.0,0.4267658031747589,0,0.0,0.986367463933135,7,58.0,0.3631775903346866,1,23.0,0.8229915998071785,3,27.0,0.5661777429378035,26,323.0
505.0,26,285.0,1.8387096774193548,8.194479882433443,5,72.0,0.2888166607154981,0,8.0,0.9235023263461918,1,10.0,0.8018707496027091,2,70.0,0.6381670208186818,5,50.0,0.35433113669971555,0,0.0,0.38115573454666357,5,36.0,0.45166897968249997,2,32.0,0.6575631360960825,1,1.0,0.6287023504146009,21,279.0
510.0,17,135.0,0.8766233766233766,7.927320589614836,4,66.0,0.27284959251588226,0,8.0,0.9451397698697942,1,5.0,0.5832047425506223,2,5.0,0.57758176385864,3,42.0,0.31858984447538446,0,0.0,0.8605483290443742,1,10.0,0.5691883861880207,2,17.0,0.39139185414119926,1,7.0,0.6714383327790955,14,160.0
515.0,24,206.0,1.3290322580645162,8.877191457527694,4,65.0,0.21195562981658939,0,10.0,0.9401900663691543,3,24.0,0.6373090418131606,2,18.0,0.6445679443382961,1,41.0,0.39150814447069365,0,0.0,1.0,2,23.0,0.36152749613387447,6,40.0,0.18797193971103873,2,16.0,0.6750749416322742,20,237.0
520.0,23,247.0,1.603896103896104,9.089887747975888,5,89.0,0.2058144474928989,0,4.0,0.9225604631815186,1,14.0,0.8095427293402673,4,34.0,0.526501554767212,2,19.0,0.5252096253754678,0,0.0,0.9281295947223333,2,24.0,0.3589952917119209,6,67.0,0.07480045812384153,1,7.0,0.7989759792481532,21,258.0
525.0,19,179.0,1.1933333333333334,8.950540968792328,5,78.0,0.1370047748082072,0,4.0,0.8824350566350277,1,5.0,0.6004197030020718,1,14.0,0.6972613808581084,1,5.0,0.6835533491829576,0,0.0,0.9307386036093793,4,129.0,0.3728864867564523,5,59.0,0.45993857556849005,0,5.0,0.9145734405846142,17,299.0
530.0,14,148.0,0.9801324503311258,8.991587973469185,3,65.0,0.40498397445722867,0,4.0,0.7421617846043725,1,14.0,0.7378480518159583,0,11.0,0.7248607740155391,1,18.0,0.6129721796064596,0,0.0,1.0,6,144.0,0.4376914489211205,1,25.0,0.733400814902859,0,8.0,0.9400867734529273,12,289.0
535.0,18,196.0,1.2810457516339868,9.464905059554638,4,62.0,0.24081833354383347,2,10.0,0.493474226548723,1,19.0,0.5775318834721535,0,3.0,0.8081037543345929,2,32.0,0.6810808012578501,0,0.0,0.8772340822351058,4,117.0,0.5165104272717295,1,23.0,0.7147330947276811,0,4.0,0.9360423172583187,14,270.0
540.0,23,190.0,1.2337662337662338,9.48400598138685,5,56.0,0.4682288790794351,2,16.0,0.2839395889113972,2,11.0,0.5606457886508845,1,7.0,0.6470875364547893,2,23.0,0.725325336954336,0,0.0,0.9709744898925483,2,95.0,0.4710773547530965,3,24.0,0.4182369336425975,0,4.0,0.8145185102683964,17,236.0
545.0,22,218.0,1.4064516129032258,9.320556000455882,5,57.0,0.3851769702615966,1,12.0,0.526844550522113,2,17.0,0.4784718419528166,0,4.0,0.9071718216329234,3,24.0,0.5495949836460354,0,0.0,0.9264396871805912,4,104.0,0.38536100307544785,3,39.0,0.21122245900727663,1,7.0,0.3381368511808131,19,264.0
550.0,22,216.0,1.4025974025974026,9.16283403125811,6,76.0,0.3145431026138123,0,0.0,0.9562628813338088,3,29.0,0.46631254882679574,0,4.0,0.9185614175227478,5,35.0,0.5419108819476671,0,0.0,0.9766700650003604,1,91.0,0.52906170904868,2,24.0,0.45195942493615104,0,0.0,1.0,17,259.0
555.0,28,265.0,1.7096774193548387,8.733705952353382,10,122.0,0.2847918933428556,0,0.0,0.961430037091478,2,10.0,0.306860201908776,0,0.0,0.7032040522598468,3,10.0,0.5880420164420455,0,0.0,0.8449393103360686,3,96.0,0.43714978963209056,2,38.0,0.5789802634501263,0,0.0,0.8973113864563623,20,276.0
560.0,28,227.0,1.4645161290322581,8.488714191884302,9,102.0,0.16939020680526257,0,0.0,0.47043659817787964,0,0.0,0.9867453283260882,0,4.0,0.8022400207413496,3,26.0,0.5524676775686967,0,1.0,0.9839635704922903,8,155.0,0.38364801571700646,2,48.0,0.519526208247815,0,0.0,0.8881529647814657,22,336.0
565.0,23,219.0,1.4038461538461537,8.60026671125077,8,131.0,0.27351416733587697,2,5.0,0.3283271786609781,0,0.0,0.971008033936399,0,10.0,0.5516991953926119,4,46.0,0.32376454056375464,0,0.0,0.9407601909035589,4,109.0,0.2790759046542939,3,63.0,0.5083970247702839,0,12.0,0.8639530271867211,21,376.0
570.0,21,218.0,1.3974358974358974,8.953866805467012,8,135.0,0.30003256043160265,1,10.0,0.496202115275024,0,4.0,0.9059551325800768,1,5.0,0.6058476313546585,4,41.0,0.36873752483536415,0,0.0,0.8915747307390522,3,121.0,0.3855647475594396,3,47.0,0.22449359359207852,0,26.0,0.8328351794202364,20,389.0
575.0,22,207.0,1.3184713375796178,8.911434593119758,11,148.0,0.20027919669300312,1,1.0,0.49650545101328747,0,8.0,0.7150764924766512,2,12.0,0.54608408537993,0,29.0,0.3695215478886338,0,0.0,1.0,5,141.0,0.3462083751301414,2,26.0,0.12640749039965246,0,1.0,0.8395442913639092,21,366.0
580.0,23,152.0,0.9620253164556962,8.68622483332834,10,170.0,0.18495197271058655,1,6.0,0.4025113404470942,1,13.0,0.529372166405794,2,8.0,0.5799786204264105,1,17.0,0.4093155576460947,0,0.0,1.0,3,86.0,0.41141915661077555,3,41.0,0.2272389207152746,0,0.0,0.6852682283112923,21,341.0
585.0,20,127.0,0.8037974683544303,9.417091352968747,8,134.0,0.2494335360931201,1,11.0,0.6177668307032149,1,13.0,0.7179361995434419,1,9.0,0.7667296812655121,2,17.0,0.6111257883786089,0,0.0,0.8263261672171494,3,90.0,0.4050896892284171,1,5.0,0.6245137313388345,2,6.0,0.48623329873522136,19,285.0
590.0,18,150.0,0.9933774834437086,9.257516813880924,6,126.0,0.2655752217110903,0,0.0,0.60222104755038,0,0.0,0.9110702369125914,3,19.0,0.5293065030934737,1,18.0,0.5923766393812551,0,0.0,0.6994212644571097,3,78.0,0.46944389068881,1,5.0,0.7434222246356617,2,16.0,0.5637968954560896,16,262.0
595.0,15,118.0,0.7814569536423841,8.552442554117775,5,138.0,0.18160355958469576,1,3.0,0.47084914354934554,0,0.0,0.9136854158948845,2,8.0,0.5189522042933432,3,32.0,0.46764456711115293,0,0.0,1.0,2,20.0,0.3953127002365964,1,10.0,0.5852488672638738,0,0.0,0.7383011705465808,14,211.0
600.0,19,140.0,0.9655172413793104,9.177040461101647,8,155.0,0.3975693353560952,1,8.0,0.7125747149190784,0,0.0,0.7291527302671085,2,9.0,0.618877726453806,4,35.0,0.47891452693522174,0,0.0,1.0,2,13.0,0.45831147260643856,1,6.0,0.548181091885539,0,0.0,0.8468039543366961,18,226.0
605.0,20,187.0,1.2986111111111112,8.66019024224482,7,154.0,0.18949354637791524,0,0.0,0.7802524307637811,1,9.0,0.774351392229402,2,23.0,0.42939088843738915,2,35.0,0.4910936232836761,0,0.0,0.9992803100822869,3,19.0,0.33888550279498586,1,11.0,0.6995417369455079,0,4.0,0.8168925109381237,16,255.0
610.0,16,133.0,0.910958904109589,8.719020244361941,6,154.0,0.1349764362371943,0,0.0,0.7332032707569078,1,11.0,0.777336751635754,2,15.0,0.4836209424629476,2,28.0,0.5902298151584354,0,1.0,0.9345498963028237,1,13.0,0.4416649577881717,1,12.0,0.7185781627170732,0,8.0,0.872909477235196,13,242.0
615.0,16,144.0,0.9795918367346939,9.155091516840711,4,127.0,0.4695485996684612,1,4.0,0.748194652400384,1,15.0,0.6307606675889306,1,16.0,0.7537439467335222,1,9.0,0.7189364245175642,0,1.0,0.9596793782405633,0,2.0,0.6726753318713412,1,3.0,0.5114082009988692,1,11.0,0.6834129515978472,10,188.0
620.0,21,197.0,1.3133333333333332,8.29130610449893,6,103.0,0.3485299860200302,0,0.0,0.7381659264148294,0,0.0,0.8755021889496893,2,19.0,0.5022124989797626,0,4.0,0.6698583370533219,0,5.0,0.9508510430855529,0,4.0,0.4395635140956709,1,8.0,0.566279711053047,2,22.0,0.23584722057050592,11,165.0
625.0,30,243.0,1.62,7.578755287773535,7,94.0,0.25936667371316424,1,5.0,0.6128905449728498,1,5.0,0.3640936358621586,5,38.0,0.22454328409634783,1,7.0,0.5543299560526597,0,4.0,0.9809355309694706,0,1.0,0.8329809801115149,3,18.0,0.3079278065802971,3,36.0,0.574045670039093,21,208.0
630.0,22,212.0,1.403973509933775,8.405530624796478,8,99.0,0.342019019597281,1,10.0,0.48342761185816147,2,15.0,0.5725818844639919,3,28.0,0.5803169703674778,0,0.0,0.813420171695995,0,0.0,0.9756441913204066,0,10.0,0.8007380934240341,1,10.0,0.4777599082419153,2,29.0,0.634771505886312,17,201.0
635.0,22,226.0,1.516778523489933,8.738028129495856,10,126.0,0.2131294061002073,0,0.0,0.4812211048606593,2,29.0,0.47649487276894525,0,12.0,0.8521079396064496,0,4.0,0.8765628316207391,0,0.0,0.6867186357356263,2,16.0,0.5200368150172553,1,15.0,0.3780193026289369,1,20.0,0.5334154718281386,16,222.0
640.0,20,249.0,1.66,8.512790165055826,9,127.0,0.2746423321372134,1,9.0,0.626226674969865,1,13.0,0.5861121135209553,0,8.0,0.7800085853583112,0,4.0,0.7778734472660331,0,0.0,0.9279779484758951,0,9.0,0.6175234713514265,1,20.0,0.6196313505336911,2,20.0,0.6220610949302493,14,210.0
645.0,16,235.0,1.5460526315789473,8.565492217425218,7,126.0,0.24474139226085756,1,14.0,0.665538138511447,1,12.0,0.7742586706413511,1,8.0,0.5432479311169135,0,4.0,0.7879127072683959,0,0.0,0.9955270311317946,0,4.0,0.6327250678626616,0,0.0,0.6184274653279263,0,8.0,0.6910055082575887,10,176.0
650.0,22,206.0,1.3376623376623376,8.81295783210861,9,150.0,0.15639625465120707,0,4.0,0.9513233620061109,1,21.0,0.8025421069404547,1,10.0,0.6806552988486289,1,7.0,0.6254075482590384,0,62.0,0.9717761223606729,0,19.0,0.7314629339843102,0,4.0,0.8408932264961353,2,15.0,0.39504844585686555,14,292.0
655.0,23,253.0,1.5911949685534592,8.43525631945075,10,163.0,0.09189060149468942,0,4.0,0.9233962524688546,0,8.0,0.8563859218019114,1,11.0,0.6672161816045833,2,14.0,0.2670821949412013,0,46.0,0.8934938776751257,0,22.0,0.7704225485344928,0,4.0,0.781658709152547,3,30.0,0.45716135766211163,16,302.0
660.0,20,147.0,0.930379746835443,8.191545065641321,5,166.0,0.3025522835262645,0,4.0,0.8970654466001848,0,0.0,0.802846983140021,4,28.0,0.39693967804769925,2,12.0,0.4643386082058028,0,38.0,0.6763956623436685,0,15.0,0.05464566739891103,1,9.0,0.743912167491464,2,20.0,0.5543729967070081,14,292.0
665.0,16,87.0,0.5612903225806452,8.571807019752992,4,126.0,0.3896776145115142,0,0.0,1.0,0,0.0,0.7963733764388238,4,32.0,0.4145682491332289,0,4.0,0.5303155175052466,0,43.0,0.9852325201826213,1,19.0,0.6277048199111086,1,6.0,0.5805443064554978,1,10.0,0.6978623622810034,11,240.0
670.0,11,67.0,0.43790849673202614,8.556588542812193,4,94.0,0.3936083724849847,0,4.0,0.9117777077226472,1,2.0,0.7204583370350698,0,6.0,0.6439948379275945,1,6.0,0.6079328324102804,0,42.0,0.7996522615950395,0,48.0,0.5962313882709637,1,7.0,0.5947208292071372,3,18.0,0.2461112026707734,10,227.0
675.0,21,110.0,0.7284768211920529,8.538001351568584,6,98.0,0.24709918671154596,0,4.0,0.9053635798572209,2,16.0,0.5894633307368854,2,9.0,0.6406299971108071,0,6.0,0.9328904710780819,0,42.0,0.7849976522079641,3,68.0,0.4056023091563767,3,13.0,0.6047764953009903,1,12.0,0.7763303349563702,17,268.0
680.0,21,184.0,1.2105263157894737,8.66452040027037,9,137.0,0.12492584104153244,0,4.0,0.9767472342796057,4,35.0,0.5916152498105494,3,30.0,0.41336514296796195,0,4.0,0.9622791149886165,0,1.0,0.8642863534639146,3,35.0,0.506761594257927,2,29.0,0.6830560419328116,0,8.0,0.7432071778731059,21,283.0
685.0,26,267.0,1.7450980392156863,8.490651267540462,11,190.0,0.20865849967506853,0,4.0,0.9271556619998045,3,27.0,0.512469302283855,4,45.0,0.4821244955963938,0,4.0,0.7892582692195514,0,17.0,0.9313817306952706,1,29.0,0.7184196090474672,4,45.0,0.5606090921267752,2,27.0,0.576185721536759,25,388.0
690.0,29,300.0,1.948051948051948,8.082720157509995,9,186.0,0.2569179038076421,0,4.0,0.9348245519116941,3,27.0,0.6267785408635654,3,38.0,0.44793690923394464,0,0.0,0.7154579175338235,0,19.0,0.966786881062475,2,26.0,0.5450847341789702,5,67.0,0.438189953177109,4,50.0,0.53364013031882,26,417.0
695.0,29,277.0,1.7870967741935484,7.716358578485871,8,194.0,0.23820535385581998,0,0.0,1.0,4,36.0,0.5615474364080691,2,14.0,0.46580461198844875,0,4.0,0.9016657680423203,0,2.0,0.9154953283000637,5,45.0,0.37860703726679007,4,76.0,0.22830462623387612,4,44.0,0.37434168799685513,27,415.0
700.0,27,313.0,1.9936305732484076,8.298398692734,7,162.0,0.1971317423125719,0,0.0,1.0,3,43.0,0.6185883380319526,4,27.0,0.49126787123336757,0,4.0,0.9417859385892244,0,2.0,0.9061021628601669,5,51.0,0.2662845195975102,4,92.0,0.2677911700719093,2,35.0,0.5748383417685795,25,416.0
705.0,25,323.0,2.125,8.90881196316162,8,185.0,0.1323140612597309,0,5.0,0.9588437352141252,1,38.0,0.6803694969297341,0,5.0,0.6932594477471128,0,8.0,0.7734429741790061,0,8.0,0.8253530187469155,5,56.0,0.32885398648532943,5,117.0,0.4089488227174106,2,35.0,0.6481723374736089,21,457.0
710.0,29,380.0,2.4358974358974357,9.252716194653496,9,217.0,0.31030142901207397,0,5.0,0.9322439781812681,4,24.0,0.4843430912505564,1,7.0,0.753054231624615,1,11.0,0.8006188702857484,0,0.0,0.9129566574607907,6,72.0,0.4101911488666348,3,92.0,0.4551280578737227,2,15.0,0.464797081955274,26,443.0
715.0,26,328.0,2.1437908496732025,8.373724373819691,10,263.0,0.17480688001455613,0,5.0,0.9478511218814679,3,24.0,0.5259323406744322,3,12.0,0.45654561004748334,1,16.0,0.7533366852912898,0,0.0,0.8914648760990782,4,62.0,0.4224134535221547,0,28.0,0.5602296034932837,4,37.0,0.29933446268599784,25,447.0
720.0,28,276.0,1.7806451612903227,8.227829893523765,10,237.0,0.3353703957265257,0,5.0,0.9672571759651086,1,18.0,0.6168255030723582,3,15.0,0.45111491894486955,0,4.0,0.7775839107834525,0,0.0,0.49721945834914155,3,44.0,0.3691936874789994,3,11.0,0.46067439599206683,6,64.0,0.3493024937579249,26,398.0
725.0,22,201.0,1.2641509433962264,8.987621236382589,5,195.0,0.24828616708432022,0,5.0,0.8904605385958949,2,19.0,0.7609538709168883,2,8.0,0.5415599631249631,1,5.0,0.5992809586517408,0,0.0,0.8307447527732873,4,52.0,0.42508102996221636,1,12.0,0.5581028819226476,6,99.0,0.5123539579040688,21,395.0
730.0,23,227.0,1.4276729559748427,9.588355025205722,7,143.0,0.19838162332048556,1,6.0,0.7209657535379486,1,16.0,0.847134317965918,3,16.0,0.2393431046648507,3,13.0,0.24875998980271657,0,0.0,0.9495740745756536,2,42.0,0.525366022282393,1,13.0,0.3768927939655328,4,67.0,0.4927980502337446,22,316.0
735.0,21,180.0,1.139240506329114,9.391647537108762,8,134.0,0.16026760726487835,2,21.0,0.6469810820713428,1,9.0,0.6148879775174291,1,13.0,0.7499681808648013,1,11.0,0.6563549311555154,0,0.0,0.9864744230813008,2,49.0,0.46528701332668054,2,20.0,0.554389386865574,2,19.0,0.5771444704328547,19,276.0
740.0,24,145.0,0.9119496855345912,9.381729626126027,5,122.0,0.21717392251115128,1,11.0,0.7831229802939794,4,22.0,0.5651896201421529,2,12.0,0.43085262160410265,0,4.0,0.8669129750809007,0,0.0,0.9844415114738737,4,50.0,0.47904637468389993,1,5.0,0.7622583537892801,4,31.0,0.40928006360852637,21,257.0
745.0,23,177.0,1.120253164556962,8.40241281419496,7,90.0,0.18757278786460937,1,10.0,0.7403317102661245,3,24.0,0.4853339591605016,4,30.0,0.5097071538547708,1,10.0,0.6976104299302364,0,0.0,1.0,1,22.0,0.3041978746003582,1,10.0,0.7012185912129065,3,29.0,0.3174082722884023,21,225.0
750.0,22,153.0,0.9807692307692307,8.33257586093854,6,90.0,0.2792244178478542,1,11.0,0.7862378751797457,4,26.0,0.5033112706656577,3,27.0,0.4420685462661255,0,4.0,0.5067638146149629,0,0.0,1.0,4,34.0,0.18017765699006022,2,16.0,0.6428454297592494,1,26.0,0.6033855046848445,21,234.0
755.0,20,159.0,1.0460526315789473,8.770455606108769,3,90.0,0.34712520374472283,0,4.0,0.9013183850676484,5,60.0,0.5628309233952131,1,27.0,0.6046351606737114,1,12.0,0.6860910306860344,0,0.0,1.0,5,55.0,0.15585954879941152,1,1.0,0.6897953736392569,2,13.0,0.4237432912025815,18,262.0
760.0,17,175.0,1.1824324324324325,9.042507237848806,3,103.0,0.26904611541275236,0,4.0,0.9443250861359976,2,42.0,0.6892321466868229,3,24.0,0.47114664057052547,1,9.0,0.7931075149375942,0,0.0,1.0,2,21.0,0.1910522554657305,2,10.0,0.5704289886544657,2,7.0,0.45443336603431833,15,220.0
765.0,18,162.0,1.1172413793103448,8.984830227799142,4,113.0,0.3728825042514732,0,11.0,0.6164944391527758,3,34.0,0.5623034513625472,0,12.0,0.8430516346367839,0,8.0,0.9287062630677113,0,0.0,1.0,1,13.0,0.3541965469895235,4,27.0,0.2411734210604164,2,6.0,0.5802046350457429,14,224.0
770.0,22,232.0,1.6111111111111112,9.283895607610871,4,132.0,0.4440866980177134,2,14.0,0.6269662817602559,4,37.0,0.5998900013612222,1,24.0,0.6169707658442972,0,11.0,0.8290824509505256,0,0.0,1.0,3,23.0,0.37524102044595553,2,16.0,0.004041197500383425,2,15.0,0.5533513116950839,18,272.0
775.0,21,282.0,1.9859154929577465,8.853918051763717,3,120.0,0.4950692686678221,0,7.0,0.7061608911557565,4,65.0,0.66021181512297,3,29.0,0.6320225977849634,1,11.0,0.6228087658035698,0,9.0,0.9164268646040398,2,25.0,0.3831642889116154,3,31.0,0.0,1,6.0,0.7163139820366924,17,303.0
780.0,21,275.0,1.9097222222222223,7.964224325753002,5,128.0,0.38468646342160506,1,8.0,0.6633244145506908,1,27.0,0.6706752820031812,2,27.0,0.39052050944291317,1,12.0,0.49510295987138375,0,0.0,1.0,1,13.0,0.4629691090801461,3,50.0,0.214318560670701,2,13.0,0.6318462690832711,16,278.0
785.0,19,216.0,1.5211267605633803,8.380930189530257,6,150.0,0.2450167778019817,0,3.0,0.9628507806088092,0,12.0,0.5870703405645259,2,32.0,0.2793272372384297,2,14.0,0.4472423791681067,0,0.0,0.9933740006486759,2,11.0,0.5780018264614879,1,20.0,0.48904778733658844,2,48.0,0.6084550808163478,15,290.0
790.0,25,208.0,1.5294117647058822,7.886612710533385,6,102.0,0.21795405543320137,0,0.0,0.7319616868315612,2,18.0,0.45178496659804274,5,42.0,0.3845113239321132,3,25.0,0.31467373483165734,0,0.0,0.909365297697076,0,4.0,0.6743572540621378,0,4.0,0.5246302332439565,3,91.0,0.4695419169604089,19,286.0
795.0,13,65.0,0.4744525547445255,8.412155543469268,2,52.0,0.41236084869709544,2,5.0,0.21367888831901438,3,33.0,0.4342148470267862,1,13.0,0.8247741748066695,1,11.0,0.6222253097574204,0,0.0,0.9543308074437109,1,5.0,0.21359138494089588,0,0.0,1.0,1,61.0,0.4899613462584518,11,180.0
800.0,15,100.0,0.7299270072992701,9.032636167360788,3,38.0,0.5638132394268295,3,21.0,0.24485802883782976,2,34.0,0.5095780196044261,0,2.0,0.8050130727130296,0,8.0,0.8364637256236909,0,0.0,0.9690376972967341,3,18.0,0.16238647050330207,0,0.0,1.0,1,36.0,0.719932880585258,12,157.0
805.0,14,74.0,0.5323741007194245,9.21347173102576,4,34.0,0.2973132148220113,1,11.0,0.6210173306213781,2,12.0,0.5878941530776179,0,6.0,0.9226471746971083,0,8.0,0.7604884034704238,0,0.0,0.9567562279431469,1,21.0,0.7017345505926417,0,0.0,0.9249884476439658,1,63.0,0.7844816166423211,9,155.0
810.0,10,82.0,0.5734265734265734,9.62863277137867,4,48.0,0.2647208866761435,0,4.0,0.9421937492570144,1,14.0,0.6891141918221725,0,8.0,0.9452330893023557,0,4.0,0.1305816059849955,0,8.0,0.960451235375448,0,52.0,0.7302678221982472,0,0.0,0.9692049186623712,0,45.0,0.77624894823262,5,183.0
815.0,15,135.0,0.9375,9.547570737515263,6,74.0,0.24339312914022448,0,8.0,0.707663673254428,1,15.0,0.8502692276344748,0,4.0,0.786359829422273,1,8.0,0.21346051799839508,0,0.0,1.0,1,23.0,0.5278767342284311,0,0.0,0.8789121808663235,1,52.0,0.6554731522428182,10,184.0
820.0,17,129.0,0.9084507042253521,8.805585012681808,5,76.0,0.2840501652008455,0,8.0,0.9549408125020149,1,6.0,0.8055355867716467,0,4.0,0.49321701839426807,1,13.0,0.4638713352737564,0,0.0,1.0,1,24.0,0.3801594663540281,1,2.0,0.5449716685117721,4,75.0,0.4508373259340805,13,208.0
825.0,15,108.0,0.7941176470588235,8.771452259496465,1,59.0,0.43619901134200906,0,8.0,0.9355697303462712,0,4.0,0.8585137601645798,1,9.0,0.15240960581881588,0,0.0,0.9372475910439657,0,0.0,0.9853393756640976,2,17.0,0.4046175915778682,3,16.0,0.4050172778737061,5,87.0,0.3968893924146105,12,200.0
830.0,19,164.0,1.2238805970149254,8.463879201596994,2,40.0,0.3799399323026331,0,11.0,0.9575547217647459,2,9.0,0.5722841313979233,2,7.0,0.0007879464319350051,0,2.0,0.8043173033816611,0,0.0,0.8729959747368061,3,32.0,0.4715855748890187,4,32.0,0.4620502587576289,2,88.0,0.4967886539751861,15,221.0
835.0,20,139.0,1.0610687022900764,8.021791237456284,2,14.0,0.5616612000262581,0,7.0,0.9483055867596956,1,10.0,0.5511028421060642,2,12.0,0.0,0,2.0,0.48092960800203455,0,0.0,1.0,3,47.0,0.35763990271891555,4,40.0,0.36374683580570527,4,93.0,0.436290032707742,16,225.0
840.0,24,172.0,1.2835820895522387,7.616837602007913,3,31.0,0.5279408381152674,0,3.0,0.9187712967339908,2,13.0,0.44943061580545296,0,0.0,0.8028341126805406,0,0.0,0.02106066432118236,0,0.0,0.9876902241430092,3,33.0,0.1535539849092972,5,64.0,0.3449536573752424,6,92.0,0.2719777239796502,19,236.0
845.0,24,225.0,1.6666666666666667,7.910965350154967,4,49.0,0.14868647855240777,0,3.0,0.9715880208613957,3,27.0,0.4367796648562625,0,0.0,0.5788256638350125,1,8.0,0.48353715371058587,0,0.0,1.0,1,15.0,0.4471025824533124,6,99.0,0.43931063035278556,6,117.0,0.44593017459241263,21,318.0
850.0,27,286.0,2.1185185185185187,8.272708572137736,5,60.0,0.15302037887163214,0,3.0,0.9766333750625678,1,14.0,0.7849339892894008,3,10.0,0.5561468103283298,1,13.0,0.720639555150928,0,0.0,0.9895245681584487,1,16.0,0.34599781415626246,6,129.0,0.3835124777082575,6,153.0,0.38490781005988595,23,398.0
855.0,31,327.0,2.4402985074626864,7.972388790154024,4,70.0,0.2550421140053565,0,3.0,0.923467979209665,0,5.0,0.9276126671307687,1,10.0,0.6764715884484269,0,0.0,0.9747799327461155,0,0.0,0.8294890550165659,2,40.0,0.6021962751142637,6,101.0,0.36429312696817695,8,194.0,0.22850022907542814,21,423.0
860.0,24,293.0,2.1079136690647484,8.344747956263213,5,100.0,0.507737614855435,0,3.0,0.6549757786007401,0,9.0,0.8985272591407482,2,15.0,0.5713303113403165,0,4.0,0.657412200077819,0,0.0,0.9582628290297407,0,23.0,0.7085748021634602,1,60.0,0.36010831897901957,8,181.0,0.25902382964200993,16,395.0
865.0,22,241.0,1.7338129496402879,8.190949168909372,4,92.0,0.4708007128558231,1,7.0,0.4838131674554953,1,4.0,0.739092826786227,5,34.0,0.3744192926019096,1,11.0,0.5817749696538188,0,0.0,0.945269474776526,0,11.0,0.7412670340495918,1,38.0,0.48206172525815183,5,137.0,0.3823746739525238,18,334.0
870.0,25,247.0,1.7642857142857142,8.143665843806623,2,72.0,0.3670561410902351,1,12.0,0.6338619182958394,2,14.0,0.7255833218630985,7,44.0,0.17726703069998676,1,11.0,0.7159471649657209,0,0.0,1.0,1,6.0,0.004583724248097408,1,34.0,0.540837082390952,4,56.0,0.36320466840120225,19,249.0
875.0,25,263.0,1.8785714285714286,8.39307249825988,5,47.0,0.2481710489541313,0,0.0,0.9584621004869358,3,29.0,0.6660961416957442,3,55.0,0.46137010844057846,1,13.0,0.8281939760477186,0,33.0,0.9680105600887843,1,5.0,0.6521827990265505,2,7.0,0.6087062225646287,4,71.0,0.2838247510190233,19,260.0
880.0,28,285.0,2.050359712230216,7.711981766191797,6,35.0,0.23784603149775058,0,0.0,0.9096193542649967,3,29.0,0.5739415820878487,4,48.0,0.42264683702799244,1,14.0,0.7331215036158064,0,34.0,0.8413458848117505,0,0.0,0.7805179383165655,2,18.0,0.515210867351126,4,51.0,0.3538097896239352,20,229.0
885.0,25,248.0,1.7588652482269505,8.345454082752111,3,50.0,0.47172989860331616,0,0.0,0.9244473535783843,2,21.0,0.5558419512510859,4,47.0,0.4937215629938185,0,8.0,0.5881525906374262,0,2.0,0.9468952756748789,1,2.0,0.48630444163760245,6,40.0,0.44264256771178156,2,42.0,0.4051508623902159,18,212.0
890.0,28,239.0,1.6713286713286712,7.312757666665335,3,38.0,0.5057130916201741,0,0.0,0.9785183617580222,2,19.0,0.6150964080766523,5,50.0,0.288040056354862,2,12.0,0.41827223215410353,0,4.0,0.758658177556029,0,19.0,0.9518197654837722,5,27.0,0.2118701989839138,6,125.0,0.30217655966475465,23,294.0
895.0,28,171.0,1.1875,7.707447242608934,3,30.0,0.4670031631179765,0,0.0,0.7018000379255384,1,7.0,0.5822912623851569,11,86.0,0.23917887195655652,4,38.0,0.33183126259195406,0,0.0,0.883068876997621,0,19.0,0.9622837308289953,1,25.0,0.508653653210231,5,132.0,0.3688186271520703,25,337.0
900.0,21,204.0,1.3877551020408163,8.785591472138094,4,46.0,0.20479334295764856,1,7.0,0.5469900191283562,0,9.0,0.8871203913758566,8,93.0,0.2050463386526348,3,43.0,0.5138089833119263,0,0.0,0.9413869904260375,0,18.0,0.9148552020149983,1,17.0,0.5147968199274655,3,122.0,0.47128158224235706,20,355.0
905.0,18,159.0,1.0743243243243243,9.381346152567716,6,74.0,0.3032678223771331,0,4.0,0.9290340471862715,0,8.0,0.7925148030088796,2,81.0,0.3326600564378847,1,32.0,0.6908999736101094,0,0.0,0.9580738154328449,0,22.0,0.9023636713588553,3,10.0,0.5361205226751726,3,64.0,0.4258090499564596,15,295.0
910.0,19,186.0,1.24,9.28431111802498,6,73.0,0.3100841622008772,0,6.0,0.9372423609914112,0,4.0,0.9116206603663924,1,46.0,0.5854910258419312,2,30.0,0.6516986697482151,0,0.0,1.0,0,19.0,0.4834585607808395,3,22.0,0.4863544077641843,3,71.0,0.4731042637294085,15,271.0
915.0,18,194.0,1.2679738562091503,8.618659426030185,1,51.0,0.3195102571915239,0,6.0,0.9476800355905595,0,4.0,0.8716744432234813,2,31.0,0.6890213259577821,1,5.0,0.4756497339778,0,42.0,0.9718542365799414,2,51.0,0.3062149792067062,4,42.0,0.3589238689788946,4,91.0,0.51231514218581,14,323.0
920.0,24,244.0,1.5947712418300655,8.189078977147016,4,47.0,0.3913675321491981,0,6.0,0.9069025713213473,1,6.0,0.7791489446656822,3,32.0,0.5192359097771002,4,19.0,0.34518512598980566,0,42.0,0.9399172768202486,1,29.0,0.5645141593646165,2,13.0,0.4620526947768136,5,113.0,0.4309444627181492,20,307.0
925.0,25,240.0,1.5286624203821657,8.283427591404545,4,39.0,0.461441442174902,0,6.0,0.9138809520312456,0,4.0,0.6511451286573412,3,21.0,0.376919237603491,6,54.0,0.3460789111668571,0,41.0,0.9644878331654034,0,24.0,0.4913545024237921,2,20.0,0.5165599140818781,5,116.0,0.45204905650118876,20,325.0
930.0,19,213.0,1.3481012658227849,9.084848831034016,2,41.0,0.565772969679557,1,9.0,0.4633123058305697,0,8.0,0.6841528165600121,4,24.0,0.30311477304965406,3,43.0,0.3492106105488707,0,56.0,0.9714938753846796,0,8.0,0.8863462998089743,4,37.0,0.2570419434545824,3,117.0,0.5590992719818381,17,343.0
935.0,26,228.0,1.4339622641509433,8.509811365415045,4,46.0,0.3180729133347232,3,23.0,0.2805726032577712,1,13.0,0.7420776590192258,6,53.0,0.22092338557027505,1,36.0,0.4868058500925645,0,1.0,0.957047719631865,0,11.0,0.6686184903323374,3,24.0,0.5231826614905294,5,133.0,0.45346518421702636,23,340.0
940.0,24,268.0,1.675,8.147833066864683,5,52.0,0.3935804058671897,4,41.0,0.4107552379298517,0,9.0,0.749067434884885,1,38.0,0.7043195858987538,1,14.0,0.528095517575414,0,0.0,0.9135325569655097,1,13.0,0.5167952828180586,1,16.0,0.6399871513686881,6,162.0,0.43678969377842364,19,345.0
945.0,23,193.0,1.2215189873417722,7.903256032927379,1,48.0,0.499874508291396,2,27.0,0.5583936752090104,2,15.0,0.7322978593168448,1,11.0,0.7770379932962596,2,19.0,0.5392737540437523,0,0.0,1.0,4,47.0,0.34971897133640406,1,17.0,0.3069378808905635,5,80.0,0.3542574603064654,18,264.0
950.0,19,143.0,0.9225806451612903,8.691111208052668,2,36.0,0.45568930433066007,0,4.0,0.8772884717390035,2,25.0,0.7430543530909656,2,32.0,0.6504576592731919,2,24.0,0.7019409059823251,0,0.0,1.0,2,92.0,0.4338417950465836,2,35.0,0.6028527482407293,2,26.0,0.4838001421723154,14,274.0
955.0,20,179.0,1.1329113924050633,9.129674690042972,3,49.0,0.4987881758184957,1,7.0,0.6997183481810142,1,16.0,0.7372562839460842,1,32.0,0.6926356343014133,2,30.0,0.690228486967766,0,2.0,0.8089958937072492,1,66.0,0.520240958354063,1,18.0,0.6984197409851689,4,38.0,0.24662182476585218,14,258.0
960.0,24,209.0,1.3660130718954249,8.700694260551922,3,65.0,0.4291540735655496,0,4.0,0.485381435102129,2,17.0,0.6855473671495267,2,30.0,0.6156692220884323,1,15.0,0.49828122540435915,0,2.0,0.9334044247350232,4,75.0,0.42879450507753825,1,12.0,0.7488331949970094,3,43.0,0.2281849907651717,16,263.0
965.0,26,215.0,1.396103896103896,8.106559775815695,6,89.0,0.3766807217287409,1,9.0,0.12778072944320779,2,19.0,0.7099837758770337,3,38.0,0.36233139129112485,3,7.0,0.46526910328522436,0,2.0,0.9301397696202685,2,35.0,0.5822190303112232,3,19.0,0.5052391528038886,0,35.0,0.7021797725317724,20,253.0
970.0,21,124.0,0.7948717948717948,8.023349173831633,5,58.0,0.4539854181021774,2,19.0,0.0,1,6.0,0.7243441679454838,2,10.0,0.48812579779284526,4,19.0,0.4202440451885536,0,7.0,0.8683970476062117,2,55.0,0.514051521720198,2,13.0,0.3241200381266785,0,0.0,0.8381421341507175,18,187.0
975.0,19,116.0,0.7581699346405228,8.193574294018848,5,63.0,0.23876440441298274,1,10.0,0.47540361622531757,2,9.0,0.6695604465996949,3,14.0,0.5801387694443423,1,14.0,0.6465982552460264,0,2.0,0.9596246573132746,4,69.0,0.528991243360706,1,16.0,0.4545406312379236,0,36.0,0.8474640858938542,17,233.0
980.0,26,192.0,1.2229299363057324,8.387501632766094,9,89.0,0.23198208523083066,0,0.0,0.9425383145808418,3,23.0,0.634016878228208,3,33.0,0.43698216246878724,1,15.0,0.6773873682646322,0,2.0,0.9802426972867097,2,46.0,0.4552619947154491,2,21.0,0.4965783503044552,1,40.0,0.6764453840596489,21,269.0
985.0,27,185.0,1.1708860759493671,8.32587001144791,10,115.0,0.14909257644311769,0,0.0,0.9961591091208708,1,13.0,0.8104836750491775,1,10.0,0.5502785582819611,2,20.0,0.7428933668478188,0,0.0,1.0,4,44.0,0.395889118071759,1,10.0,0.7121002027472763,2,33.0,0.4567541393751591,21,245.0
990.0,24,171.0,1.089171974522293,8.292515010575253,8,138.0,0.24485846045926193,0,0.0,0.9368593196637459,1,2.0,0.7899977802430524,1,16.0,0.612236736673838,1,21.0,0.5725066206570048,0,0.0,0.987103030807276,5,69.0,0.2887614795252472,1,15.0,0.6901058467186748,1,37.0,0.5488711307697373,18,298.0
995.0,21,191.0,1.2088607594936709,8.962473212671279,6,135.0,0.3869515999519115,0,0.0,0.9743842453624685,1,7.0,0.7698963251134044,2,17.0,0.5691983698399797,2,24.0,0.41353326521184486,0,0.0,0.9291771758621641,4,88.0,0.4465760821467297,1,20.0,0.7073087224930488,0,8.0,0.798648586934943,16,299.0
1000.0,12,90.0,0.5732484076433121,9.014752520501766,5,138.0,0.38745196728737946,0,0.0,0.8603386511864339,0,0.0,0.7944493813538915,1,16.0,0.5852493921287805,2,26.0,0.35623481318813716,0,10.0,0.9568666541420192,1,49.0,0.6234884716164416,0,4.0,0.9058940028671447,1,9.0,0.6107751633066719,10,252.0
1005.0,17,110.0,0.7051282051282052,8.74431844870554,7,147.0,0.20039167434920802,0,0.0,0.9753648980094592,1,9.0,0.7206063363508611,2,21.0,0.7313147540455628,3,17.0,0.2872511990860323,0,2.0,0.9767530568173128,1,36.0,0.5413054032261098,1,5.0,0.6748669034437762,1,18.0,0.6509440426569774,16,255.0
1010.0,20,179.0,1.1623376623376624,8.1303665827396,10,170.0,0.16779583460828026,0,0.0,0.23179646166669116,1,14.0,0.8064629155823408,2,27.0,0.609801873545675,2,24.0,0.3834784214491002,0,0.0,1.0,1,44.0,0.2925783631353202,1,10.0,0.618794432970306,2,24.0,0.6812605764238301,19,313.0
1015.0,32,273.0,1.75,7.565409044631039,12,201.0,0.050993994799722143,1,3.0,2.3489107043941624e-05,0,4.0,0.8858810945709847,6,38.0,0.13735444882192122,3,32.0,0.47584491557121994,0,0.0,0.9715532703838864,3,59.0,0.2657029251125499,3,19.0,0.5194260253379563,1,14.0,0.7339815554165544,29,370.0
1020.0,23,226.0,1.4394904458598725,8.229327460996105,9,226.0,0.2576827216671016,0,0.0,0.9626275857612498,0,4.0,0.9206364927713044,4,26.0,0.2697950196744649,0,2.0,0.8318610741822757,0,0.0,0.8555499992490345,3,80.0,0.39723033008929703,1,6.0,0.45062704518992147,1,2.0,0.6104358494910295,18,346.0
1025.0,21,253.0,1.6012658227848102,8.808153904208677,7,201.0,0.26673579422189964,0,0.0,0.9484595905808357,1,6.0,0.7714501516274245,0,26.0,0.6211840004625174,0,8.0,0.6734484273401896,0,0.0,0.9673446565742488,3,67.0,0.42750660239635035,1,4.0,0.4125317274472112,3,19.0,0.44576421953580053,15,331.0
1030.0,18,236.0,1.4936708860759493,8.724156498351698,8,225.0,0.2798277042975408,0,0.0,0.9822469321391296,0,4.0,0.8752703116902437,0,11.0,0.7116542451987058,1,15.0,0.6622513224094353,0,0.0,0.9723096161567728,2,95.0,0.5074867019642506,1,9.0,0.2253097109525458,1,14.0,0.6518808605678382,13,373.0
1035.0,13,200.0,1.2422360248447204,8.57230839481735,6,221.0,0.18321286284783783,0,4.0,0.9421099992772415,0,8.0,0.8300909247057594,1,12.0,0.7208640231878031,0,12.0,0.7396391189243985,0,0.0,0.9640765543372485,2,65.0,0.4747901254641903,1,14.0,0.4819357206363406,0,5.0,0.731669584424691,10,341.0
1040.0,17,224.0,1.3658536585365855,8.847113197863345,9,261.0,0.2318350874138869,0,4.0,0.9697033619525137,1,11.0,0.7882869553142066,2,18.0,0.6179689469213623,0,8.0,0.8100302758186213,0,0.0,0.9381609183995674,2,83.0,0.46059266183445546,0,4.0,0.8837033173852114,1,9.0,0.6671382621618904,15,398.0
1045.0,25,284.0,1.7317073170731707,8.156933746769754,9,270.0,0.1898660623475601,0,4.0,0.9544317785748815,0,4.0,0.7377831838501692,1,11.0,0.7339259670659789,1,14.0,0.5436883698784148,0,2.0,0.9716415169131101,4,100.0,0.4329417332476986,0,0.0,0.873966524327923,3,17.0,0.46328228001057997,18,422.0
1050.0,30,308.0,1.8666666666666667,8.013735921173579,9,282.0,0.2009012216485121,0,4.0,0.9671387430163647,2,17.0,0.6585436936971012,2,17.0,0.47432328185842265,2,17.0,0.6395278993140613,0,2.0,0.9384379220652672,8,110.0,0.31126068989371286,0,0.0,0.8284336650544927,4,22.0,0.39712533756223595,27,471.0
1055.0,31,406.0,2.4907975460122698,7.7150644591987,11,282.0,0.23034009957425047,0,4.0,0.7766642815437828,3,27.0,0.6213245533776307,5,56.0,0.42161260209436086,0,7.0,0.6494158575604313,0,0.0,1.0,3,79.0,0.19762582167343687,1,13.0,0.7039023484200669,4,43.0,0.3740834559081271,27,511.0
1060.0,29,351.0,2.1533742331288344,7.35384273642188,10,240.0,0.15295968110380373,0,4.0,0.5391081396181555,1,5.0,0.7669576690274659,4,40.0,0.5835605848590709,0,4.0,0.736460406733186,0,0.0,0.9650503390836009,3,52.0,0.3129125911212694,2,22.0,0.6069405711878734,6,79.0,0.3265251271762727,26,446.0
1065.0,24,246.0,1.5,8.225353579433342,8,142.0,0.20999709705699424,1,7.0,0.45823960317789336,0,8.0,0.8485545141133567,0,12.0,0.7674738529973063,1,6.0,0.6479812289980854,0,0.0,0.9401586030662374,4,55.0,0.43638483523093885,2,14.0,0.664844377160561,6,88.0,0.4045820324672782,22,332.0
1070.0,22,224.0,1.3658536585365855,9.052988891237744,8,155.0,0.24364696849105547,0,0.0,0.9344295357774208,2,11.0,0.638660743841165,2,4.0,0.6631546203103049,1,11.0,0.79316785888353,0,0.0,0.9578190079027684,3,41.0,0.4145710860198394,3,21.0,0.5025034700756712,0,39.0,0.6911150618204687,19,282.0
1075.0,20,257.0,1.5575757575757576,8.56175684844023,8,164.0,0.09681287419121526,0,4.0,0.8565971333629377,1,10.0,0.6228929363429118,0,8.0,0.9221007321986584,1,16.0,0.6920302677613652,0,0.0,0.9595871978084756,3,28.0,0.47711741577581385,4,40.0,0.431521312600215,0,25.0,0.6022150677475206,17,295.0
1080.0,23,215.0,1.2797619047619047,8.498840288808466,5,172.0,0.12386611656614378,1,6.0,0.6273251905305758,1,17.0,0.8225571012240487,3,10.0,0.34795892621994406,1,7.0,0.49066825317282664,0,0.0,1.0,3,34.0,0.41916039064675653,5,50.0,0.38654073279490214,2,25.0,0.503799992678721,21,321.0
1085.0,28,303.0,1.7823529411764707,8.649119078821949,5,140.0,0.23029706567931152,1,11.0,0.6401699030284349,1,22.0,0.8505245254371143,5,37.0,0.48636706569679905,1,5.0,0.5508644089593782,0,0.0,1.0,3,51.0,0.47224658244975987,4,37.0,0.5110827644350845,3,37.0,0.6507979234637191,23,340.0
1090.0,18,194.0,1.1616766467065869,8.052583876834898,6,103.0,0.2901428210997011,1,16.0,0.5815707050538791,2,30.0,0.7326818894722894,2,17.0,0.6194015038561397,1,18.0,0.48360746458615095,0,0.0,0.9392112504446539,0,11.0,0.4652943259071346,2,30.0,0.5779511719558725,1,18.0,0.4545330075133396,15,243.0
1095.0,15,141.0,0.844311377245509,8.605933361579462,4,74.0,0.37458589609451554,0,8.0,0.8942351929484378,1,16.0,0.8659007260132985,1,9.0,0.7873424400177346,1,23.0,0.7730465477760935,0,0.0,0.9385608701364146,0,6.0,0.4291706219759205,2,22.0,0.4297536473798139,4,19.0,0.2802434172716336,13,177.0
1100.0,19,145.0,0.8579881656804734,9.12667723424894,5,77.0,0.3411394306812203,0,8.0,0.7048832976169502,0,8.0,0.8987977507546357,1,10.0,0.61697903785226,0,20.0,0.9105222255194714,0,0.0,0.9734260896661354,2,16.0,0.502281825302298,1,9.0,0.5489262680387184,5,43.0,0.0,14,191.0
1105.0,16,126.0,0.7636363636363637,9.026838233403092,7,71.0,0.35092200613287444,1,12.0,0.6287346228277154,2,15.0,0.7239822738473228,0,5.0,0.578310862977076,0,16.0,0.7508547338223024,0,0.0,0.886590684774976,0,12.0,0.6319383706120812,0,5.0,0.6650732021810587,2,26.0,0.0,12,162.0
1110.0,14,76.0,0.4523809523809524,8.847348871770317,3,72.0,0.4301228537355207,0,4.0,0.9511736995286169,4,16.0,0.5094055333290979,3,19.0,0.553833366589228,0,4.0,0.5161895673184635,0,0.0,0.4793531450051986,2,14.0,0.4598293735343808,1,6.0,0.6586438281374296,0,0.0,0.8611702097054196,13,135.0
1115.0,25,159.0,0.9814814814814815,8.849168453215174,6,78.0,0.26074198095019263,0,8.0,0.8467460807429107,5,33.0,0.5084242346454205,3,30.0,0.5030169624952365,2,11.0,0.5937270261691923,0,0.0,1.0,3,34.0,0.446573223145423,3,19.0,0.4840635795275693,0,0.0,0.9060267145875368,22,213.0
1120.0,29,237.0,1.462962962962963,8.459768971363218,8,99.0,0.08857034007142113,1,10.0,0.5032327701792154,5,55.0,0.5800022302674523,3,26.0,0.5361669719054736,2,21.0,0.6942890193882009,0,10.0,0.7987842535878361,3,33.0,0.5819083397555793,4,36.0,0.5032806016785956,0,0.0,0.8682274677917495,26,290.0
1125.0,21,224.0,1.4,8.896701778128307,6,127.0,0.20078823527565967,1,9.0,0.6587750248485806,7,82.0,0.4635116824568345,0,16.0,0.9000095153412241,1,5.0,0.7291626176276744,0,10.0,0.9766567439750468,1,26.0,0.4911976179338051,5,57.0,0.5597275149372736,0,0.0,0.9146653261699678,21,332.0
1130.0,22,245.0,1.5217391304347827,8.282423738624336,5,123.0,0.321845735895626,1,14.0,0.7108238496828072,3,32.0,0.6115133768266346,0,10.0,0.8874742068783937,2,12.0,0.3803103714428528,0,0.0,1.0,3,35.0,0.34222569858118684,6,84.0,0.46134271602922716,2,8.0,0.4051239198954053,22,318.0
1135.0,23,269.0,1.6503067484662577,8.007254720467543,5,128.0,0.29731040057445723,1,19.0,0.6608614207647768,1,10.0,0.5960721165743676,1,13.0,0.37619186688721085,4,28.0,0.2821842500441924,0,6.0,0.9492826318988363,3,27.0,0.28982429832619633,8,119.0,0.2895761745610329,0,4.0,0.8585829818595206,23,354.0
1140.0,28,341.0,2.1049382716049383,8.17428134451413,5,138.0,0.306594516180769,0,8.0,0.9666742621985286,1,8.0,0.6878948929913471,4,28.0,0.3163289336064023,5,34.0,0.17529678809329824,0,6.0,0.8462733894553012,1,26.0,0.48159668554841417,8,163.0,0.15817847159235546,1,6.0,0.6541788497023951,25,417.0
1145.0,32,441.0,2.705521472392638,8.292309169673032,6,163.0,0.2817345213330591,0,4.0,0.8053122745922713,0,1.0,0.900713288731712,4,52.0,0.38575777169310077,2,25.0,0.45107614694717973,0,0.0,0.9729500971782344,3,27.0,0.44401558282205433,11,212.0,0.15501496298612585,2,9.0,0.6083913112958154,28,493.0
1150.0,31,405.0,2.4695121951219514,7.8428385827885405,7,170.0,0.0016891662913543345,1,7.0,0.6462649419688337,0,1.0,0.8438730544993138,1,16.0,0.4841463954045419,2,16.0,0.5899679209254506,0,0.0,0.730520492319672,2,18.0,0.4194197269487038,11,193.0,0.16278126807385582,0,0.0,0.47755724756917634,24,421.0
1155.0,18,241.0,1.478527607361963,8.490537240459608,5,183.0,0.30164392721054306,0,4.0,0.4607688645040988,0,1.0,0.797651017421521,2,9.0,0.7061998917679257,0,6.0,0.782786340634687,0,1.0,0.9521072819571512,3,30.0,0.4254309217865771,4,142.0,0.3883983102799184,1,4.0,0.6244717187310495,15,380.0
1160.0,25,342.0,2.124223602484472,8.725413145416203,6,174.0,0.14322462156258384,1,7.0,0.6353618253198551,2,9.0,0.6256070322884272,2,27.0,0.5743644093930179,0,11.0,0.7054805446355413,0,3.0,0.9427798658780056,2,52.0,0.3827475095578266,4,90.0,0.5185440193672097,1,17.0,0.6722154429553379,18,390.0
1165.0,24,284.0,1.775,8.588688270894412,5,109.0,0.19654146413892867,1,12.0,0.7983887414568347,2,19.0,0.7004072701288665,1,21.0,0.4855896187940014,1,14.0,0.7859778716713027,0,3.0,0.9303636622231354,1,45.0,0.3788698428302796,6,62.0,0.26259734343883934,1,24.0,0.8230203386574881,18,309.0
1170.0,26,212.0,1.325,8.311809060610125,3,66.0,0.3554305723229215,2,19.0,0.5789921310046349,2,33.0,0.6736372383928142,2,19.0,0.5179814868023838,0,17.0,0.6735534181961819,0,0.0,1.0,0,24.0,0.6644246561521263,6,44.0,0.24287797874220657,1,20.0,0.779516874126522,16,242.0
1175.0,34,313.0,1.9936305732484076,8.213627654567675,4,47.0,0.3626375390430724,2,13.0,0.39599239119658824,1,26.0,0.7540652248262538,4,39.0,0.514060375720088,0,8.0,0.651296312617402,0,3.0,0.9370835477389965,0,0.0,0.9960175625099649,8,79.0,0.2695030287842373,1,17.0,0.7344551935856359,20,232.0
1180.0,25,278.0,1.8169934640522876,8.379804444658939,2,21.0,0.578226787957167,2,15.0,0.49443638712417465,1,12.0,0.7993302763051947,1,16.0,0.5945245374295212,1,11.0,0.6260678345205468,0,0.0,0.9670035046580874,0,8.0,0.6020197803515264,4,50.0,0.49274387201048253,3,20.0,0.5782497293523636,14,153.0
1185.0,17,293.0,1.9664429530201342,8.677610483398574,1,25.0,0.5372373570581074,3,29.0,0.36933282445905563,1,13.0,0.6370854370050633,0,4.0,0.8009517026294121,0,12.0,0.6738616518100224,0,0.0,0.9878528790205025,1,77.0,0.7549719285548024,2,7.0,0.5573410702122119,0,8.0,0.6095626732738075,8,175.0
1190.0,22,210.0,1.381578947368421,9.003285179764651,3,28.0,0.46535103308639514,1,18.0,0.47911378907162694,1,9.0,0.7408146380266015,1,21.0,0.7578161755266294,2,20.0,0.6660631353496855,0,0.0,0.943761172983671,2,67.0,0.5247151784290318,4,23.0,0.5509547556511614,1,2.0,0.4812942790557939,15,188.0
1195.0,18,163.0,1.0584415584415585,9.020255486979876,3,43.0,0.422260439828162,0,4.0,0.724526821841311,0,4.0,0.9119674577638124,0,14.0,0.6842213891391378,3,31.0,0.6448861794936939,0,2.0,0.9358852416642268,4,103.0,0.3360838985865882,5,35.0,0.5042200523934958,1,7.0,0.6333237651034649,16,243.0
1200.0,14,124.0,0.7898089171974523,9.107854946678176,3,28.0,0.4214276744817018,0,4.0,0.9619664216296939,0,4.0,0.9159228726301919,2,19.0,0.6159688829992875,1,18.0,0.5379123133355274,0,41.0,0.8435945215125384,2,29.0,0.4108317899588297,4,49.0,0.48826320584143873,1,12.0,0.7473455946220703,13,204.0
1205.0,17,168.0,1.0909090909090908,9.124926655316617,4,48.0,0.39115772432868723,0,4.0,0.812681129183245,0,0.0,0.8079195622766329,3,34.0,0.4095384203035715,1,17.0,0.5862442537969473,0,66.0,0.7307905129730611,1,23.0,0.5289353636033233,6,71.0,0.13466368653167496,0,0.0,0.7685146216873978,15,263.0
1210.0,27,253.0,1.65359477124183,8.87508335556463,5,69.0,0.2767532048001095,1,3.0,0.4076998882002121,1,4.0,0.7301554514311597,5,47.0,0.4321212837583455,1,13.0,0.7417888920368522,0,28.0,0.8861022561404247,2,28.0,0.5107366891120166,6,74.0,0.3054124871590193,2,5.0,0.5724320508864829,23,271.0
1215.0,16,203.0,1.3716216216216217,9.37562941495429,4,61.0,0.1379573282728848,2,12.0,0.3290482114824161,1,9.0,0.7677550544526254,1,11.0,0.6916919813978415,1,9.0,0.5569051686836162,0,1.0,0.8382938598923616,2,21.0,0.6182171549717482,2,70.0,0.584775040136034,2,15.0,0.5421230950883732,15,209.0
1220.0,10,132.0,0.868421052631579,9.641144267246316,2,71.0,0.6094688974160325,2,22.0,0.3214610722963693,0,0.0,0.95915486394902,0,8.0,0.9456688397428339,2,25.0,0.44399824182440695,0,0.0,0.932731367202676,2,16.0,0.4372320401715461,2,72.0,0.4719916010810239,0,0.0,0.4954306715591405,10,214.0
1225.0,17,97.0,0.6258064516129033,9.134046980619624,3,53.0,0.481689775842243,1,14.0,0.48189226710818395,0,2.0,0.925169856715903,0,8.0,0.7935104570464497,5,43.0,0.5074273842677524,0,27.0,0.9449959369595601,3,17.0,0.19267499148136305,2,20.0,0.5031191996329049,3,11.0,0.009648495412813665,17,195.0
1230.0,22,147.0,0.9545454545454546,8.989231999872496,6,76.0,0.36868803372067965,0,0.0,0.7830070494672989,0,0.0,0.9329453606016663,1,13.0,0.6774463346502297,4,52.0,0.39614098082386817,0,27.0,0.7770235731139902,1,5.0,0.45736864406065764,4,28.0,0.39598893940484603,4,31.0,0.18737641049023687,20,232.0
1235.0,16,129.0,0.8376623376623377,8.985698392129276,4,73.0,0.43658496202102787,0,0.0,0.9460564532829678,1,2.0,0.5836008688928224,1,17.0,0.7186201797857311,1,52.0,0.44001760779916754,0,21.0,0.8621682856076819,0,5.0,0.8427435974293862,4,48.0,0.39680703136731116,1,17.0,0.6031774029902592,12,235.0
1240.0,22,184.0,1.2026143790849673,8.83770775582534,5,89.0,0.33500145775001605,0,0.0,0.04011100958099635,2,16.0,0.7065652031399798,2,19.0,0.7516425963997505,1,28.0,0.5755816540722728,0,21.0,0.9672764201406302,1,13.0,0.6282912685945232,4,57.0,0.3076789865629864,0,0.0,0.8048294592142403,15,243.0
1245.0,21,187.0,1.206451612903226,8.582045214933002,8,126.0,0.26785619939090644,1,4.0,3.947543466046515e-05,2,26.0,0.5969298470629015,0,8.0,0.6920565596731857,2,24.0,0.40578955346823553,0,0.0,1.0,1,24.0,0.3816033026111522,3,59.0,0.45642213042376345,0,0.0,0.8821597692932646,17,271.0
1250.0,24,242.0,1.5816993464052287,8.028231152359094,10,186.0,0.321490038881632,1,9.0,0.0,0,0.0,0.8690723812966029,1,28.0,0.557853964162369,3,35.0,0.2802607365021071,0,0.0,0.9721858753197131,2,25.0,0.3368782022984222,3,53.0,0.34043799064618474,0,0.0,0.872142335035844,20,336.0
1255.0,37,318.0,2.0516129032258066,7.771637741330276,11,236.0,0.23382768789009697,0,0.0,1.0,1,2.0,0.3560299398093554,7,59.0,0.36119247069513366,6,58.0,0.35861927228950663,0,0.0,0.9889440001617524,4,58.0,0.2452504610392761,4,32.0,0.2546500255736905,0,0.0,0.9317785148376777,33,445.0
1260.0,34,351.0,2.279220779220779,7.714388799280414,12,253.0,0.12935120361561378,0,0.0,1.0,3,14.0,0.3957394811485505,4,43.0,0.4518902954753758,5,67.0,0.2925434948047022,0,0.0,0.9584924242624199,3,44.0,0.4373972911911426,2,17.0,0.5213312096587389,0,22.0,0.897220553601733,29,460.0
1265.0,18,191.0,1.232258064516129,8.20969103668713,10,279.0,0.2858202344883945,0,0.0,1.0,0,0.0,0.6556901105240481,0,31.0,0.6288913223437219,1,64.0,0.5196997601847152,0,0.0,0.8811581414610365,0,78.0,0.48260351156649917,2,17.0,0.5146738744116023,0,22.0,0.4139220666739228,13,491.0
1270.0,20,191.0,1.2402597402597402,9.205675086275793,7,239.0,0.36168927250422434,0,0.0,1.0,0,4.0,0.9630796303323363,1,16.0,0.7891994459868462,0,25.0,0.6959598999107138,0,0.0,0.8731969669643258,3,69.0,0.5111798157244978,2,7.0,0.4636737896974242,1,4.0,0.48048845684168184,14,364.0
1275.0,16,152.0,0.987012987012987,8.740429454151853,8,180.0,0.22757046300275272,0,0.0,0.8958261949484232,1,5.0,0.7031524913143872,3,16.0,0.7123146341895984,0,25.0,0.5387529072089375,0,4.0,0.8590194606385757,0,66.0,0.7754510396982832,2,17.0,0.4670837063308439,1,13.0,0.6439001439318409,15,326.0
1280.0,22,107.0,0.6815286624203821,8.013903994397312,9,204.0,0.30060482683360396,0,0.0,0.9216094460439068,1,7.0,0.7675155918164505,2,12.0,0.5812272670829799,3,38.0,0.28625292133155567,0,4.0,0.7562846976282107,2,66.0,0.29021972336402135,2,27.0,0.3727652054747276,0,24.0,0.9267358911353518,19,382.0
1285.0,31,193.0,1.2138364779874213,7.984768593479995,11,192.0,0.20287352997482877,0,0.0,0.9351197297454723,0,4.0,0.9076415476208889,4,19.0,0.34208472535441503,8,73.0,0.22296396485351389,0,0.0,0.9221452532249678,4,100.0,0.31052406923588466,1,24.0,0.6228482249481827,0,41.0,0.6297111941465783,28,453.0
1290.0,36,326.0,2.050314465408805,7.394193106397836,14,240.0,0.256963117333623,0,0.0,0.9851824266888405,0,4.0,0.9284258025707638,7,55.0,0.16778721718864872,7,86.0,0.265680076120463,0,13.0,0.9832790080332563,3,34.0,0.41921650752376205,1,29.0,0.5858494463538623,2,53.0,0.6544484559050825,34,514.0
1295.0,44,424.0,2.65,7.3146134434425765,14,287.0,0.13638310356977293,0,0.0,0.9292840422872608,0,4.0,0.9270123363407167,11,106.0,0.30826584811302005,3,99.0,0.48315395309412573,0,26.0,0.972322564340249,5,25.0,0.2586246700377018,1,34.0,0.3422283667195127,4,39.0,0.252395463345797,38,620.0
1300.0,39,471.0,2.8719512195121952,7.16314198191649,15,285.0,0.024056565102310995,0,0.0,0.7676617645090811,0,8.0,0.7676640912341163,11,171.0,0.27859085049768756,0,58.0,0.4580959988520614,0,0.0,0.9881298841498539,5,50.0,0.3139356304361499,1,5.0,0.3542125987835228,2,31.0,0.47423664471303795,34,608.0
1305.0,31,346.0,2.1226993865030677,7.106784908168969,10,294.0,0.09335882841887619,0,1.0,0.48676242841458717,2,14.0,0.7183818084965901,7,140.0,0.3965340971509472,1,59.0,0.35740300134645153,0,9.0,0.9657124823992107,2,26.0,0.3329962499825684,1,10.0,0.614714225165986,2,32.0,0.5501994708954702,25,585.0
1310.0,25,219.0,1.3353658536585367,7.452319399440362,8,260.0,0.27380577070798656,1,5.0,0.4513103320602785,1,9.0,0.8021883199359994,3,115.0,0.4129480570067524,3,75.0,0.2356274082465182,0,9.0,0.9436390734813002,1,16.0,0.34879984653310026,1,15.0,0.7417348051478094,1,15.0,0.47765619426207295,19,519.0
1315.0,22,153.0,0.9216867469879518,8.084394251027964,4,184.0,0.38670013544770276,1,10.0,0.46103458311823925,1,10.0,0.7032367796957548,0,82.0,0.4208701397354455,7,104.0,0.29666379146592625,0,0.0,0.9456258623051405,2,21.0,0.5810183440193016,0,4.0,0.7326681704574993,4,34.0,0.47739928963202616,19,449.0
1320.0,21,171.0,1.0239520958083832,7.839020111800611,4,178.0,0.34745994520767204,0,1.0,0.6855288972065491,2,15.0,0.6535938973051433,0,63.0,0.4847814219007579,6,107.0,0.23169473603946358,0,0.0,0.8086145455232183,2,22.0,0.43850778923731415,1,9.0,0.4511145107521983,5,59.0,0.46871704894684496,20,454.0
1325.0,24,170.0,1.0119047619047619,8.087798441323908,9,203.0,0.22578360096940214,0,1.0,0.9388198272705348,0,8.0,0.8805555006012095,0,44.0,0.49878267158783307,2,104.0,0.2315353512324858,0,0.0,0.8782842580765127,1,17.0,0.6226434568734648,2,18.0,0.5773304532922887,5,58.0,0.35675535028897865,19,453.0
1330.0,26,206.0,1.2189349112426036,8.628260959337982,12,219.0,0.06598634529822789,0,1.0,0.5026385839499038,0,12.0,0.9045026752533621,0,28.0,0.6412802767921746,3,50.0,0.4095369192032863,0,0.0,0.9112902717729852,2,27.0,0.5706170833110424,2,28.0,0.5391093169566703,1,25.0,0.42035744808722525,20,390.0
1335.0,26,237.0,1.427710843373494,8.224070903319104,9,237.0,0.1933149631135924,0,0.0,1.0,0,8.0,0.8392494997677974,1,22.0,0.7143467457850666,3,53.0,0.40226328186543175,0,0.0,0.9443196842041787,1,33.0,0.4611031228001586,2,20.0,0.5154459935314387,2,19.0,0.5276634857575389,18,392.0
1340.0,27,278.0,1.6449704142011834,7.711702701348925,6,179.0,0.24289284114613918,0,0.0,0.9859044112054132,1,8.0,0.8011532825736306,2,26.0,0.5630257390602605,3,62.0,0.24727437865017418,0,15.0,0.9578976438570395,1,39.0,0.6080643720207343,2,28.0,0.5988914336117336,3,7.0,0.17042053935648374,18,364.0
1345.0,34,344.0,2.035502958579882,7.728344244160864,4,199.0,0.3553225853757552,0,0.0,0.9727723857338327,1,13.0,0.7871924806125465,6,50.0,0.43378770950996126,5,74.0,0.2434515643034243,0,15.0,0.96653932220955,2,44.0,0.46552973032821204,2,42.0,0.6419820210164002,4,31.0,0.2763713575379639,24,468.0
1350.0,34,362.0,2.1547619047619047,7.537502648123075,7,232.0,0.24587455769287342,0,0.0,1.0,1,22.0,0.777321701912868,9,95.0,0.31846224269041173,3,89.0,0.31763981865699836,0,0.0,0.950450788772003,3,24.0,0.41076217036420354,1,33.0,0.6650376337878802,6,53.0,0.316461199558434,30,548.0
1355.0,34,401.0,2.386904761904762,7.536800139628174,11,282.0,0.26518436663520945,0,0.0,1.0,1,27.0,0.7234426478439531,7,74.0,0.2732146627450027,0,39.0,0.33293802586741206,0,0.0,0.9765689571326539,3,18.0,0.4925508516381054,1,38.0,0.6626689166258113,5,57.0,0.2731219022637134,28,535.0
1360.0,27,346.0,2.0843373493975905,8.130352460325938,11,284.0,0.22310905357526256,0,4.0,0.9234443392111653,3,37.0,0.6343071564119223,3,57.0,0.4227299057603154,0,10.0,0.779634887966602,0,2.0,0.8255337366959346,3,54.0,0.4251704626987238,2,45.0,0.5687022949111104,1,44.0,0.4670719607738492,23,537.0
1365.0,31,356.0,2.1707317073170733,8.354349880534663,11,294.0,0.15158058178034828,0,4.0,0.9463937009724375,2,14.0,0.7462513623821384,2,36.0,0.5691269560532813,1,11.0,0.8220682565445978,0,0.0,0.9667213586273307,2,72.0,0.5007514598744254,2,52.0,0.5981246161315877,3,21.0,0.5551533895783939,23,504.0
1370.0,27,336.0,2.0119760479041915,8.625190570061315,13,332.0,0.09571700552628608,0,4.0,0.945525160588576,0,4.0,0.873147721451025,3,32.0,0.5448755008570483,1,12.0,0.651777311605693,0,0.0,0.9536096158710318,1,61.0,0.5614125546608706,4,60.0,0.5625089258913364,0,7.0,0.7175760696944594,22,512.0
1375.0,29,397.0,2.3491124260355027,7.911221770735022,12,344.0,0.08338994853762192,0,4.0,0.6774948285138147,1,3.0,0.835414117423472,2,18.0,0.29755908081911975,2,19.0,0.13823894748659438,0,0.0,0.9326003158266485,3,41.0,0.43738138514456376,4,88.0,0.43800199360118247,2,19.0,0.5363157018502672,26,536.0
1380.0,35,368.0,2.1904761904761907,7.502102400284069,10,307.0,0.13476788251099728,0,4.0,0.9209342216202221,0,0.0,0.7777141239822728,5,33.0,0.3949015188572709,2,12.0,0.3571854480310221,0,19.0,0.8938909137947688,3,33.0,0.3437035812202104,5,98.0,0.2249035829802939,5,37.0,0.32936979262369864,30,543.0
1385.0,32,348.0,2.0714285714285716,7.664665958520399,7,273.0,0.27359456183138187,0,4.0,0.9286304663280344,1,6.0,0.7045523380131505,7,68.0,0.39989371855997585,0,5.0,0.8162794628850363,0,35.0,0.7522052555873562,3,71.0,0.33716019467839864,4,114.0,0.4167308065590171,3,17.0,0.31124297706305143,25,593.0
1390.0,30,364.0,2.1666666666666665,7.950201327958418,5,269.0,0.32219289291630143,0,8.0,0.7158711437818303,3,22.0,0.5897415610746366,6,65.0,0.3851289539349377,0,9.0,0.793475235552254,0,16.0,0.9453188626002773,6,84.0,0.25746454104419214,4,134.0,0.43912148579326593,2,12.0,0.5435766289269706,26,619.0
1395.0,25,212.0,1.239766081871345,7.6352985639133,4,254.0,0.34039714519477426,0,8.0,0.9394362767208677,1,9.0,0.740539529956556,2,62.0,0.47908893315384304,0,9.0,0.7479889838023381,0,0.0,1.0,5,68.0,0.08716888280729729,2,48.0,0.39440101187649773,3,24.0,0.30223799238550664,17,482.0
1400.0,20,120.0,0.6976744186046512,7.9022030739531255,7,271.0,0.13920355635945597,0,8.0,0.9459076936448719,2,15.0,0.6662659101948954,2,37.0,0.4094357151093477,1,12.0,0.7045490547583545,0,0.0,1.0,3,57.0,0.265812597161366,3,31.0,0.5637060091997661,2,8.0,0.38531117376677126,20,439.0
1405.0,33,235.0,1.3505747126436782,8.364048582254766,11,258.0,0.05730303244993098,0,8.0,0.921522195835883,4,36.0,0.6344159517110385,3,38.0,0.34437484927403145,2,19.0,0.4549979241014965,0,0.0,1.0,2,66.0,0.25873812366686055,4,59.0,0.595799867499382,3,30.0,0.5977120625223157,29,514.0
1410.0,32,210.0,1.2352941176470589,7.716641006890356,8,193.0,0.10915368129741485,0,8.0,0.9393900569176145,3,34.0,0.7075275957742161,2,11.0,0.3115654555704997,3,20.0,0.31542504709166086,0,0.0,0.6793447815716926,0,6.0,0.9023500409531008,4,47.0,0.5049161066545851,4,44.0,0.554455637014432,24,363.0
1415.0,27,196.0,1.1461988304093567,8.024960591570059,5,144.0,0.3728517726828412,0,8.0,0.9012304856727198,0,21.0,0.7915553140609121,2,25.0,0.5248537911240682,0,26.0,0.42790483048848293,0,0.0,0.9375587810242342,1,8.0,0.6395861547219617,5,51.0,0.4065477249497473,2,27.0,0.5706134519233637,15,310.0
1420.0,36,302.0,1.755813953488372,8.044812965109882,3,117.0,0.4403889697967828,1,9.0,0.2011132173339406,1,11.0,0.8314108415971767,2,35.0,0.6602518012979925,1,15.0,0.6972202542626058,0,0.0,0.8736812450964772,3,18.0,0.35046505262867406,7,69.0,0.25080999136146104,3,8.0,0.4364118554266148,21,282.0
1425.0,44,377.0,2.191860465116279,7.552146499004533,5,120.0,0.31772044122596743,3,25.0,0.40677584308156384,1,16.0,0.8321717997946633,2,28.0,0.656319805530068,1,11.0,0.80004135869076,0,0.0,0.9580908528414096,3,27.0,0.32196123710424523,6,65.0,0.23564657584288917,5,29.0,0.2658296519856021,26,321.0
1430.0,30,369.0,2.1578947368421053,7.779867586396853,8,137.0,0.18875070418075754,1,16.0,0.705309916685564,0,10.0,0.9142298465787804,0,8.0,0.8214782888645205,1,20.0,0.6520877248671657,0,0.0,1.0,0,35.0,0.630124420376493,3,55.0,0.406647796604945,2,17.0,0.40425616797210095,15,298.0
1435.0,33,353.0,2.0171428571428573,8.263165669375685,8,147.0,0.09560704420405583,0,4.0,0.8113809610308661,0,9.0,0.8380929920379498,0,0.0,1.0,2,31.0,0.5170044870615089,0,0.0,1.0,1,29.0,0.41385055103964313,3,45.0,0.37299569164231944,4,40.0,0.4856577345636652,18,305.0
1440.0,24,171.0,0.9827586206896551,8.283655919794866,4,137.0,0.3339936893371636,0,4.0,0.8922034673386776,2,14.0,0.7095437345329941,0,0.0,0.9467170426411524,3,25.0,0.521298768528278,0,0.0,1.0,1,76.0,0.41919720609175104,1,7.0,0.7138430082132765,5,64.0,0.3738993029464358,16,327.0
1445.0,27,219.0,1.3035714285714286,8.308149367631751,3,115.0,0.453359817771333,0,4.0,0.9300332578462503,2,11.0,0.7164594512264414,0,4.0,0.7321779127019052,3,28.0,0.5713788307828184,0,0.0,0.7628174058075866,3,87.0,0.37202852190700775,1,12.0,0.6048456493354378,3,68.0,0.20707027405960182,15,329.0
1450.0,33,227.0,1.4099378881987579,8.426816056013278,3,69.0,0.3767324045231106,0,12.0,0.9107174947489359,2,10.0,0.7396350580623958,1,6.0,0.7107970233304792,4,44.0,0.5584653069230072,0,0.0,0.8669168249963142,3,40.0,0.4115551281075858,2,18.0,0.31722161975720164,3,50.0,0.4233543956819249,18,249.0
1455.0,24,184.0,1.1572327044025157,8.005087273788927,5,59.0,0.0922843809762364,0,16.0,0.7306038599743756,3,21.0,0.4922550725450566,1,7.0,0.7690571088488233,1,17.0,0.509031153316481,0,0.0,1.0,2,98.0,0.5576445458387104,1,20.0,0.27609064789408755,3,48.0,0.47344510277248947,16,286.0
1460.0,22,119.0,0.74375,7.593169661542484,4,48.0,0.16866547267365226,1,15.0,0.6823567094887214,3,17.0,0.4678877611190971,0,12.0,0.726485586020078,5,31.0,0.3365251433159454,0,8.0,0.9387593951807857,0,146.0,0.7018492183232558,2,30.0,0.4597831423655762,0,1.0,0.7781017318259053,15,308.0
1465.0,32,201.0,1.2331288343558282,7.73489649127419,5,50.0,0.087495788409637,0,12.0,0.9400667735701139,2,18.0,0.6555846314759859,1,18.0,0.8522001781654228,8,68.0,0.22434032317407115,0,0.0,1.0,1,160.0,0.5137141613997317,2,48.0,0.6194364772267261,2,30.0,0.4568858584234059,21,404.0
1470.0,30,221.0,1.3475609756097562,7.844956371984576,4,43.0,0.08793146386552156,0,12.0,0.8275087218463376,2,18.0,0.6356677059076946,1,15.0,0.713663226034891,6,71.0,0.2336983980935623,0,0.0,0.6338923982747492,4,187.0,0.4085617312328708,1,5.0,0.6822425303576397,4,64.0,0.30406077796641917,22,415.0
1475.0,27,231.0,1.375,8.189209764468822,5,51.0,0.14920247145860918,2,13.0,0.5457057467227641,1,12.0,0.7824997987645957,1,26.0,0.6807314524249538,1,72.0,0.26757602512191203,0,6.0,0.9637879509893446,4,113.0,0.4080781754482593,0,4.0,0.733188221138588,4,88.0,0.33763368086710166,18,385.0
1480.0,24,233.0,1.3625730994152048,8.990470946838547,3,41.0,0.48607410739868123,2,22.0,0.5741279736941346,0,1.0,0.9638069868941702,2,14.0,0.6674521785526105,2,49.0,0.49174349852707555,0,0.0,0.7912455765864947,5,102.0,0.38673057861818394,0,4.0,0.781328827919172,1,47.0,0.49400021510214565,15,280.0
1485.0,24,263.0,1.5654761904761905,8.73916073789098,0,23.0,0.6182902669242797,3,34.0,0.556346672822935,0,1.0,0.8397469338028821,2,25.0,0.5555492721521458,3,26.0,0.5943498253172482,0,57.0,0.9601013859557366,4,126.0,0.36129252878518164,0,0.0,0.8217598158172486,1,19.0,0.5661381787416496,13,311.0
1490.0,22,162.0,1.0062111801242235,8.65751819269861,1,3.0,0.6593335480718893,3,17.0,0.5269621061004719,0,0.0,0.5574623120694155,6,49.0,0.4848258861945794,1,10.0,0.7892166223638198,0,42.0,0.8351764311587704,2,97.0,0.3987852612159125,0,0.0,0.9160325856913744,1,4.0,0.4869300942825488,14,222.0
1495.0,16,100.0,0.6211180124223602,8.365876707238916,1,6.0,0.40264114674477586,1,10.0,0.6522313305015176,1,5.0,0.7273649715147767,4,30.0,0.4687857276526694,0,4.0,0.5541583618473471,0,51.0,0.939005046857935,2,106.0,0.3611840271551112,1,1.0,0.7068479051585119,2,14.0,0.0187665027650072,12,227.0
1500.0,21,122.0,0.7439024390243902,8.597778511170269,2,10.0,0.41866959445372215,2,19.0,0.5292332991904608,1,10.0,0.6838617934677519,0,8.0,0.7171743269389557,3,19.0,0.41219560189556237,0,0.0,1.0,3,92.0,0.4041072631816617,0,0.0,0.7012879785877197,3,25.0,0.0,14,183.0
1505.0,27,138.0,0.8571428571428571,8.15596666878067,3,25.0,0.2076686212497605,2,14.0,0.5446866183633461,2,5.0,0.3477661569893322,1,5.0,0.6854551286709415,2,20.0,0.5014099013701258,0,11.0,0.9964002520400372,4,36.0,0.35745212747571864,1,4.0,0.7747722533899253,0,0.0,0.9706946848833474,15,120.0
1510.0,27,219.0,1.3518518518518519,8.676795245937786,4,45.0,0.3055877343574284,0,10.0,0.8002050092880788,1,6.0,0.48283612778010127,1,14.0,0.7327116369061937,0,10.0,0.4979099741490135,0,0.0,1.0,6,126.0,0.2904992055707995,1,9.0,0.5846958335094786,0,4.0,0.9332873951357273,13,224.0
1515.0,27,236.0,1.4842767295597483,8.870692479323639,3,33.0,0.2350128978968955,1,11.0,0.25577440119877126,1,15.0,0.5698879847519298,1,10.0,0.7244043247986903,2,8.0,0.5922078426501667,0,0.0,0.9686957336616209,7,70.0,0.2906806100177045,1,16.0,0.606816220941485,0,3.0,0.8153972575800597,16,166.0
1520.0,25,186.0,1.1625,8.52718939802613,1,25.0,0.42936464963214366,1,9.0,0.6440614302885579,0,4.0,0.984173599745757,2,11.0,0.7418243870421817,3,22.0,0.6039053176084387,0,0.0,0.9454850615505821,4,93.0,0.25706774874161026,3,26.0,0.4790952144695271,0,3.0,0.8545143787044641,14,193.0
1525.0,23,178.0,1.119496855345912,8.401545861959864,2,33.0,0.31692868344077846,0,4.0,0.8985734498124072,0,4.0,0.9022922019166727,3,22.0,0.562482113604922,2,20.0,0.30426048599727185,0,0.0,1.0,1,105.0,0.39062837083959756,3,41.0,0.6558719453910129,0,3.0,0.9536511849108549,11,232.0
1530.0,27,251.0,1.56875,8.497187376560742,2,43.0,0.5991350748716703,1,5.0,0.4969056281800898,1,5.0,0.6813951004931058,1,12.0,0.5519590006728914,3,19.0,0.4670327682842664,0,7.0,0.9680326569998854,2,134.0,0.45510186870652236,3,56.0,0.6389713603351375,0,0.0,0.9563601715927712,13,281.0
1535.0,19,211.0,1.3439490445859872,8.413811685869247,2,52.0,0.508971344741852,0,4.0,0.7104755474846417,0,8.0,0.9179775524513679,1,7.0,0.653181576728625,3,32.0,0.5994090895058173,0,7.0,0.9764093224513356,2,42.0,0.29675371762034203,3,71.0,0.42865253085068605,0,0.0,0.9300448448633951,11,223.0
1540.0,22,180.0,1.1464968152866242,8.55860572576227,1,42.0,0.601545743421319,0,0.0,0.9074367994935036,0,8.0,0.8167390397320072,3,10.0,0.5889697837410501,2,32.0,0.5994088748201403,0,15.0,0.9660515662133601,5,57.0,0.34388256218149965,3,29.0,0.27443732176568403,0,0.0,0.49198550394263396,14,193.0
1545.0,21,200.0,1.3157894736842106,8.8726792050119,2,52.0,0.5103930057855032,0,0.0,0.9506767323759177,1,12.0,0.6921667732928637,0,9.0,0.6911862978254943,0,12.0,0.5982144756701221,0,15.0,0.8992843146769652,5,88.0,0.3733803197953834,1,9.0,0.4074649008938355,0,0.0,0.9271151659549873,9,197.0
1550.0,25,194.0,1.2933333333333332,8.897717184019891,4,68.0,0.14362670788635087,0,0.0,0.9946869650218687,1,12.0,0.824616943706162,3,22.0,0.5743746240747268,2,21.0,0.6355797202980178,0,0.0,0.9431654211891352,2,46.0,0.43046985733833104,1,9.0,0.1621802648362764,0,0.0,0.9472738400121901,13,178.0
1555.0,19,125.0,0.8169934640522876,8.790368105103504,5,38.0,0.36335691398544206,0,0.0,0.9340538255808409,0,4.0,0.8220112485434329,5,47.0,0.5779198725023303,0,8.0,0.8804270846369278,0,52.0,0.9371882954117472,2,40.0,0.2872691355568146,1,2.0,0.19341606206300432,0,4.0,0.7600199614875258,13,195.0
1560.0,21,99.0,0.6265822784810127,8.278492000446398,4,36.0,0.4721332400807908,1,1.0,0.4529617111020331,1,20.0,0.800292597757726,3,26.0,0.31270531808030805,0,12.0,0.8319129421954624,0,52.0,0.9642809090797728,4,56.0,0.34100254851913897,2,11.0,0.2448897329235248,0,4.0,0.7649725975030387,15,218.0
1565.0,19,121.0,0.7515527950310559,8.701688680855057,5,43.0,0.20223117996603746,0,0.0,0.9756892366566889,1,13.0,0.8201116775098893,0,9.0,0.5844076294647783,1,14.0,0.6373016368036446,0,30.0,0.7800641998757516,2,34.0,0.401408854732498,3,25.0,0.2246319161559332,1,7.0,0.763387733051713,13,175.0
1570.0,23,150.0,0.9090909090909091,8.387475146932097,5,44.0,0.15943485278912226,0,0.0,0.9369299264513424,1,15.0,0.6670367060484205,0,4.0,0.7533406234466822,1,18.0,0.5680025546479847,0,21.0,0.9251210538326633,6,25.0,0.38670554323559014,0,0.0,0.957706418666322,1,15.0,0.68591282475307,14,142.0
1575.0,26,204.0,1.2515337423312884,8.465612742575782,3,29.0,0.1473125120002754,0,0.0,0.9615590216888443,2,24.0,0.7111119196735463,1,8.0,0.5534900582540162,1,21.0,0.45358745531744293,0,65.0,0.9260495930246871,6,55.0,0.3529613288971406,0,0.0,0.924674098132737,1,19.0,0.45163530563926024,14,221.0
1580.0,29,274.0,1.6606060606060606,8.308211844072336,3,37.0,0.4504280277448569,0,0.0,0.9810922420745224,1,17.0,0.6669278249167705,1,5.0,0.6477171683341886,4,30.0,0.3604765553874949,0,65.0,0.8758421252788032,4,46.0,0.2857990079202039,0,0.0,0.8305692965924084,2,27.0,0.5475160247234704,15,227.0
1585.0,29,286.0,1.7546012269938651,8.368133747426326,2,36.0,0.5548578920155876,0,5.0,0.9748006306564344,2,5.0,0.4544147040403165,2,6.0,0.7177246460714646,5,47.0,0.4170734752090989,0,0.0,1.0,0,19.0,0.4890110338127173,0,0.0,0.7843529119452766,3,38.0,0.4208505097294011,14,156.0
1590.0,24,234.0,1.453416149068323,7.632995355808639,1,28.0,0.58714333801929,0,5.0,0.603796736898395,2,19.0,0.6505338213078008,3,17.0,0.34072889632880404,1,22.0,0.4860695368325401,0,0.0,1.0,2,31.0,0.5569438659212781,2,3.0,0.6427582859224603,2,27.0,0.3125435911142371,13,152.0
1595.0,22,259.0,1.608695652173913,7.6239597602053655,1,19.0,0.645325550334086,0,5.0,0.8249770578397576,0,4.0,0.8004451105724945,3,21.0,0.21967916142485563,2,7.0,0.32833055739723166,0,0.0,1.0,2,59.0,0.4081838251736763,2,21.0,0.593799473624897,3,32.0,0.6194624596591558,13,168.0
1600.0,26,278.0,1.6951219512195121,8.457089396400772,2,26.0,0.5774192147691198,0,5.0,0.8496317245397895,0,0.0,0.8423858231461088,2,12.0,0.47833407608848644,3,22.0,0.4632381359811088,0,39.0,0.9524695389740234,4,144.0,0.26246952131089507,1,10.0,0.7838760068719482,3,50.0,0.6539761695143369,15,308.0
1605.0,21,151.0,0.9207317073170732,8.279413601403437,3,34.0,0.6097495284115071,0,5.0,0.9221487582178112,1,7.0,0.7551978503691595,2,19.0,0.6638971890138414,1,10.0,0.5114269433955221,0,61.0,0.943816671372273,4,150.0,0.25715804251498686,2,16.0,0.5996325020933095,2,35.0,0.5039434977557016,15,337.0
1610.0,24,160.0,0.975609756097561,7.836614517225091,3,36.0,0.4568795307667477,0,5.0,0.9202675756304965,1,5.0,0.5664247906099452,3,41.0,0.43969767792685194,0,4.0,0.5410667326466244,0,17.0,0.9670268542269075,5,201.0,0.31811832080311764,3,17.0,0.38411200754168295,3,32.0,0.4649084640077883,18,358.0
1615.0,25,192.0,1.170731707317073,8.02370931297379,5,57.0,0.23168754624212,0,0.0,0.6444339012342505,2,15.0,0.6007148103420324,2,19.0,0.49442681521259235,1,7.0,0.6267793514952644,0,7.0,0.9661867029450585,4,127.0,0.3586456599391161,1,19.0,0.7181405798841997,4,48.0,0.5337195251975855,19,299.0
1620.0,25,176.0,1.1139240506329113,8.146515593597401,5,42.0,0.16597423334697836,1,3.0,0.3291795198901743,2,25.0,0.6817861480894458,2,9.0,0.6281364627234062,0,8.0,0.8673960554004484,0,0.0,0.9457813098898905,3,117.0,0.3883059543853702,1,21.0,0.7129578280637925,5,60.0,0.4352231012984443,19,285.0
1625.0,30,204.0,1.2911392405063291,7.878518053200036,3,52.0,0.30627835858172453,1,5.0,0.010796996010444863,1,9.0,0.8415591906453113,5,27.0,0.4678438946828127,0,12.0,0.8545537935952897,0,0.0,1.0,5,123.0,0.3431632760902764,3,31.0,0.6287807625648566,3,26.0,0.29878645435889606,21,285.0
1630.0,30,277.0,1.7421383647798743,8.033114799287208,4,63.0,0.3426834646001983,0,5.0,0.6272936614334742,1,14.0,0.6988631653430603,5,56.0,0.34549725243961515,1,15.0,0.789135195765859,0,0.0,0.985859450570211,4,187.0,0.23439658493791712,3,35.0,0.5887918915127387,2,17.0,0.2024299807932519,20,392.0
1635.0,29,269.0,1.7243589743589745,8.093345754275353,3,52.0,0.41541184309316037,0,4.0,0.9196100284672005,2,20.0,0.6312727434388065,5,31.0,0.4266495706650853,0,12.0,0.6778663418723062,0,15.0,0.9770778667209472,3,232.0,0.36867541289883243,3,38.0,0.5204669528948737,4,36.0,0.2493683979018599,20,440.0
1640.0,19,250.0,1.5723270440251573,8.659571580354976,3,38.0,0.4402755990623918,0,4.0,0.9510750600460324,0,0.0,0.9479639529084445,1,22.0,0.492331436422535,0,13.0,0.7555374458437807,0,15.0,0.9799239735143258,3,184.0,0.4470663465294114,3,53.0,0.5247757845852622,3,28.0,0.2455954571653821,13,357.0
1645.0,19,168.0,1.0566037735849056,9.26667134039176,4,45.0,0.5096599265355396,0,10.0,0.9241280023097687,0,0.0,0.8987295375592032,3,24.0,0.450639591403754,0,13.0,0.8174527184250154,0,5.0,0.9487671725234914,2,140.0,0.42937197432585567,4,18.0,0.34840930782214236,0,1.0,0.665475336865407,13,256.0
1650.0,24,143.0,0.89375,8.932605372427151,4,48.0,0.3420722339671381,0,10.0,0.9124976050197999,1,2.0,0.5922368615581515,3,31.0,0.4123891805981657,1,12.0,0.6772441151303555,0,22.0,0.9432146091667359,2,155.0,0.5292117681185733,5,34.0,0.31047311763190844,1,38.0,0.7849514542678179,17,352.0
1655.0,27,203.0,1.2848101265822784,7.905839335390501,8,59.0,0.1934852068071691,0,2.0,0.9312564414214465,2,16.0,0.4686246018617652,2,19.0,0.43368976737285514,1,10.0,0.488743140944689,0,0.0,1.0,3,158.0,0.5098593578138971,5,52.0,0.4230011826691158,0,52.0,0.8102785112475024,21,368.0
1660.0,32,252.0,1.5849056603773586,7.496344366202557,10,106.0,0.17569143519160538,0,2.0,0.919972472117808,1,14.0,0.7336151340705102,4,24.0,0.4530611099342946,2,13.0,0.2878742865739722,0,6.0,0.9233707487377039,4,82.0,0.337522061406707,2,49.0,0.5243607199330181,1,55.0,0.654324316535766,24,351.0
1665.0,37,302.0,1.9235668789808917,7.694524801536393,9,115.0,0.18740584931621254,0,2.0,0.9190296931308004,0,4.0,0.9333869858698748,5,47.0,0.3481782945846809,5,40.0,0.4534251746245236,0,3.0,0.8535248406877585,2,68.0,0.3092831512524578,2,59.0,0.48924907080456087,3,79.0,0.46916452406929043,26,417.0
1670.0,35,358.0,2.370860927152318,8.002113858270713,6,127.0,0.15956226661103398,0,2.0,0.9275476899997862,1,10.0,0.7989355410030209,3,43.0,0.5952543843942631,4,47.0,0.602256984406144,0,0.0,1.0,4,80.0,0.3654917650605657,3,72.0,0.4757711145980742,3,79.0,0.3910196787461994,24,460.0
1675.0,21,298.0,1.9605263157894737,8.453815910990988,6,132.0,0.1389209463230938,0,2.0,0.7940910663925642,0,8.0,0.878613254841185,0,35.0,0.6101228256178078,2,43.0,0.5048761760499683,0,9.0,0.9946903605914683,4,77.0,0.27370205005545656,2,79.0,0.42938802793026004,0,14.0,0.7499368983429185,14,399.0
1680.0,27,346.0,2.276315789473684,8.386687624443931,6,137.0,0.18800199274718093,0,4.0,0.9226589565069129,1,10.0,0.8302317173594224,1,16.0,0.7062517784715883,2,19.0,0.5933250894276577,0,43.0,0.9609387472244765,3,68.0,0.3203726131987967,5,99.0,0.4051322913496309,1,21.0,0.7626137992034303,19,417.0
1685.0,24,305.0,1.9805194805194806,8.101075255237385,3,131.0,0.2344819023802115,0,4.0,0.9467148820797582,1,15.0,0.7121558989691208,1,12.0,0.8432988725004454,1,5.0,0.5436085040930372,0,34.0,0.9925642432845131,6,82.0,0.31012401329396777,4,121.0,0.4239391519787129,1,15.0,0.7460393866194049,17,419.0
1690.0,24,248.0,1.631578947368421,7.884352791643823,4,70.0,0.4259183112140371,0,4.0,0.9527230758212452,0,4.0,0.7214547263834943,3,16.0,0.5663222785273849,5,22.0,0.3525730336090107,0,0.0,1.0,1,67.0,0.20581321268923825,3,110.0,0.5827289119536428,2,24.0,0.6973247425526343,18,317.0
1695.0,30,316.0,2.051948051948052,7.459131412290679,3,54.0,0.3650263871522656,0,4.0,0.986322270063434,1,1.0,0.6184792363187849,7,45.0,0.35077257538974993,5,47.0,0.184766131118364,0,11.0,0.9287354747153461,2,59.0,0.4198759899629155,3,125.0,0.3775516497028837,1,9.0,0.6514517126828745,22,355.0
1700.0,25,312.0,1.9746835443037976,7.807887594383773,2,49.0,0.4374071765324097,0,4.0,0.9248250592368517,1,10.0,0.6942645042849345,5,43.0,0.34492528294653296,3,29.0,0.3680705867647259,0,39.0,0.9104104134551642,3,27.0,0.41174226377442397,3,144.0,0.4702671045258103,1,14.0,0.7157219323931532,18,359.0
1705.0,17,224.0,1.4088050314465408,8.993396778686469,3,51.0,0.623614905982657,0,0.0,0.9220310778891871,1,9.0,0.6718000189619584,1,25.0,0.3961819666855287,1,12.0,0.7628538906267553,0,70.0,0.9942178608657727,0,30.0,0.6811534765990025,2,71.0,0.5634001253842029,1,15.0,0.7499397872027638,9,283.0
1710.0,19,230.0,1.4375,9.191394706130627,4,68.0,0.47066516292314553,0,0.0,0.8553120597398611,0,4.0,0.7721274418043048,2,15.0,0.6820056513763785,1,17.0,0.7931560298586215,0,64.0,0.9367880462149862,1,67.0,0.4436083331293127,1,18.0,0.5841080701590179,1,20.0,0.6538497997024295,10,273.0
1715.0,23,281.0,1.8012820512820513,8.64509353194112,6,89.0,0.32490903025037515,0,0.0,0.9000761483377563,1,11.0,0.7875080426185189,1,11.0,0.6594885792487516,0,12.0,0.5455524118962688,0,33.0,0.9451919305726735,2,88.0,0.43626556211674483,3,23.0,0.3505033944340789,0,11.0,0.7987968756206473,13,278.0
1720.0,29,377.0,2.4640522875816995,8.334755579708723,10,135.0,0.30903779797212444,0,0.0,0.9008569861746515,1,20.0,0.7932530450305566,2,17.0,0.34462697868370396,3,9.0,0.5229580782878442,0,3.0,0.9584475579923545,0,60.0,0.44148902927848205,3,18.0,0.4788453305711279,0,11.0,0.9498844685623269,19,273.0
1725.0,25,382.0,2.464516129032258,8.305465723510016,9,116.0,0.22068420182921172,0,0.0,0.914939088538465,0,8.0,0.9145473719643638,4,38.0,0.2687967895060704,2,22.0,0.4417120300392231,0,3.0,0.9962829459392445,0,42.0,0.5858876697223357,0,4.0,0.5411379384164764,0,25.0,0.8356392782108878,15,258.0
1730.0,18,219.0,1.4038461538461537,7.944813688174245,5,100.0,0.11041168034467665,0,0.0,0.9976487956775509,0,8.0,0.8240591632274777,2,22.0,0.5388707406399937,0,12.0,0.5878239305238107,0,0.0,1.0,0,95.0,0.44927698306610214,3,6.0,0.5437244686876628,2,24.0,0.5164902329266772,12,267.0
1735.0,20,163.0,1.0382165605095541,8.923949833126116,7,93.0,0.31235854127496865,0,0.0,0.9949889174054111,1,12.0,0.7934446826179272,0,5.0,0.8248111771886054,0,8.0,0.8584970344502699,0,0.0,0.9913984470327787,2,77.0,0.45270271621991437,0,0.0,0.6507948352909685,4,40.0,0.3980581611214598,14,235.0
1740.0,18,171.0,1.1176470588235294,9.38417351279072,5,72.0,0.33789195434415276,0,0.0,1.0,1,17.0,0.5519628476710857,0,0.0,0.9106122309794794,0,4.0,0.9534195638330084,0,0.0,1.0,2,94.0,0.5518607102477621,1,4.0,0.6786618715988713,4,59.0,0.47912832230603153,13,250.0
1745.0,15,99.0,0.6513157894736842,9.14936966438016,3,79.0,0.3721694906217326,0,0.0,1.0,2,20.0,0.5386643867468405,1,2.0,0.7473639170504803,0,4.0,0.7295467478205524,0,7.0,0.8967182405983416,3,91.0,0.4516985601003873,2,12.0,0.5086928266701778,2,48.0,0.6387228477704756,13,263.0
1750.0,20,108.0,0.7248322147651006,9.08877158865741,4,85.0,0.3385505159099396,0,0.0,1.0,1,34.0,0.6658842641138264,1,1.0,0.5349499576549005,2,9.0,0.6939316401678884,0,7.0,0.9451320367264879,3,20.0,0.3633147788722416,2,5.0,0.46020263029767766,2,53.0,0.6975035612330059,15,214.0
1755.0,27,162.0,1.1020408163265305,8.173902078361218,5,52.0,0.13520589746045017,0,4.0,0.928827707033664,3,37.0,0.5581439976520831,3,14.0,0.48500071156166824,2,20.0,0.43842390498139655,0,0.0,0.9791188267267493,3,18.0,0.5271811352193219,2,11.0,0.26244201924087335,4,24.0,0.3098834872549337,22,180.0
1760.0,28,206.0,1.3642384105960266,7.6478758692473745,7,86.0,0.1778432387681352,0,4.0,0.9231502804926839,2,40.0,0.7071354055469429,4,31.0,0.4270203743302261,2,19.0,0.513083442346253,0,0.0,0.793151034296023,4,44.0,0.3964234657459784,2,22.0,0.363781331518888,4,19.0,0.28331384207176125,25,265.0
1765.0,24,222.0,1.5,7.822061750797155,9,132.0,0.3138348830106445,0,4.0,0.939088169290959,0,31.0,0.8332196111341039,2,24.0,0.6984314196759086,0,9.0,0.9482624308679014,0,0.0,1.0,4,76.0,0.23143645848365454,2,24.0,0.6573304771366585,2,24.0,0.34398525459710183,19,324.0
1770.0,22,201.0,1.3311258278145695,8.458976987992544,8,124.0,0.38934527700000016,0,4.0,0.9713581883392264,1,3.0,0.8491467388777438,0,13.0,0.8210484519880212,1,15.0,0.7111649026725392,0,0.0,1.0,0,53.0,0.6243673899528225,3,36.0,0.6649540687162584,4,31.0,0.19615761203301724,17,279.0
1775.0,10,88.0,0.5714285714285714,8.757326427130563,3,102.0,0.33301714141655314,0,4.0,0.8654877907425517,0,4.0,0.8477899028096989,1,13.0,0.8292828500284427,0,4.0,0.6694761946071051,0,11.0,0.9958771228992254,1,47.0,0.599006128706103,3,51.0,0.5947684857160319,2,20.0,0.4760900632291116,10,256.0
1780.0,16,127.0,0.8246753246753247,8.890865914350321,6,70.0,0.30385488479945216,1,10.0,0.4640803839812706,1,11.0,0.7845751783291579,1,9.0,0.816071877746829,2,8.0,0.5606609729321,0,11.0,0.9689072713487361,1,5.0,0.5278782419932703,3,62.0,0.5304929030897426,0,1.0,0.9020852726573456,15,187.0
1785.0,15,146.0,0.9182389937106918,8.292552688261575,5,44.0,0.21559088987088112,0,4.0,0.932797152885217,2,20.0,0.5186759128901244,1,10.0,0.535379032350323,2,18.0,0.597472815769871,0,0.0,0.9891526119761475,1,10.0,0.463566432093363,3,77.0,0.4602320233907712,0,0.0,0.9420346919053081,14,183.0
1790.0,23,170.0,1.0429447852760736,8.359516402459729,5,60.0,0.29069256058354054,0,4.0,0.9249373991640779,3,29.0,0.5879546165591975,3,19.0,0.43439294775339465,1,7.0,0.7442513237832427,0,10.0,0.9471044430297091,1,21.0,0.6590876701365977,3,92.0,0.45379347815969207,1,5.0,0.6714401685137008,17,247.0
1795.0,18,114.0,0.7125,8.48765803776045,6,79.0,0.32691452695973217,0,4.0,0.9546278726399091,1,16.0,0.6532301746312251,5,41.0,0.392780015163338,0,1.0,0.7901683145805429,0,10.0,0.9080214919017859,1,12.0,0.47657832773445147,1,8.0,0.3910188578512356,1,8.0,0.7500277624034382,15,179.0
1800.0,20,155.0,0.96875,8.603112349647125,7,100.0,0.2585795082431117,0,8.0,0.9535958571182865,1,13.0,0.7181397295709522,1,6.0,0.7372298637578775,2,8.0,0.687196377542274,0,10.0,0.9216768534421104,0,15.0,0.5439479409588389,3,12.0,0.3974734524140701,1,13.0,0.7098070549675009,15,185.0
1805.0,15,134.0,0.8589743589743589,9.027044324599188,5,107.0,0.3574872011643812,0,8.0,0.8686331766986902,1,8.0,0.7880405374690804,0,2.0,0.8542962731106895,1,15.0,0.7020196163288307,0,0.0,0.9625737033701146,1,19.0,0.5607826888357157,4,28.0,0.4013349393357969,1,18.0,0.726146274032601,13,205.0
1810.0,20,201.0,1.3137254901960784,8.909726294061915,6,129.0,0.16988990454619698,0,4.0,0.9224933423304872,1,17.0,0.8270265022420892,0,10.0,0.8331314799134769,2,23.0,0.5182419837424691,0,1.0,0.9032670545361121,1,17.0,0.5368327990271244,3,33.0,0.6077119560788103,1,23.0,0.6269660364781887,14,257.0
1815.0,24,241.0,1.535031847133758,8.43402196207432,7,104.0,0.19081598027080152,0,4.0,0.7850436125903344,1,22.0,0.8137020024075926,0,4.0,0.734890309068841,4,37.0,0.4274100818065309,0,7.0,0.9046074927001706,1,14.0,0.4878479953247215,2,31.0,0.581887105529456,1,32.0,0.7543554348351801,16,255.0
1820.0,31,262.0,1.6687898089171975,8.245696411490716,5,59.0,0.19474447476021917,1,7.0,0.607225421536449,0,4.0,0.8332203385057116,2,8.0,0.6359482854961586,5,40.0,0.3702256295033821,0,10.0,0.9243296337610455,1,20.0,0.4005057733175952,4,46.0,0.3992860890798015,1,33.0,0.6070813682759502,19,227.0
1825.0,24,257.0,1.6474358974358974,8.294057800391373,5,75.0,0.21470643159409505,1,12.0,0.566755960425607,1,9.0,0.8149310067976667,0,4.0,0.546430895636495,2,31.0,0.4325397719660271,0,4.0,0.9339873878394254,0,11.0,0.8146407731667663,4,62.0,0.3787864025379145,2,41.0,0.6819601501393997,15,249.0
1830.0,20,155.0,0.96875,8.041218632354381,3,41.0,0.2212629177715304,0,4.0,0.9612067590446247,1,14.0,0.7665416530637437,2,13.0,0.5316624722551357,3,26.0,0.47583211796983554,0,24.0,0.6736579766984713,1,10.0,0.6157095312522999,3,20.0,0.47845490805187874,2,6.0,0.5778700893943853,15,158.0
1835.0,22,141.0,0.88125,8.127487723772187,1,27.0,0.43882609390109206,0,4.0,0.9597146528580589,1,7.0,0.8336822569204975,3,28.0,0.5495956936123254,1,13.0,0.21798837977866617,0,9.0,0.9142945552722435,1,43.0,0.5553698578459316,2,15.0,0.4363329022436117,2,16.0,0.4421733285959492,11,162.0
1840.0,28,216.0,1.3670886075949367,8.314819877527453,1,12.0,0.40542431454042943,0,4.0,0.6379587540197773,0,5.0,0.8671025662308494,2,27.0,0.6852785988667596,1,12.0,0.5897267729480453,0,9.0,0.8419098791903341,1,38.0,0.5059649674244998,3,27.0,0.29724921507909496,3,33.0,0.3292170158461745,11,167.0
1845.0,26,186.0,1.169811320754717,8.680898910848077,0,8.0,0.7489923675795532,0,4.0,0.629788602792267,1,7.0,0.7903517467015136,0,15.0,0.7374150653584868,1,21.0,0.7183364536189701,0,8.0,0.8457204640866524,1,8.0,0.5673794943600764,1,7.0,0.7129982945008345,2,12.0,0.46669209952338486,6,90.0
1850.0,26,236.0,1.5225806451612902,8.253105248101736,0,8.0,0.6211835623504842,0,4.0,0.8931044103965624,1,6.0,0.7546715418857389,2,7.0,0.6083057613970011,0,12.0,0.9085056406887929,0,8.0,0.8576044659389084,2,51.0,0.44266140474534177,1,12.0,0.6457729920490092,0,12.0,0.6554767034522112,6,120.0
1855.0,28,273.0,1.7169811320754718,8.174371168941859,2,14.0,0.5687247703704567,0,4.0,0.9135583019478986,1,7.0,0.6614776044192211,1,9.0,0.4898965578690581,0,14.0,0.6782194770800362,0,9.0,0.9640248957860853,0,41.0,0.8069496298647572,2,20.0,0.49313489077207695,1,11.0,0.6008013440248984,7,129.0
1860.0,32,363.0,2.2830188679245285,7.600448110378001,3,32.0,0.6403997458264957,0,4.0,0.9058774095481271,3,20.0,0.5600662079954005,2,13.0,0.5050243679675993,1,21.0,0.7372604660697294,0,6.0,0.9979756221998983,0,75.0,0.7863838515286126,2,27.0,0.4599708338311195,0,0.0,0.9262318719343182,11,198.0
1865.0,35,481.0,2.9691358024691357,7.628432488031096,3,43.0,0.2657829169630691,0,4.0,0.9331734897854792,3,19.0,0.49697224626932185,3,24.0,0.6712941022327541,0,18.0,0.7897816714430963,0,15.0,0.9521486439145898,1,166.0,0.6983413903646942,2,37.0,0.4663583910946885,0,0.0,0.9325902465102432,12,326.0
1870.0,34,531.0,3.2576687116564416,7.436689328926532,6,70.0,0.20559574379055706,0,4.0,0.9047661195365652,1,14.0,0.6752978375590634,0,4.0,0.6650934243190478,0,10.0,0.5227453689385012,0,26.0,0.9512650482726063,3,231.0,0.4618270476733555,2,47.0,0.4497024184274364,0,33.0,0.8050422427010754,12,439.0
1875.0,31,509.0,3.1419753086419755,7.46753299854167,5,72.0,0.2385295486476372,0,4.0,0.9355738371380194,2,20.0,0.6820346589096982,1,12.0,0.7063140926598509,3,24.0,0.5429437691746497,0,35.0,0.9489452191554872,2,184.0,0.40478100311674703,2,57.0,0.3003681681597934,0,86.0,0.7459075793700046,15,494.0
1880.0,28,488.0,2.9575757575757575,8.26694687321561,2,65.0,0.3492095670806418,0,4.0,0.9803921859016721,1,6.0,0.7317978847341969,1,17.0,0.6926649138588462,2,25.0,0.7307843895189382,0,35.0,0.8322030781830313,1,104.0,0.6169236171702278,1,25.0,0.6729602557718122,1,92.0,0.7815912083407687,9,373.0
1885.0,33,581.0,3.437869822485207,8.086955038356363,3,30.0,0.3025921335767355,0,4.0,0.9381560219453661,1,11.0,0.7648768232684959,0,4.0,0.6828503519171125,1,8.0,0.6364865682475145,0,9.0,0.955823454492645,3,49.0,0.39016481261063196,1,2.0,0.7772266580952057,2,103.0,0.37763669248571,11,220.0
1890.0,34,594.0,3.4941176470588236,8.005700671607524,3,27.0,0.44576036036289307,0,4.0,0.9285925544623432,1,9.0,0.7871813946584839,2,22.0,0.6304026607180997,3,21.0,0.33004310413407617,0,14.0,0.9514201420022537,2,57.0,0.596772091482044,1,7.0,0.806188652299004,3,65.0,0.468764087380931,15,226.0
1895.0,23,446.0,2.608187134502924,7.603186806457221,1,26.0,0.5081397341977014,0,0.0,0.8851488083617358,0,4.0,0.6592621007621868,2,35.0,0.6413095573855373,4,10.0,0.31497853402597153,0,5.0,0.9584730408868786,1,47.0,0.5959857097095377,1,12.0,0.664236610015165,0,32.0,0.8455365034514727,9,171.0
1900.0,28,514.0,3.023529411764706,7.727671951109597,2,27.0,0.4606301295218734,0,4.0,0.975842119512711,2,10.0,0.44742107578809864,1,25.0,0.5715010637090544,2,12.0,0.5728303335404203,0,0.0,1.0,2,51.0,0.5584974800140521,3,28.0,0.5001106335746605,1,97.0,0.6163961481749173,13,254.0
1905.0,26,367.0,2.133720930232558,8.274843120735866,2,11.0,0.22554877532302914,0,4.0,0.9040426091240565,2,16.0,0.3176758380724399,1,20.0,0.7545391693910012,2,33.0,0.6219937905156846,0,0.0,0.9420244457942786,3,56.0,0.473423748389915,2,17.0,0.5849529563850089,3,137.0,0.6291230893080912,15,294.0
1910.0,22,137.0,0.8058823529411765,8.79676561421724,3,26.0,0.0,0,4.0,0.9372668550757827,0,0.0,0.8558733778907224,2,18.0,0.5361847531521067,0,11.0,0.9416824395066626,0,0.0,0.9446200095291367,3,139.0,0.2950534490956377,3,18.0,0.5029140479567302,2,140.0,0.5785600091904859,13,356.0
1915.0,30,240.0,1.4723926380368098,8.660990866888321,3,47.0,0.32737904455979194,0,4.0,0.9153575132920433,0,4.0,0.6442360963658285,3,19.0,0.35826968894194605,1,20.0,0.6027951807158023,0,0.0,0.901692782948251,4,205.0,0.3258926144185996,4,34.0,0.5780254727690586,5,155.0,0.3424965638672939,20,488.0
1920.0,35,316.0,1.9506172839506173,8.212715267090212,2,22.0,0.361786261433885,0,4.0,0.9375023408451466,1,9.0,0.7443045916626774,5,31.0,0.3495784694035645,4,39.0,0.37992439766620484,0,0.0,0.9906779597766183,1,98.0,0.5295744037979938,3,34.0,0.5405772823408761,8,191.0,0.317401371452758,24,428.0
1925.0,29,294.0,1.860759493670886,8.072593419309399,0,11.0,0.6839327213446489,0,0.0,0.9302269408999742,0,5.0,0.907737147168128,6,58.0,0.4000927730004132,2,23.0,0.6430744631958039,0,0.0,1.0,2,192.0,0.4484185238941336,6,57.0,0.3818418707176093,7,178.0,0.26827569561058257,23,524.0
1930.0,17,130.0,0.8074534161490683,8.094952010943135,0,0.0,0.8004874152004005,0,0.0,0.9529926014423065,0,9.0,0.9525332051968494,3,35.0,0.43645804068812827,0,12.0,0.6458174344799766,0,7.0,0.9579174624445828,2,217.0,0.3811348487596713,8,91.0,0.15002172663810467,2,185.0,0.49137141366999404,15,556.0
1935.0,18,148.0,0.9135802469135802,8.588401960447783,0,0.0,0.5285375133634492,0,0.0,0.8860329860012388,0,8.0,0.8527473206927666,1,16.0,0.5753878104468079,3,18.0,0.38773360780065447,0,58.0,0.836509601124628,1,44.0,0.1561403191776987,8,100.0,0.31485908901912274,1,226.0,0.6045971371564374,14,470.0
1940.0,14,153.0,0.9622641509433962,8.87917111633473,1,11.0,0.5128826329766392,0,0.0,0.9475728137810195,1,11.0,0.826021816585311,1,13.0,0.6558090325346024,0,12.0,0.42885611112352706,0,0.0,0.9708560784453162,0,19.0,0.47610827237567793,3,91.0,0.5256787731758098,1,142.0,0.606721355796965,7,299.0
1945.0,18,155.0,0.9627329192546584,9.052540236080045,2,18.0,0.38391780703391437,0,0.0,0.9353788454485812,1,10.0,0.6783762536862237,0,9.0,0.9227269432634241,1,12.0,0.676673599777013,0,3.0,0.9281072504828648,2,22.0,0.4822492620845979,4,87.0,0.5152484794673904,3,57.0,0.34754170191772893,13,218.0
1950.0,24,194.0,1.2278481012658229,8.996960230142315,4,32.0,0.09054987781158652,0,0.0,0.9343143875475697,4,24.0,0.6257424517508171,1,10.0,0.6505951596669494,1,21.0,0.7409625809115716,0,3.0,0.9647871685064614,0,12.0,0.7151945799957579,5,62.0,0.44213191247703626,3,86.0,0.53520737286345,18,250.0
1955.0,19,160.0,1.019108280254777,8.834423230483821,2,34.0,0.41084246850440087,0,0.0,0.8973756337564535,5,43.0,0.5477777797169411,2,14.0,0.47733340506198996,0,12.0,0.8717374749778172,0,0.0,1.0,1,71.0,0.6504924309471765,4,44.0,0.44721253237507397,0,89.0,0.8361422181014752,14,307.0
1960.0,23,205.0,1.2974683544303798,8.341423905511265,1,33.0,0.4801615644708511,0,0.0,0.9677060759947247,2,24.0,0.7631476696787861,1,10.0,0.577780943240448,1,13.0,0.5588697216135908,0,0.0,1.0,2,90.0,0.3819567962736616,6,58.0,0.46999903682445016,2,101.0,0.5007050296160738,15,329.0
1965.0,28,257.0,1.60625,8.062979605922717,1,34.0,0.5385536620470811,0,0.0,0.9593858648927234,0,4.0,0.8653483276494448,0,4.0,0.939397972370663,4,26.0,0.23956500708889053,0,21.0,0.9321809992400473,1,73.0,0.3770135770682592,6,61.0,0.4904123194907932,6,146.0,0.5115137816532787,18,369.0
1970.0,30,284.0,1.7861635220125787,7.777417995586507,1,43.0,0.7134893979740073,0,0.0,0.9506264470098439,2,12.0,0.5990997980973998,2,3.0,0.4725990559972195,4,22.0,0.20971080947858264,0,0.0,1.0,5,63.0,0.28282987915484237,4,55.0,0.4386306104706884,4,131.0,0.38026353593087414,22,329.0
1975.0,21,252.0,1.575,7.985707474403417,1,40.0,0.27712693179482034,0,0.0,0.6667953426807186,1,10.0,0.6780295346954864,2,8.0,0.3789552541623927,1,23.0,0.5498241268326586,0,2.0,0.8867750609224283,6,75.0,0.26818745390273857,6,64.0,0.27869604363432865,0,31.0,0.43842762012912734,17,253.0
1980.0,27,300.0,1.8518518518518519,8.679017100364186,3,56.0,0.38491953626007436,1,4.0,0.008896547066073792,1,8.0,0.7627808874184553,1,12.0,0.6775578300211597,2,28.0,0.6796294429946257,0,0.0,0.9429553519016765,4,81.0,0.4985809513701833,7,50.0,0.2765003817318569,2,60.0,0.44687932191997226,21,299.0
1985.0,25,269.0,1.6303030303030304,9.031620778248742,2,25.0,0.5788119739810262,2,14.0,1.3105372983480977e-05,1,9.0,0.751834216400887,2,21.0,0.7223317436284874,0,16.0,0.7529316817799483,0,0.0,0.7560290745766531,2,49.0,0.6855676110941217,6,66.0,0.3379696137764881,3,82.0,0.4357209120768998,18,282.0
1990.0,29,339.0,2.0545454545454547,7.722443743640204,1,22.0,0.45866380564370013,1,10.0,0.0,0,8.0,0.5372897282212626,1,18.0,0.7425788266679761,1,17.0,0.5002019899452654,0,0.0,0.7561597051846791,3,46.0,0.4903526910639704,6,65.0,0.20149132698878472,5,97.0,0.30495315740388196,18,283.0
1995.0,27,322.0,1.9281437125748504,8.04749235472503,3,34.0,0.3969132706068699,0,0.0,0.9933059454048727,1,13.0,0.6641633602585283,0,8.0,0.5566909745252102,5,29.0,0.41365349094427456,0,0.0,0.9599144024306608,3,92.0,0.35773005603368896,4,60.0,0.3558922362911336,6,125.0,0.42817811696002367,22,361.0
2000.0,26,217.0,1.2916666666666667,8.56628903318289,5,47.0,0.40336709969207185,0,0.0,0.9404334523974178,2,22.0,0.6577167585227598,0,5.0,0.8967136543358488,4,36.0,0.4339076755686664,0,0.0,1.0,3,68.0,0.4419828295319904,4,64.0,0.3707361115466784,4,77.0,0.3465630750674779,22,319.0
2005.0,24,229.0,1.387878787878788,8.756033371450648,3,63.0,0.3966068180058617,0,4.0,0.8270462925399548,2,28.0,0.6678035725292361,1,7.0,0.7916235483981948,0,18.0,0.5129366985873339,0,0.0,1.0,6,49.0,0.3284088569367117,3,52.0,0.5199479599167957,1,19.0,0.6248529522740225,16,240.0
2010.0,25,223.0,1.3515151515151516,9.257499735088263,3,78.0,0.4844120358174335,0,8.0,0.9539322670528751,1,18.0,0.8304217210221352,2,23.0,0.6551601961653345,1,12.0,0.6798673083796906,0,0.0,1.0,6,88.0,0.30218158342469387,1,21.0,0.6619565991209474,2,23.0,0.6910762017907732,16,271.0
2015.0,19,208.0,1.2606060606060605,9.100634226301205,3,92.0,0.3232350941954829,0,8.0,0.9764103273954691,0,0.0,0.8255844632320168,3,36.0,0.6921967994768188,1,9.0,0.7345530727216106,0,0.0,1.0,3,73.0,0.5043827584849315,1,26.0,0.5825249389366047,0,18.0,0.86522895364515,11,262.0
2020.0,28,227.0,1.3841463414634145,8.229731683038795,3,44.0,0.4111960709569248,0,8.0,0.9441216092390018,1,3.0,0.7929231598495522,4,51.0,0.555601454327194,1,22.0,0.5892243882655201,0,0.0,1.0,3,24.0,0.1656414740323002,4,43.0,0.5383477564677984,1,24.0,0.5041500493233972,17,219.0
2025.0,37,295.0,1.8209876543209877,7.373663965242491,3,37.0,0.28182523850085706,0,8.0,0.8319126677221087,1,2.0,0.7048718741630179,3,22.0,0.30071413719622275,3,37.0,0.5906569508489283,0,0.0,1.0,4,32.0,0.32198321301593547,5,67.0,0.38051925530036923,6,39.0,0.2372963833672647,25,244.0
2030.0,29,256.0,1.6,8.231760059437846,4,49.0,0.4532101439787708,1,10.0,0.5035768479483228,1,4.0,0.7511551040342773,5,45.0,0.42413109646914393,1,9.0,0.5297007851140862,0,0.0,1.0,1,31.0,0.6220975746161592,6,52.0,0.3438791642874516,3,51.0,0.3137149220092659,22,251.0
2035.0,30,219.0,1.360248447204969,8.294789683210343,3,55.0,0.5482217782444507,0,8.0,0.6961728897698714,1,9.0,0.7569896994236481,7,79.0,0.420318585773943,1,16.0,0.3544994975749656,0,0.0,0.9748944272008039,2,27.0,0.6894945450461168,5,61.0,0.29660301885553764,0,42.0,0.6637378505578512,19,297.0
2040.0,27,228.0,1.4430379746835442,8.106344187841197,4,55.0,0.4356099186701417,2,15.0,0.4632228381496115,0,0.0,0.9349802706313589,4,68.0,0.3785550976591442,1,13.0,0.4596690604709612,0,0.0,0.6770949227559684,0,107.0,0.6430493876587413,6,82.0,0.3336737895349079,1,9.0,0.7032531966835034,18,349.0
2045.0,22,224.0,1.4088050314465408,8.230611930670817,6,82.0,0.4127696992605477,2,25.0,0.5656547238383268,0,0.0,0.9516459583598836,0,33.0,0.6838245015148284,0,0.0,0.850732872596911,0,0.0,0.9140485450473197,2,94.0,0.5076812888991636,4,58.0,0.44276218025898234,2,9.0,0.4921277621230725,16,301.0
2050.0,28,229.0,1.4135802469135803,8.160622251575436,9,84.0,0.1596221757753281,0,4.0,0.9059055051899934,1,1.0,0.6725178916094116,0,10.0,0.8511828524129275,0,0.0,0.8133424113033169,0,0.0,0.9853283166776046,3,146.0,0.3661846171740583,1,29.0,0.5649321083009755,3,18.0,0.39363933247322375,17,292.0
2055.0,21,151.0,0.9263803680981595,8.08638223881572,7,107.0,0.18743701939908,0,4.0,0.7549405525152013,1,2.0,0.6615467135052625,0,0.0,0.9352603285339646,1,11.0,0.5342281092767976,0,0.0,1.0,5,153.0,0.37209277261211915,2,11.0,0.35738259055219257,3,70.0,0.4567071952056673,19,358.0
2060.0,19,172.0,1.0683229813664596,8.281445887532705,7,145.0,0.28523772355456134,2,8.0,0.38666166797641754,1,4.0,0.6767745215895213,1,1.0,0.5400160733298843,2,15.0,0.6879485464079681,0,0.0,1.0,1,125.0,0.3929306304922734,2,14.0,0.3262497335168729,1,89.0,0.7409656204397216,17,401.0
2065.0,22,183.0,1.1226993865030674,8.543233530677348,6,129.0,0.3785587642506157,3,17.0,0.46773060867308774,2,13.0,0.6274003533138269,0,1.0,0.8109701159411984,0,12.0,0.5545225329104316,0,0.0,0.9347032462143804,1,65.0,0.48826405852977806,2,25.0,0.6226337949963295,1,89.0,0.7383713703653442,15,351.0
2070.0,24,184.0,1.1219512195121952,8.881063479144071,2,123.0,0.4166879828681989,1,17.0,0.6573938091246654,1,9.0,0.6945630437514386,0,5.0,0.801967883073396,2,13.0,0.4522108102203945,0,0.0,0.9606066105448623,4,58.0,0.3947319400769284,2,31.0,0.539545170116206,1,10.0,0.7101211547508792,13,266.0
2075.0,22,169.0,1.0242424242424242,8.192797594414984,3,70.0,0.45711634280608476,2,20.0,0.550243851177086,0,0.0,0.9409544114044353,2,11.0,0.6667374701516515,0,4.0,0.16350196463202615,0,0.0,0.9619971881504936,4,42.0,0.2027781577861538,1,7.0,0.7057388830568938,1,7.0,0.4584438667414296,13,161.0
2080.0,25,126.0,0.7730061349693251,7.69687726114131,4,54.0,0.27681812566768793,0,3.0,0.8454574212304597,0,0.0,0.9369885116022473,2,16.0,0.4886192880711328,3,18.0,0.11432817468733285,0,1.0,0.9434073573709963,4,59.0,0.3422725858746283,3,21.0,0.5361038867581818,2,9.0,0.5550055228169717,18,181.0
2085.0,32,216.0,1.3251533742331287,8.157599365246085,6,64.0,0.3104931216963927,0,3.0,0.7813713030200693,0,11.0,0.8041909382727107,2,19.0,0.28136384568099726,4,38.0,0.3622108399926571,0,1.0,0.9648895474143525,5,107.0,0.3464804527903855,3,36.0,0.6021265202154208,2,38.0,0.6234999124295949,22,317.0
2090.0,26,248.0,1.521472392638037,8.172317409882004,7,91.0,0.4016965163454651,1,6.0,0.6919588299128546,1,15.0,0.6831610864104262,2,19.0,0.3660751325919698,4,58.0,0.41237437913607156,0,0.0,1.0,3,89.0,0.4136645501985467,2,20.0,0.5082507342580344,1,49.0,0.682264371497386,21,347.0
2095.0,28,264.0,1.639751552795031,7.409513411566243,5,63.0,0.23491249226021152,1,6.0,0.47245334711869624,7,35.0,0.39561329731638695,1,11.0,0.0,3,54.0,0.21573540261711624,0,0.0,1.0,1,72.0,0.593111928283046,2,26.0,0.4623542804133824,1,44.0,0.7043413435551276,21,311.0
2100.0,23,242.0,1.4578313253012047,8.469476470009477,4,58.0,0.1627939703856204,1,11.0,0.715122067547712,5,29.0,0.47134943774344923,0,4.0,0.8818618962483357,1,30.0,0.5939575197841575,0,1.0,0.9454485201434416,2,35.0,0.511697228994689,2,32.0,0.29719452089556636,2,37.0,0.6956778725139304,17,237.0
2105.0,22,223.0,1.319526627218935,9.42773140312008,6,64.0,0.19720098886528226,1,16.0,0.7065741461986632,0,7.0,0.8006638678093047,0,5.0,0.9537503823274033,1,18.0,0.8082547644423624,0,15.0,0.8443883383149455,1,13.0,0.5679757019817513,2,6.0,0.4877679079121026,2,18.0,0.5252163713698326,13,162.0
2110.0,23,223.0,1.3273809523809523,9.093447963137148,5,83.0,0.3222812020914594,1,1.0,0.553564124011309,0,0.0,0.8104536749235144,1,6.0,0.8017316760463743,0,8.0,0.901084696000161,0,18.0,0.9792881972167834,1,14.0,0.7382629289709027,3,17.0,0.4864823804674961,4,35.0,0.46902055076260807,15,182.0
2115.0,22,263.0,1.593939393939394,8.668939551893653,3,87.0,0.33095474589938617,1,6.0,0.6135066072257724,2,3.0,0.4836063132716336,1,14.0,0.8193734711385592,0,8.0,0.42150524673375545,0,2.0,0.90583890347052,1,30.0,0.4795491376672536,3,32.0,0.5797703602435405,5,58.0,0.41982594490434433,16,240.0
2120.0,34,363.0,2.240740740740741,7.938048898944945,5,84.0,0.3995181310057536,1,11.0,0.47529354576255306,5,23.0,0.43721756901167713,1,19.0,0.756177023488033,4,21.0,0.003765845023658373,0,2.0,0.9891070475378801,3,36.0,0.3449991199306013,2,21.0,0.5989187885603938,5,69.0,0.4185866839116435,26,286.0
2125.0,36,440.0,2.7160493827160495,7.233633837262221,3,62.0,0.3352786365894598,1,3.0,0.08659495822924738,7,53.0,0.17410621750050753,0,6.0,0.6118252290528958,3,23.0,0.1324394944471572,0,0.0,1.0,5,57.0,0.1273387709306558,1,29.0,0.6687589428999748,5,82.0,0.4047135449203966,25,315.0
2130.0,30,415.0,2.5460122699386503,7.907994364376845,3,70.0,0.2505910907869978,1,7.0,0.48968664626875047,3,72.0,0.36468880810398585,3,34.0,0.4012699729121961,0,17.0,0.6294207537469492,0,1.0,0.9616261547118752,5,49.0,0.35499230915471247,1,30.0,0.7351201757923763,5,97.0,0.3435646711532838,21,377.0
2135.0,28,435.0,2.668711656441718,8.938725695237839,4,88.0,0.427056320026267,1,12.0,0.49332656687364795,0,22.0,0.6815367664147316,6,60.0,0.4551316485817691,0,4.0,0.9676654885080547,0,40.0,0.9471464331192494,0,37.0,0.4421647775668343,1,35.0,0.7148405295640251,3,52.0,0.4230002509797944,15,350.0
2140.0,26,452.0,2.7560975609756095,8.63348597744796,3,105.0,0.4890839984405111,0,4.0,0.9435279366046313,0,4.0,0.8719722304738895,3,28.0,0.5139732739892636,0,4.0,0.86129204037174,0,44.0,0.9664852661995952,2,15.0,0.4752145015949412,3,51.0,0.5016806098148767,1,56.0,0.35678021468992627,12,311.0
2145.0,24,287.0,1.79375,8.31131806967674,4,131.0,0.443914853831384,0,4.0,0.9839615627940818,1,6.0,0.7490472941114373,1,23.0,0.48630323730473085,1,10.0,0.29343037894825535,0,4.0,0.9361915117044023,3,97.0,0.3665203496512867,5,71.0,0.42558005365452756,4,25.0,0.261309481658344,19,371.0
2150.0,35,416.0,2.521212121212121,8.611959501848307,6,148.0,0.38473661542741366,0,4.0,0.9666918183784566,1,13.0,0.8379771901575008,3,24.0,0.3540031973959533,5,28.0,0.3414356796004022,0,0.0,0.9850946406300726,2,20.0,0.5002200893179873,6,101.0,0.47310487676863816,3,24.0,0.31585381321924383,26,362.0
2155.0,39,489.0,2.9457831325301207,8.289720436976445,7,103.0,0.28616747487347793,0,4.0,0.9098850936929616,1,18.0,0.6656808641205221,4,29.0,0.33614683557560826,5,53.0,0.44082784472834263,0,0.0,0.9843366095390726,4,35.0,0.48924079154678635,7,136.0,0.33352903637955095,0,12.0,0.7787024576579545,28,390.0
2160.0,32,357.0,2.1636363636363636,7.491228264001745,4,76.0,0.27912522184952143,0,4.0,0.8739826243331464,1,12.0,0.8360508471607497,2,25.0,0.412568740120247,3,42.0,0.3395471157498719,0,0.0,0.9787764850911836,6,64.0,0.1998096181731807,6,120.0,0.32702562218936576,0,0.0,0.5814968877575384,22,343.0
2165.0,24,288.0,1.7041420118343196,8.418218642953143,7,79.0,0.3326197800347623,0,4.0,0.9705360638358875,0,8.0,0.895343822416986,4,54.0,0.4579299427562996,1,32.0,0.3501679054038061,0,0.0,0.8931910461084003,5,50.0,0.08243832777194056,3,113.0,0.5311415807902733,1,9.0,0.7610264938779533,21,349.0
2170.0,25,316.0,1.8588235294117648,8.470230923534695,6,75.0,0.2607324421598763,0,4.0,0.9226792915303548,1,7.0,0.7952879438345861,4,74.0,0.6256997059328644,2,21.0,0.6024774111108333,0,0.0,0.9514492732047422,1,110.0,0.39277572616653367,4,112.0,0.40376328975786324,1,5.0,0.6955934309282608,19,408.0
2175.0,31,251.0,1.4593023255813953,8.38519106980128,5,84.0,0.11930055143591876,0,4.0,0.9417039103430723,2,7.0,0.7283599564441455,5,42.0,0.46076712493282695,2,31.0,0.7469417877096409,0,0.0,1.0,3,132.0,0.437898922571944,2,13.0,0.4624681338129933,1,10.0,0.6476010337827302,20,323.0
2180.0,26,266.0,1.5465116279069768,9.095405951846054,6,102.0,0.17326552048875146,0,4.0,0.9294408256040051,0,7.0,0.8162450735134399,3,25.0,0.5472739913351968,0,12.0,0.8441841844343222,0,3.0,0.9247161810798127,2,172.0,0.4590762942614477,4,30.0,0.3687487992635259,2,25.0,0.7387786915544721,17,380.0
2185.0,26,309.0,1.7861271676300579,8.884476423832153,5,104.0,0.42604415826847397,0,0.0,0.9167134715728804,1,13.0,0.5837109790920543,5,47.0,0.39163028845989245,2,19.0,0.5649740508976825,0,9.0,0.9514035064070359,3,168.0,0.45293775191113916,5,51.0,0.5200582233611271,0,5.0,0.9419867434703529,21,416.0
2190.0,26,277.0,1.5738636363636365,8.552750271210716,3,90.0,0.3087808894600828,0,0.0,0.7627689923364229,1,13.0,0.7648056742227263,3,26.0,0.5706628358250853,5,37.0,0.4370843233482065,0,4.0,0.9462919679835924,3,163.0,0.4867407967104232,4,57.0,0.6061447317546241,0,7.0,0.6830960550605972,19,397.0
2195.0,27,193.0,1.1091954022988506,7.913051200829232,4,63.0,0.5034744337127739,0,0.0,0.04038648887105833,1,11.0,0.7502715312392112,2,17.0,0.6652249553830051,4,37.0,0.36463643970932896,0,14.0,0.9726526881032467,3,164.0,0.36044039543625384,2,59.0,0.5429404279808793,3,19.0,0.3592904210539303,19,384.0
2200.0,30,248.0,1.4011299435028248,7.8011581269816626,4,56.0,0.35566347312642116,1,5.0,0.0,1,12.0,0.6437355805776871,4,31.0,0.28208933197621244,0,25.0,0.5475540065659122,0,10.0,0.9336781980481755,3,125.0,0.4556693928955393,4,75.0,0.5026984066051671,3,14.0,0.16312147685938702,20,353.0
2205.0,31,263.0,1.5202312138728324,8.341251820833008,8,88.0,0.28300762829536946,1,10.0,0.0,0,4.0,0.8698582229567698,3,20.0,0.6508581595688164,0,16.0,0.8039897563654936,0,0.0,1.0,5,43.0,0.3376291517838701,5,85.0,0.5777295060652953,2,13.0,0.5571561201767214,24,279.0
2210.0,34,324.0,1.8837209302325582,7.6538869927895865,10,137.0,0.17224470500648373,1,15.0,0.49275054597865336,1,5.0,0.6183514856159121,0,22.0,0.5914172752542395,1,16.0,0.6987361132726319,0,48.0,0.9648227258330022,4,32.0,0.24267085941898353,5,100.0,0.41568683171146664,2,23.0,0.6287121072556369,24,398.0
2215.0,33,324.0,1.9058823529411764,7.546737468473695,8,112.0,0.30885745787900015,0,0.0,0.987589033355355,3,16.0,0.6234531505229095,1,11.0,0.5900287480650752,3,30.0,0.40673481374880793,0,8.0,0.9368431508781956,2,100.0,0.4051746817077278,7,138.0,0.3818996530007493,2,55.0,0.7168036849752993,26,470.0
2220.0,28,316.0,1.847953216374269,8.08746192678409,6,123.0,0.1712211480426587,0,0.0,0.1395045479551528,0,8.0,0.9454494118921826,1,12.0,0.5810540471515686,6,54.0,0.395426704401437,0,15.0,0.9648959977440856,4,117.0,0.32913940190765373,7,120.0,0.24520189361165393,1,51.0,0.6856629403704547,25,500.0
2225.0,38,332.0,1.9644970414201184,8.017281161464561,7,141.0,0.06861569609428383,1,4.0,2.9225346048428125e-05,0,4.0,0.9482263608938648,1,14.0,0.42708997139805716,5,47.0,0.3736249525445184,0,27.0,0.9821239196171679,2,22.0,0.45057880526219524,9,109.0,0.2920141195794538,5,29.0,0.5223379902559712,30,397.0
2230.0,29,321.0,1.8771929824561404,8.101069882032629,7,142.0,0.11562637669430817,0,0.0,0.2897107710119486,0,4.0,0.890840604117813,1,10.0,0.5953666849547771,1,34.0,0.4764814018519253,0,42.0,0.9656342841529955,0,104.0,0.43678661311386546,10,142.0,0.3334271372633921,4,31.0,0.44161853720198135,23,509.0
2235.0,20,186.0,1.0813953488372092,8.974518159818277,3,133.0,0.3665604545650952,0,0.0,0.8734444008140982,0,0.0,0.7805714640806806,1,17.0,0.779632637995637,2,10.0,0.5798649156872899,0,41.0,0.8705397046678396,1,34.0,0.3998478698766273,8,128.0,0.430550027530943,3,16.0,0.21354067528646806,18,379.0
2240.0,20,150.0,0.8823529411764706,9.042861061543809,3,59.0,0.4716536794200545,0,0.0,0.9931095365062367,3,12.0,0.7438044855901257,1,21.0,0.7466393444519525,2,24.0,0.5513742547707637,0,19.0,0.832925907187306,3,33.0,0.16820523730276607,1,96.0,0.49894084082524215,6,64.0,0.23782855745630632,19,328.0
2245.0,21,169.0,1.0368098159509203,8.765194499784537,3,54.0,0.406980891677998,1,1.0,0.004060006339547092,3,27.0,0.7126308320480097,1,12.0,0.6754042153520003,2,32.0,0.6210594293881292,0,20.0,0.9649716925633103,2,18.0,0.3502141547376274,4,43.0,0.4295092878185564,3,51.0,0.4481256728629917,19,258.0
2250.0,12,66.0,0.40993788819875776,8.98288913787339,4,42.0,0.44346099255591226,1,10.0,0.5125702490034504,1,7.0,0.5312468298010962,1,17.0,0.7966978180640376,0,20.0,0.86102611675786,0,24.0,0.9635571871331825,2,22.0,0.4356191887989923,2,27.0,0.2535681023114729,1,33.0,0.5739148673417106,12,202.0
2255.0,20,123.0,0.7454545454545455,9.657915553867962,5,62.0,0.3094297442258584,1,15.0,0.675981575659371,2,15.0,0.6962547405909612,1,15.0,0.7597218069866006,0,24.0,0.824403602661999,0,19.0,0.9377976986081269,1,33.0,0.6467184868425864,7,52.0,0.37200595722877433,1,17.0,0.71051141780446,18,252.0
2260.0,20,141.0,0.834319526627219,9.287808013563467,4,46.0,0.4106658104309357,0,4.0,0.7408670612856184,1,13.0,0.7320380940134444,0,4.0,0.7111128286383744,2,23.0,0.4993789780415951,0,26.0,0.952537957808056,1,38.0,0.6798748828584938,8,86.0,0.3972135213519751,1,15.0,0.6900680220375106,17,255.0
2265.0,22,177.0,1.047337278106509,8.609176218289429,3,44.0,0.3798709967427346,0,8.0,0.9180336509335246,0,4.0,0.9278849340040094,3,11.0,0.42324096160749386,4,31.0,0.46426613020197316,0,0.0,0.9496396917421634,1,17.0,0.4790783264156172,6,83.0,0.3303230182795829,2,23.0,0.2501985520514533,19,221.0
2270.0,19,143.0,0.8511904761904762,8.542254838842123,4,57.0,0.3647949236051369,0,8.0,0.9506173443452637,1,5.0,0.8446675974234468,4,33.0,0.40174280773508,0,28.0,0.46673342148849195,0,0.0,0.8526412967227098,1,2.0,0.5700032537060651,1,69.0,0.30717392117194975,4,55.0,0.24665921686640954,15,257.0
2275.0,24,161.0,0.9640718562874252,8.376970581521475,5,54.0,0.4530469306629058,0,8.0,0.9561134620179649,2,12.0,0.592470772515957,2,14.0,0.5961400389034626,1,19.0,0.46544760422486514,0,2.0,0.8840315480149008,0,5.0,0.7858032958494193,3,23.0,0.303668559243742,2,45.0,0.555176578511392,15,182.0
2280.0,16,128.0,0.757396449704142,8.672690639068934,1,48.0,0.3478284682681609,0,4.0,0.9359737058511642,2,11.0,0.6937256400313515,1,9.0,0.7954034333375262,1,8.0,0.5619563104254424,0,4.0,0.9263141008012458,1,6.0,0.6828669628890319,2,26.0,0.11946663861669927,0,19.0,0.8619803791436199,8,135.0
2285.0,22,184.0,1.1017964071856288,9.176111430576125,3,33.0,0.3605204681966817,0,4.0,0.9651734817135699,1,11.0,0.7092609888792617,2,16.0,0.5715201461976401,4,22.0,0.5063555935082047,0,2.0,0.9509587185050125,0,8.0,0.679575363533897,4,50.0,0.40129790401045207,1,6.0,0.7411214427168769,15,152.0
2290.0,36,234.0,1.4268292682926829,7.706823065418875,5,34.0,0.14128789587777071,0,0.0,1.0,4,20.0,0.2756462349599104,6,24.0,0.4728177563854708,6,56.0,0.38266313830527,0,0.0,0.9222289156736936,2,18.0,0.6477366712863375,4,70.0,0.5114442010026072,0,0.0,0.47842844482123115,27,222.0
2295.0,31,257.0,1.5575757575757576,7.76433174911546,5,49.0,0.27227852879521997,0,0.0,1.0,2,14.0,0.321929395662744,4,34.0,0.5208186988794954,6,63.0,0.3369345076077944,0,0.0,1.0,3,55.0,0.3805244292178338,4,67.0,0.46482044401459716,2,8.0,0.47923204622852306,26,290.0
2300.0,29,233.0,1.4036144578313252,7.786689917669656,6,81.0,0.3015199968951569,0,0.0,1.0,0,8.0,0.27340546629037377,6,65.0,0.3268470397117226,2,50.0,0.3377431140635893,0,0.0,0.9276599308986575,3,106.0,0.4992602583712588,4,80.0,0.38957064370218436,2,22.0,0.47075666849652564,23,412.0
2305.0,27,262.0,1.5411764705882354,7.910963932295328,5,85.0,0.5093185217965835,0,0.0,0.9309559567772193,1,12.0,0.5727777711483986,4,47.0,0.47570895686155334,2,36.0,0.3910534188125403,0,0.0,0.9275997410012542,1,75.0,0.5840848630699711,6,104.0,0.2286532217372853,0,5.0,0.6394304476312224,19,364.0
2310.0,21,206.0,1.2117647058823529,8.430895795668274,3,89.0,0.2753804338133524,0,3.0,0.9237087173270453,0,12.0,0.8493911683698965,0,26.0,0.6285452427705761,2,32.0,0.43688667011240306,0,1.0,0.9663263527164629,3,67.0,0.3032089171183755,5,69.0,0.30058617851262487,0,7.0,0.8703046961035672,13,306.0
2315.0,23,247.0,1.4702380952380953,8.522245098192585,6,84.0,0.26736372502507866,0,7.0,0.9213133893750542,0,8.0,0.8920371603300511,1,10.0,0.46540509142894293,3,34.0,0.39890177451546494,0,0.0,0.9253941665856409,1,32.0,0.0,2,35.0,0.5818076194488395,1,14.0,0.7756948879933925,14,224.0
2320.0,29,355.0,2.088235294117647,8.764722361316338,6,103.0,0.14751386727294022,0,7.0,0.9195349719647181,0,8.0,0.8806016682082869,3,12.0,0.44435554808818134,6,65.0,0.3801144867754757,0,0.0,0.9690872914917549,0,0.0,0.9477857200796826,2,28.0,0.6103614554838815,0,20.0,0.6431901421682615,17,243.0
2325.0,38,495.0,2.9819277108433737,8.627748162163043,9,146.0,0.23233058413372432,0,7.0,0.9211094375962121,0,12.0,0.8689849923417695,3,16.0,0.52337549119818,7,99.0,0.35051899460008834,0,21.0,0.9350903967338626,0,0.0,0.9743409532233689,1,19.0,0.677770939500038,4,33.0,0.5336617243916648,24,353.0
2330.0,42,664.0,4.15,7.778982975053216,11,196.0,0.21791146095330524,0,7.0,0.9392555850976726,0,12.0,0.869738694030403,3,28.0,0.49001844374396697,4,83.0,0.5556979497422225,0,21.0,0.8294633268228421,0,5.0,0.5368468392074367,2,27.0,0.3218432407873086,4,53.0,0.34555420598727027,24,432.0
2335.0,36,588.0,3.769230769230769,7.095302848839103,8,120.0,0.3503997364024929,0,7.0,0.9004359307322504,1,13.0,0.7474726606201494,4,56.0,0.30794445912648705,0,72.0,0.4779076942177851,0,0.0,0.9532854843826865,1,9.0,0.6773387591079638,4,47.0,0.1662126166929168,3,31.0,0.3956950287969967,21,355.0
2340.0,29,569.0,3.624203821656051,7.3555848788468134,4,78.0,0.36608450245074753,0,4.0,0.9574068670218732,1,9.0,0.5116713333388134,2,29.0,0.6336404927448482,0,14.0,0.35331636174304054,0,0.0,1.0,2,16.0,0.3330350134311886,5,75.0,0.40971780325437096,0,16.0,0.7437777550021409,14,241.0
2345.0,38,664.0,4.176100628930818,7.460684924208058,8,97.0,0.2693155251859398,0,0.0,1.0,5,30.0,0.4760180751425889,0,10.0,0.8522808167357224,1,21.0,0.32983610167815325,0,0.0,0.9737863764329617,1,6.0,0.42679632798061146,4,65.0,0.45095291731560927,1,28.0,0.7220705793463033,20,257.0
2350.0,40,752.0,4.6419753086419755,7.253852104016808,8,112.0,0.22712511166623056,0,0.0,1.0,4,47.0,0.48316654132415404,2,5.0,0.5935640436123946,3,33.0,0.332910846539956,0,2.0,0.716280729108388,0,7.0,0.4280543496184392,4,74.0,0.5294771635415508,1,33.0,0.5195614785007918,22,313.0
2355.0,41,556.0,3.411042944785276,7.189789403319456,5,113.0,0.17831472267692958,0,0.0,1.0,3,35.0,0.5567012071900983,1,9.0,0.4053995496691358,6,53.0,0.4057968770507004,0,0.0,0.7599110627434403,2,12.0,0.18903816818745245,6,96.0,0.39514840440836574,1,28.0,0.3375358339756636,24,346.0
2360.0,31,404.0,2.478527607361963,8.040103225578399,3,73.0,0.3138279202044192,0,0.0,0.8946422648122905,0,4.0,0.9187489293863516,3,8.0,0.36663572979644815,4,53.0,0.5300354280825383,0,1.0,0.9566023473348747,1,87.0,0.5897705407611269,5,67.0,0.41267808183165045,2,37.0,0.43530995304276743,18,330.0
2365.0,21,191.0,1.19375,8.094577410711883,4,68.0,0.4873744379057817,0,0.0,0.857679874657811,1,5.0,0.7456326822357924,4,35.0,0.2529824856676241,0,41.0,0.35932808120285786,0,1.0,0.9863043021574076,1,220.0,0.7721003719676874,1,29.0,0.3799179090377265,2,47.0,0.2367876288891159,13,446.0
2370.0,13,100.0,0.6289308176100629,8.473522961313822,2,37.0,0.3787051729141916,0,0.0,1.0,0,0.0,0.9489420701762808,1,18.0,0.8153539816293958,2,10.0,0.4159438984576008,0,0.0,0.8230939424535001,1,274.0,0.5938621944072726,2,15.0,0.45057950754879744,2,22.0,0.4850071848668676,10,376.0
2375.0,13,91.0,0.5652173913043478,9.139488480828811,4,48.0,0.30105104529023113,0,0.0,0.9907002229761193,0,4.0,0.9285686191361133,0,15.0,0.8878088852959254,1,9.0,0.6504024346943695,0,0.0,1.0,1,164.0,0.5373970822032639,2,15.0,0.3993732911165713,0,10.0,0.7740012483638784,8,265.0
2380.0,22,150.0,0.9259259259259259,8.873493828064094,4,72.0,0.30822230889849916,0,0.0,0.5543843502236885,0,0.0,0.8806042060412592,0,7.0,0.762886455859875,3,22.0,0.678980904727258,0,0.0,0.9173807320226242,3,119.0,0.3459193560549541,1,10.0,0.46871919601292344,0,0.0,0.7311841028716265,11,230.0
2385.0,21,166.0,1.0246913580246915,8.321272316786315,3,47.0,0.2958440781919844,1,2.0,0.06113136840388447,0,0.0,0.8626932701670026,1,9.0,0.393302213415161,3,33.0,0.6232154516934743,0,0.0,0.9860299424424993,5,74.0,0.2509797981459742,1,15.0,0.6274047612109853,0,0.0,0.8453541959002321,14,180.0
2390.0,25,222.0,1.3875,8.610655280144082,2,50.0,0.46001365202172256,0,0.0,0.5682568741473222,0,4.0,0.9001862104875998,3,23.0,0.366691263286498,4,38.0,0.5098134599997419,0,0.0,1.0,6,228.0,0.3272698016769312,1,25.0,0.6620011815510557,0,5.0,0.7253281999812937,16,373.0
2395.0,24,237.0,1.5,8.321184302878354,3,67.0,0.623405779892106,0,0.0,0.9906824803920697,0,4.0,0.8392512046220643,3,46.0,0.6013536427373293,2,34.0,0.226925260152969,0,0.0,1.0,7,249.0,0.40024862478623163,1,7.0,0.7812838381327937,1,10.0,0.5684598396596898,17,417.0
2400.0,18,176.0,1.0864197530864197,7.57565940511577,2,45.0,0.31768884258702507,0,0.0,1.0,0,4.0,0.9346829731016628,1,10.0,0.754994482983228,2,19.0,0.1541211728149535,0,0.0,1.0,3,183.0,0.2264310508036944,1,12.0,0.7133461443098724,1,10.0,0.6795451796277835,10,283.0
2405.0,14,84.0,0.525,8.086824974466996,2,18.0,0.4136498920962134,0,0.0,1.0,1,5.0,0.5979288673060956,1,11.0,0.6899808163995896,1,14.0,0.24910575105887936,0,0.0,0.9896410582579168,2,250.0,0.510747347971498,3,21.0,0.2946897293286821,0,4.0,0.6311110802230013,10,323.0
2410.0,22,170.0,1.0828025477707006,7.875992855442891,2,31.0,0.5392638407335265,0,0.0,0.9836411490077138,3,23.0,0.5092163343293246,3,25.0,0.6491866787887004,3,26.0,0.32142164195076905,0,0.0,0.9710884846620454,2,168.0,0.42688278644039596,3,20.0,0.4184004704220392,1,9.0,0.49685732273288574,17,302.0
2415.0,18,136.0,0.84472049689441,7.497130412009285,2,21.0,0.30582385465682227,0,0.0,0.8834318939955752,1,16.0,0.59835807855622,1,15.0,0.5347640347955096,6,53.0,0.38999646118096254,0,4.0,0.9830950924508612,2,217.0,0.311065315002541,2,23.0,0.469418764194879,0,0.0,0.9280350603313323,14,349.0
2420.0,31,240.0,1.4634146341463414,8.371588146744227,4,34.0,0.23629699755959502,0,0.0,0.939082782747886,1,10.0,0.7205709361653747,4,14.0,0.5191358103613735,6,65.0,0.32263693427230367,0,0.0,0.9794168077916954,4,203.0,0.4123844875441515,3,42.0,0.6054431420090025,0,19.0,0.9499000593664736,22,387.0
2425.0,31,312.0,1.9141104294478528,8.64527994966801,5,55.0,0.16745401911793742,0,0.0,0.9445422064370912,1,19.0,0.6633933076803084,5,40.0,0.29815715892587363,3,71.0,0.34632464333360746,0,0.0,1.0,4,76.0,0.41209910610520384,3,57.0,0.5146853486621231,1,20.0,0.705506611127981,22,338.0
2430.0,19,187.0,1.1402439024390243,8.287522084449282,4,66.0,0.1688699201303163,0,0.0,0.9705539149137907,0,0.0,0.9447551585738813,3,19.0,0.4452990885014139,2,41.0,0.34502035814406057,0,0.0,0.9509215287905358,2,99.0,0.29076237863769194,3,72.0,0.4948998553555018,1,23.0,0.6436474923928435,15,320.0
2435.0,15,70.0,0.4268292682926829,9.045751660208019,1,43.0,0.5500774738784353,0,0.0,0.908560006405927,0,0.0,0.9622757849063371,1,22.0,0.560830050484588,2,45.0,0.49662441041390676,0,0.0,0.947469254994614,1,82.0,0.378043524535996,3,32.0,0.1388998533799225,1,6.0,0.638927699044752,9,230.0
2440.0,19,125.0,0.7668711656441718,9.090620243447146,2,17.0,0.29673499086910843,1,3.0,0.6454547283227364,0,4.0,0.8416387362682367,0,18.0,0.6767408314938449,4,44.0,0.538598090897866,0,0.0,1.0,3,155.0,0.5398614013120127,4,56.0,0.366659299592425,1,11.0,0.5718974175762095,15,308.0
2445.0,23,199.0,1.2208588957055215,8.668971380429305,2,5.0,0.3822473410188139,1,8.0,0.6469601590405119,1,4.0,0.8469770633038192,0,17.0,0.7513007163521592,4,68.0,0.47942150499153585,0,0.0,1.0,4,174.0,0.3851445603151253,4,76.0,0.5310212178659834,2,22.0,0.5461712975640579,18,374.0
2450.0,13,169.0,1.0304878048780488,9.166722932251272,0,11.0,0.5239366354537147,1,13.0,0.4644440098446078,0,5.0,0.7940816669955093,0,11.0,0.7864768429502549,4,43.0,0.3674407193537757,0,4.0,0.7786707423578705,4,144.0,0.3916774505981935,2,54.0,0.6897240923539183,0,4.0,0.9525155674974582,11,289.0
2455.0,10,105.0,0.6687898089171974,9.645329962025441,1,10.0,0.6933607746576145,0,0.0,0.009640982981521891,3,13.0,0.6546704529518287,0,11.0,0.7553778168481923,2,47.0,0.33397790272154615,0,0.0,0.9954504177323766,0,104.0,0.5638996937428031,1,48.0,0.7248985490902761,0,4.0,0.8419756283339699,7,237.0
2460.0,16,168.0,1.0769230769230769,9.428075558716895,1,11.0,0.5162679577995758,1,5.0,6.601517680854655e-06,4,30.0,0.5672081735909263,4,14.0,0.6092806515997125,2,27.0,0.5870197218183525,0,0.0,0.9876201042950464,0,82.0,0.6072975988857608,1,53.0,0.6405445840553998,0,0.0,1.0,13,222.0
2465.0,22,155.0,0.9935897435897436,8.93726835015341,3,30.0,0.6274462461616966,1,10.0,0.0,2,21.0,0.74017134142013,4,34.0,0.6022503131476774,1,6.0,0.7907089991740971,0,0.0,0.9790722702629656,3,90.0,0.22074465009137517,4,13.0,0.4101146385410196,0,0.0,0.8708739703218243,18,204.0
2470.0,19,131.0,0.8675496688741722,8.487643072833142,3,43.0,0.3811866761410509,0,0.0,1.0,0,11.0,0.8927414071866124,2,27.0,0.45869217918924154,1,11.0,0.621007306039053,0,7.0,0.8996889242717022,6,187.0,0.34359441459948575,6,43.0,0.3183400088217091,0,4.0,0.8945750042783928,18,333.0
2475.0,29,205.0,1.3398692810457515,8.4153924086916,3,51.0,0.346308665713937,0,0.0,0.9331467181874404,2,10.0,0.7511470028231441,3,12.0,0.3473454722874707,4,22.0,0.36092651794818553,0,7.0,0.9568393165852209,8,170.0,0.3596997727187955,8,78.0,0.2483488005083394,0,8.0,0.8066232991313212,28,358.0
2480.0,25,226.0,1.4966887417218544,8.461788147541302,4,61.0,0.3264870986976708,0,0.0,0.9958897910746867,2,20.0,0.7601182698779921,3,26.0,0.16743569993107657,3,21.0,0.39202071174189157,0,11.0,0.9595867584781979,9,127.0,0.29257588987087807,3,38.0,0.6065125065979179,0,8.0,0.9437423705354394,24,312.0
2485.0,14,153.0,1.006578947368421,8.690078592877754,4,77.0,0.2822034366439451,0,0.0,0.5118818485075732,0,5.0,0.8474328555003113,3,22.0,0.47864688044081793,0,17.0,0.5354032261655269,0,11.0,0.9455432406226937,5,121.0,0.2865066259608656,1,24.0,0.5362096086614585,0,4.0,0.6323339344823496,13,281.0
2490.0,17,197.0,1.2960526315789473,9.726707419569763,3,85.0,0.5343266473737976,1,5.0,0.7149839616304576,1,10.0,0.8186148184006306,0,5.0,0.9323878381238306,0,16.0,0.6790841331928773,0,0.0,0.9810214292710934,6,88.0,0.31771562557951627,2,8.0,0.33437368135050405,2,5.0,0.4397864871632258,15,222.0
2495.0,15,178.0,1.1788079470198676,9.789875119760827,3,100.0,0.5040284293906082,1,10.0,0.6460548447943584,2,16.0,0.6661015404518931,0,1.0,0.8922507049441144,0,16.0,0.9486871931373905,0,0.0,1.0,4,44.0,0.2782873227624711,2,8.0,0.21073495475294343,2,10.0,0.6408829919004567,14,205.0
2500.0,16,164.0,1.1081081081081081,9.179903928229432,3,119.0,0.5395245190587421,2,1.0,0.472268044814517,0,4.0,0.9028437469413189,0,3.0,0.6454563849430451,0,16.0,0.657376363308448,0,0.0,1.0,4,36.0,0.2287581575419737,1,8.0,0.5775807511988212,3,23.0,0.44925431147524086,13,210.0
2505.0,25,185.0,1.2333333333333334,9.227267884036474,5,82.0,0.1719631101162378,0,0.0,0.6978649204666124,0,4.0,0.8676989192427058,1,8.0,0.7500350724446625,3,32.0,0.48365553613181067,0,0.0,0.8402992786313225,7,86.0,0.2046659011206568,1,13.0,0.7020941451627223,3,15.0,0.41209967361031397,20,240.0
2510.0,19,118.0,0.8027210884353742,9.169958107699543,2,52.0,0.3750129416092286,0,0.0,0.8803591878153256,0,4.0,0.7784706206093127,1,4.0,0.7520357052669815,4,25.0,0.5061973058423926,0,0.0,0.9741668030019083,4,83.0,0.11833652386384882,1,5.0,0.6164488582061948,3,24.0,0.3324712538223459,15,197.0
2515.0,17,140.0,0.9655172413793104,8.45760989397623,3,29.0,0.43375824996845935,0,0.0,0.5771166979639895,0,4.0,0.6052421706929451,2,20.0,0.54911423602885,2,19.0,0.4782543599957845,0,0.0,1.0,0,66.0,0.3271678946020135,1,6.0,0.627957434844497,3,38.0,0.5421920490343871,11,182.0
2520.0,26,199.0,1.3724137931034484,8.543167331301763,3,44.0,0.37930298093214165,2,8.0,0.3057836199898883,1,13.0,0.8184854820581656,4,55.0,0.556437655192945,2,19.0,0.4136007834304183,0,0.0,1.0,5,49.0,0.27230953472960145,1,5.0,0.8105007214200567,3,44.0,0.47683061496844287,21,237.0
2525.0,25,247.0,1.703448275862069,8.27171950767388,4,72.0,0.45308770002830867,2,18.0,0.2953727573180914,1,18.0,0.7496213894819199,2,37.0,0.5311369070346997,2,29.0,0.5351369490273199,0,0.0,1.0,4,53.0,0.26894176672238995,1,18.0,0.7520138585578049,6,73.0,0.3751575139168894,22,318.0
2530.0,21,175.0,1.232394366197183,8.01893152903424,3,71.0,0.5180403886557963,1,13.0,0.334619805260042,0,4.0,0.7234741321797595,1,31.0,0.5469482727263618,2,28.0,0.5893690355727462,0,0.0,1.0,4,49.0,0.39927748789650247,3,15.0,0.5350095047875787,7,93.0,0.00132386983824185,21,304.0
2535.0,26,222.0,1.5205479452054795,8.622310423869747,3,73.0,0.3832003601552106,0,0.0,0.7661473608627242,2,17.0,0.7237799956092712,3,20.0,0.2964268500798135,1,19.0,0.608219919907406,0,0.0,1.0,4,54.0,0.20292135727359178,5,37.0,0.4097295731331647,6,102.0,0.3163118160697841,24,322.0
2540.0,21,216.0,1.4896551724137932,8.792706214450485,4,89.0,0.33903044916216757,0,0.0,0.9631759310338862,2,23.0,0.5567786364373576,1,11.0,0.5764940036389345,2,14.0,0.5218502384302668,0,0.0,0.9327972764478438,4,43.0,0.1998027288879148,7,69.0,0.3480537239657963,1,59.0,0.6456188297096952,21,308.0
2545.0,19,162.0,1.1172413793103448,8.202567399830059,5,74.0,0.19477537211072027,0,0.0,0.6352384167800419,2,15.0,0.25110911071128916,0,0.0,0.8834700565583834,2,14.0,0.44234310566320856,0,0.0,0.9698872037743659,2,34.0,0.3862643510950464,6,69.0,0.4108711394886295,1,40.0,0.7122253921572944,18,246.0
2550.0,20,150.0,1.048951048951049,8.37272107881982,2,78.0,0.3183216909820652,2,8.0,0.4593629605569872,1,10.0,0.44147369669607966,1,3.0,0.5449008337857124,4,25.0,0.5490147370203075,0,0.0,1.0,3,26.0,0.3534136090457131,2,46.0,0.6073623653315524,4,50.0,0.32575789555030915,19,246.0
2555.0,22,232.0,1.6223776223776223,8.401449581099875,2,38.0,0.2968405237687482,3,21.0,0.39002407628173746,1,13.0,0.5681943984652271,2,14.0,0.6153149921843405,4,45.0,0.5500872854773373,0,0.0,0.8390433869228828,3,25.0,0.33956445854322737,2,50.0,0.7145095806579025,5,74.0,0.15219718931442186,22,280.0
2560.0,25,226.0,1.6028368794326242,8.261764668910864,3,30.0,0.26913505257783793,2,21.0,0.47656238515628946,0,0.0,0.771545158912328,0,2.0,0.7803683808601412,4,48.0,0.5549907997116467,0,6.0,0.9407825091587597,3,28.0,0.42036372352276724,3,31.0,0.3714125169950166,6,103.0,0.21985980096405572,21,269.0
2565.0,18,186.0,1.282758620689655,9.14270640154828,7,63.0,0.32355769986570143,0,9.0,0.5220841734061631,0,4.0,0.7611448913133694,0,4.0,0.6727403764867749,1,34.0,0.5194139752255399,0,7.0,0.9249298136606031,2,35.0,0.5012457881784633,1,13.0,0.6177572963052879,5,119.0,0.38179766738845655,16,288.0
2570.0,20,194.0,1.3472222222222223,8.882869211735368,7,98.0,0.21819261488876648,0,0.0,0.9812929367498371,0,4.0,0.9264965912434108,0,5.0,0.7841329401241752,3,33.0,0.3620946981523019,0,2.0,0.9726804103963946,1,29.0,0.33223916412758353,3,20.0,0.3450741027980714,3,81.0,0.536770846531815,17,272.0
2575.0,23,205.0,1.4137931034482758,8.596485719249646,5,78.0,0.31241843679593784,0,0.0,0.7345040539317349,0,4.0,0.9611113884197623,0,4.0,0.8972246575675324,5,41.0,0.33310035734438626,0,0.0,0.9901843920057114,2,27.0,0.3188603227709402,2,14.0,0.45564080661438844,4,105.0,0.538505389689766,18,273.0
2580.0,18,220.0,1.4864864864864864,9.113026030531087,5,97.0,0.2553415141773581,1,5.0,0.4555721153048107,0,5.0,0.9571472155300544,1,5.0,0.7885908823568376,2,41.0,0.3455202251814928,0,0.0,0.9085227991171616,2,30.0,0.3227441406449921,2,18.0,0.5183988719035607,3,104.0,0.4730712409739513,16,305.0
2585.0,21,266.0,1.7852348993288591,9.219820399875063,6,124.0,0.19874378215059055,0,0.0,0.6756788497293367,0,5.0,0.712273541066329,2,13.0,0.6672487140289418,2,43.0,0.5373892847542961,0,6.0,0.9644888223164667,0,33.0,0.5524591360576921,2,23.0,0.5593167122917452,7,129.0,0.12559791082923985,19,376.0
2590.0,26,302.0,2.0827586206896553,8.671089781578173,7,108.0,0.23074189888015856,1,3.0,0.4370506305993716,1,5.0,0.7169735935962365,3,12.0,0.6322850439976028,3,28.0,0.532645122665298,0,6.0,0.9323279529307072,1,36.0,0.6089889519029429,1,10.0,0.6351795399789689,7,164.0,1.989900643057458e-06,24,372.0
2595.0,26,276.0,1.8904109589041096,8.667176444344495,5,107.0,0.29112622053045134,1,8.0,0.6594159973302197,0,12.0,0.8138780847466309,3,16.0,0.4476247580369368,4,27.0,0.5408810932556395,0,0.0,1.0,1,42.0,0.421390929049877,2,19.0,0.5565925680965015,5,166.0,0.0,21,397.0
2600.0,29,357.0,2.4791666666666665,8.531091389992161,5,74.0,0.27916126173869216,0,0.0,0.9594362162328156,1,13.0,0.7526458842655013,6,39.0,0.21510529461770916,6,55.0,0.44139108604785265,0,1.0,0.9558145630325259,3,55.0,0.37845586839673484,3,35.0,0.38821062366202175,3,158.0,0.42204653372058437,27,430.0
2605.0,27,376.0,2.647887323943662,7.670923250541192,6,73.0,0.03424287205828538,0,4.0,0.9250433303115883,1,5.0,0.7162560319499609,7,74.0,0.09850776347171451,5,59.0,0.4929171718621544,0,6.0,0.98494461645032,1,8.0,0.29280032911497644,3,29.0,0.5014794177435342,3,168.0,0.39623693812781313,26,426.0
2610.0,17,213.0,1.5214285714285714,8.706143576743894,4,75.0,0.2243536319199448,0,4.0,0.9620109657344403,1,14.0,0.7417940817831389,4,53.0,0.2823577343265992,0,53.0,0.5031322055570834,0,6.0,0.9968362953546633,2,22.0,0.6067221228683165,2,15.0,0.6061865153639543,2,82.0,0.315952817138132,15,324.0
2615.0,14,143.0,1.0070422535211268,8.97105310834145,4,80.0,0.2476341187160799,0,4.0,0.9540137370581531,1,19.0,0.6645352007431883,2,14.0,0.5732759868532733,1,16.0,0.44173570276280066,0,0.0,1.0,2,26.0,0.38930210799964,3,25.0,0.6439340491200122,0,4.0,0.6343851433381341,13,188.0
2620.0,21,175.0,1.1986301369863013,8.988669752608343,4,76.0,0.19073250952753948,0,4.0,0.9210045818226654,1,3.0,0.8055181571868492,4,27.0,0.5252085120355083,1,15.0,0.5830225169574934,0,0.0,0.9724095443174958,4,49.0,0.3772742839484071,2,6.0,0.44902609081558226,1,10.0,0.4875465317527905,17,190.0
2625.0,19,152.0,1.0133333333333334,9.083789552525753,1,59.0,0.5960968203116435,1,5.0,0.6105161809975385,0,0.0,0.9398580536546357,2,23.0,0.6401526722465574,2,24.0,0.5844095035839685,0,0.0,0.9960351256525041,2,22.0,0.4717998114281646,5,24.0,0.32727105850204263,1,13.0,0.7677795974430506,14,170.0
2630.0,22,203.0,1.3533333333333333,8.398648485140596,2,55.0,0.41733082398514393,0,4.0,0.8663308069383033,0,0.0,0.9469019428152136,3,17.0,0.44000185839146067,4,42.0,0.45140716216550775,0,0.0,0.9846568285750136,1,28.0,0.5122997750584851,7,59.0,0.24506669021537045,0,8.0,0.659607844475189,17,213.0
2635.0,32,239.0,1.5827814569536425,8.014752440107268,3,17.0,0.4393810789536827,2,9.0,0.003610388512548958,0,4.0,0.9470884185338343,7,40.0,0.2524309913364851,5,46.0,0.3545158285520186,0,12.0,0.9509703144131805,3,48.0,0.6118427945340748,4,47.0,0.3933923632904319,2,16.0,0.6901953137414785,26,239.0
2640.0,28,210.0,1.390728476821192,7.694154699553257,4,37.0,0.3431000784240006,2,19.0,7.783610427776379e-06,0,8.0,0.941384060332923,6,46.0,0.20882742983680144,2,35.0,0.3830992657856731,0,12.0,0.9151810562737174,0,23.0,0.47335835261254605,4,56.0,0.4204935191322552,1,3.0,0.24698674119087044,19,239.0
2645.0,24,254.0,1.7046979865771812,8.563442114387453,6,67.0,0.3366586734471331,1,12.0,0.0,0,4.0,0.9130316727387918,0,17.0,0.747389648082396,3,31.0,0.46873553477964225,0,0.0,0.8760703991343927,2,12.0,0.34021756830514743,4,60.0,0.49697728717596706,2,13.0,0.5661597231765254,18,216.0
2650.0,17,184.0,1.2026143790849673,9.1124892231507,5,114.0,0.35888605719534894,0,0.0,0.8508656993686468,0,4.0,0.8207941972966668,0,5.0,0.9057851809115864,0,8.0,0.8815810041732011,0,0.0,1.0,3,29.0,0.4256625051263377,0,18.0,0.6861809764104428,3,22.0,0.3611651289110876,11,200.0
2655.0,11,68.0,0.4444444444444444,9.254006778727323,3,90.0,0.3399409840835129,0,0.0,0.9566279298329178,1,9.0,0.7693963925275561,1,10.0,0.6919406484414408,0,8.0,0.7679242446559224,0,23.0,0.8015919237685679,1,3.0,0.6308755265718319,1,14.0,0.5425969280580241,1,19.0,0.622042105869424,8,176.0
2660.0,14,109.0,0.6987179487179487,9.085676757891878,4,70.0,0.20912163482090274,0,4.0,0.9515084578153494,1,14.0,0.6842197332005038,2,20.0,0.7417026787759555,2,15.0,0.44418009833436706,0,0.0,0.8367395656421003,1,6.0,0.6049065208951117,1,19.0,0.45805682471771947,0,19.0,0.6861820594310162,11,167.0
2665.0,23,141.0,0.8924050632911392,8.31966332987302,5,68.0,0.19614603047983414,0,4.0,0.9590601176208183,2,10.0,0.6468233754419114,1,10.0,0.5103706389928264,4,30.0,0.4200781891725188,0,0.0,1.0,3,27.0,0.43139471453942047,2,14.0,0.6380758828085645,1,6.0,0.7366786658741639,18,169.0
2670.0,15,83.0,0.5460526315789473,8.814557462660778,2,57.0,0.4906566467518838,0,4.0,0.9458174801129186,0,7.0,0.7968296443535324,5,23.0,0.4404047703885425,3,28.0,0.5285867316811417,0,0.0,1.0,1,33.0,0.31892959281638444,0,4.0,0.8534645637370151,0,0.0,0.8419597006276348,11,156.0
2675.0,19,134.0,0.8874172185430463,8.615783864558505,2,32.0,0.3993325435879219,0,4.0,0.9407971084119534,0,0.0,0.7727054606675254,7,57.0,0.26444749047801025,0,17.0,0.6228028099204104,0,0.0,0.9682743865485838,3,37.0,0.34148104394951384,1,1.0,0.7323850121812163,1,1.0,0.526306658413486,14,149.0
2680.0,23,146.0,0.9605263157894737,8.06063568684191,5,24.0,0.0014026728663046406,0,4.0,0.9061462473964704,0,0.0,0.9299676784427493,3,29.0,0.4389937491083435,1,4.0,0.6666175817889334,0,1.0,0.8346746827259687,4,66.0,0.3300991207768462,0,0.0,0.4783110699852796,2,11.0,0.23351286216889058,15,139.0
2685.0,25,177.0,1.1721854304635762,8.504687416537063,4,44.0,0.41490789701543845,0,4.0,0.9852549945686994,0,0.0,0.9386109092358603,4,34.0,0.5590455192721727,0,7.0,0.9734233808954864,0,0.0,0.8969103371437837,7,80.0,0.10705794855241661,2,8.0,0.3609503271717457,0,9.0,0.9597217175350785,17,186.0
2690.0,29,264.0,1.6815286624203822,8.108532878662091,5,67.0,0.2867650687375553,0,8.0,0.671179899551184,0,4.0,0.8969743073242018,5,38.0,0.5559124499565408,0,7.0,0.6928496807197856,0,0.0,0.8529610696862762,5,62.0,0.14312412310632944,3,18.0,0.5080472399136376,0,36.0,0.8595101803713117,18,240.0
2695.0,23,195.0,1.2037037037037037,7.862084405056858,4,39.0,0.4789654255663875,2,17.0,0.47456443689580957,0,4.0,0.8925958271423351,3,34.0,0.4800599563974032,2,10.0,0.4768085995584957,0,0.0,0.8781219110358687,1,39.0,0.5093274188862128,0,4.0,0.77848152296251,1,43.0,0.7847614634188079,13,190.0
2700.0,17,102.0,0.6219512195121951,8.537689861624436,0,30.0,0.391511884873686,2,27.0,0.31237284252068537,1,9.0,0.8072446600097843,2,71.0,0.5879691878834127,0,8.0,0.580618713893789,0,0.0,0.8928085168189247,2,33.0,0.5703232213199104,2,8.0,0.3804983386707793,2,24.0,0.45098049962362535,11,210.0
2705.0,27,176.0,1.0864197530864197,8.17978086939474,2,12.0,0.42488966011842183,0,8.0,0.9161594261887618,2,15.0,0.5983688767138939,4,91.0,0.4163402201682391,1,12.0,0.7650199969727142,0,0.0,0.9595364754240451,1,13.0,0.6453478071210351,4,26.0,0.3027376941067995,3,42.0,0.3166066565591814,17,219.0
2710.0,29,260.0,1.5568862275449102,8.139855630046869,3,31.0,0.4862828342340509,0,8.0,0.9296576279717184,2,15.0,0.7154421754196103,4,93.0,0.38531092451502685,1,13.0,0.7517866970820665,0,0.0,0.9066580118867275,1,23.0,0.394067378776777,3,23.0,0.3606485362919097,6,68.0,0.23685357748742095,20,274.0
2715.0,23,255.0,1.536144578313253,8.330412275431444,3,34.0,0.43173218253769763,0,4.0,0.9605431223022064,0,8.0,0.9379895504767177,2,96.0,0.3753352094329384,0,8.0,0.5328646998873223,0,1.0,0.9147182910173616,4,41.0,0.5052928700827078,1,19.0,0.6701203234076891,3,42.0,0.3178473643027085,13,253.0
2720.0,13,115.0,0.7012195121951219,8.718274227187733,3,30.0,0.3724590629350452,0,8.0,0.9562403683295084,0,4.0,0.8490961342497392,0,86.0,0.4341522722345104,1,18.0,0.4527092142976371,0,1.0,0.9838742808074578,3,87.0,0.4754925724983426,1,20.0,0.6269766081051974,0,19.0,0.6588198275200522,8,273.0
2725.0,16,130.0,0.8125,8.893131308312052,5,41.0,0.36311307367705653,0,12.0,0.9225608328359559,0,0.0,0.6691939122447768,1,58.0,0.4331430454416528,3,33.0,0.591496232249182,0,4.0,0.931767907892065,2,113.0,0.43310016575896737,1,6.0,0.4876803728568569,1,8.0,0.5733223637704913,13,275.0
2730.0,24,176.0,1.0797546012269938,8.70539595820436,6,52.0,0.18226182060885696,0,12.0,0.8036258981515911,2,9.0,0.6986765247972105,3,67.0,0.37013539502625714,2,29.0,0.4930931376393984,0,0.0,0.9865310086779171,4,139.0,0.4219364910509421,2,12.0,0.7147592908549059,2,2.0,0.6485009865995776,21,322.0
2735.0,27,223.0,1.39375,8.294455195550597,5,52.0,0.19089309440467675,1,17.0,0.6776001693265715,2,19.0,0.5224741928286724,5,90.0,0.36140440279377206,1,20.0,0.5225767881962359,0,0.0,1.0,3,112.0,0.402576434558298,2,22.0,0.6629036465316577,2,16.0,0.6143189587856633,21,348.0
2740.0,32,331.0,2.0559006211180124,8.061899516843535,5,63.0,0.37716279806179576,0,8.0,0.9456083025902656,4,40.0,0.3657114668402736,6,125.0,0.40899414477132806,3,22.0,0.5061071604915319,0,0.0,0.9966879081702488,2,122.0,0.21099637580240926,0,0.0,0.6671264105313486,3,28.0,0.36268334061314295,23,408.0
2745.0,39,388.0,2.3233532934131738,7.870694833722035,4,48.0,0.40634935001401634,0,8.0,0.9695574597730588,3,36.0,0.46845374030677184,7,88.0,0.47082702651503583,0,4.0,0.4762341753338715,0,0.0,1.0,6,73.0,0.30326208530609966,2,7.0,0.6575186829791941,2,7.0,0.6214915870631857,24,271.0
2750.0,22,233.0,1.3952095808383234,8.75473932228457,1,41.0,0.5004582905784105,0,4.0,0.8939524972460053,0,21.0,0.6249800397953462,2,97.0,0.47770952232215425,2,12.0,0.6166987414906641,0,15.0,0.9189902664945638,3,70.0,0.3887639552139343,2,18.0,0.707331137907232,1,7.0,0.6630952341803368,11,285.0
2755.0,19,185.0,1.121212121212121,9.01753716986455,1,18.0,0.6697795335521263,1,7.0,0.4846301777873919,0,0.0,0.9270764698037214,2,63.0,0.4819245565921004,2,22.0,0.5975157560969371,0,15.0,0.9170380498716624,0,72.0,0.578080560621216,1,22.0,0.6130067048539716,2,18.0,0.4887366732302076,9,237.0
2760.0,23,261.0,1.562874251497006,8.727302903250298,2,18.0,0.45655013562963415,0,4.0,0.8539043506734301,0,8.0,0.9357041168497342,3,46.0,0.4303155828501169,3,29.0,0.5352585439588321,0,0.0,1.0,2,65.0,0.3974690474691364,3,35.0,0.5285157415920761,2,31.0,0.6243049598587515,15,236.0
2765.0,23,254.0,1.5029585798816567,8.485025743934125,5,37.0,0.3400281108947686,0,4.0,0.9349553178517626,0,8.0,0.8279775125226067,5,45.0,0.2999695940916879,1,22.0,0.5083819584605126,0,0.0,1.0,1,31.0,0.37329356764186,4,50.0,0.4079438763367472,1,9.0,0.6924283681193169,17,206.0
2770.0,27,289.0,1.7305389221556886,8.798672196174255,7,50.0,0.3092461418383456,0,4.0,0.9775722752056053,1,6.0,0.6359970216928265,5,57.0,0.4440441891794296,2,22.0,0.5840330095816595,0,0.0,0.9792351363540395,1,45.0,0.5960771194731358,3,54.0,0.45639670674298843,0,3.0,0.7142192715082433,19,241.0
2775.0,30,336.0,2.074074074074074,8.133554237556934,10,78.0,0.27532122056318287,0,4.0,0.4595315407120302,0,0.0,0.9491140140012458,7,80.0,0.4074129520512758,0,8.0,0.6716359595333994,0,0.0,0.6348784916935429,3,88.0,0.4548787477195145,2,54.0,0.5796180592758715,1,6.0,0.6550015233837766,23,318.0
2780.0,34,364.0,2.3037974683544302,7.6198430943031665,13,161.0,0.19520410260375382,1,9.0,0.4410938928310698,0,0.0,0.9264821991462933,7,93.0,0.4212998451094119,2,12.0,0.5738403829707726,0,0.0,1.0,2,85.0,0.486532758517307,2,60.0,0.6652312519377197,1,15.0,0.6982315026965638,28,435.0
2785.0,30,229.0,1.43125,7.7468427375752595,15,205.0,0.22287069128666745,1,10.0,0.0,0,0.0,0.9670695078668222,3,97.0,0.4158010938082723,4,31.0,0.5913461045299162,0,0.0,1.0,1,135.0,0.49952710723879507,3,8.0,0.3563220734803826,0,4.0,0.7364977249920843,27,490.0
2790.0,31,200.0,1.2345679012345678,7.740406761420305,12,217.0,0.2484910955884415,0,0.0,1.0,0,0.0,0.9465480083918647,0,63.0,0.6189106616459192,4,45.0,0.5124926170308743,0,0.0,1.0,2,167.0,0.5043996518135224,7,32.0,0.10960941179728875,1,10.0,0.8209662187569967,26,534.0
2795.0,30,273.0,1.6956521739130435,7.731493922851249,11,226.0,0.2657956361327794,0,0.0,0.9327488107452662,0,0.0,0.9007353548547865,0,39.0,0.6120117033236457,2,31.0,0.45346290722209853,0,0.0,1.0,2,57.0,0.3333055987135962,6,57.0,0.17609454242843894,2,16.0,0.5945893294628621,23,426.0
2800.0,23,236.0,1.475,7.99929533907248,8,219.0,0.2804843312383407,0,0.0,0.9466017884746935,1,2.0,0.5075374868693101,1,12.0,0.7554696231588994,5,32.0,0.2646628713117425,0,0.0,0.9741432471410355,0,55.0,0.5345432972938795,3,33.0,0.23141547946332053,0,8.0,0.7847396321384082,18,361.0
2805.0,20,169.0,1.0628930817610063,8.162231637037147,8,226.0,0.20397703119438618,0,4.0,0.5915694776047313,0,4.0,0.816320355516352,1,12.0,0.7815936731097873,2,34.0,0.2460781398262936,0,0.0,1.0,0,43.0,0.6591047893663016,3,20.0,0.32014923745068585,0,22.0,0.8182231118942539,14,365.0
2810.0,32,228.0,1.3902439024390243,8.344470693255163,12,223.0,0.13046416925143625,1,8.0,0.4967421608553999,0,4.0,0.9051288905038873,3,29.0,0.4646602151592851,4,42.0,0.4998641926514535,0,0.0,1.0,1,33.0,0.6208338724199602,2,12.0,0.6728035610819821,2,21.0,0.6825030015007932,25,372.0
2815.0,27,266.0,1.6419753086419753,8.126891577729664,11,255.0,0.16346688471040202,1,13.0,0.47755260726868154,0,4.0,0.8637842205550115,6,48.0,0.39661433107908506,4,52.0,0.5777766214876134,0,0.0,0.8853140602111204,2,97.0,0.41403629612041776,1,6.0,0.8314653256381604,0,10.0,0.4474203687231888,25,485.0
2820.0,25,243.0,1.5,7.79764385406682,10,276.0,0.11681055874604424,0,8.0,0.9827668889166384,1,10.0,0.8376780578157647,1,15.0,0.5015171935084668,3,61.0,0.3590723501326012,0,0.0,0.9109932289276799,3,104.0,0.4312419252289177,2,12.0,0.564837757130887,2,17.0,0.39751698191178253,22,503.0
2825.0,28,301.0,1.88125,7.91646036598689,11,244.0,0.25344957872624246,0,12.0,0.9141427067738129,1,13.0,0.8598059412444691,0,4.0,0.7976846711837267,0,41.0,0.4658163442157866,0,14.0,0.8523501550109185,4,124.0,0.3163825385309897,5,28.0,0.3361056555574084,4,35.0,0.4728916869005516,25,515.0
2830.0,26,324.0,2.012422360248447,8.307317135119268,10,250.0,0.2783224261099634,0,12.0,0.9668416387688152,1,14.0,0.8055170440148522,0,5.0,0.8677911119482845,0,17.0,0.7809274682911472,0,14.0,0.9457892036763642,4,106.0,0.41422111885751317,4,38.0,0.3842605690630357,3,60.0,0.35932575973855807,22,516.0
2835.0,19,233.0,1.4654088050314464,8.592593534554862,7,236.0,0.2454210901518467,0,8.0,0.9385484439920763,2,21.0,0.7582488052445769,0,2.0,0.9102826634185524,0,4.0,0.6539950552817374,0,0.0,0.9807650410491731,0,26.0,0.5734658408280396,3,51.0,0.6195978839521397,3,46.0,0.41569500488197847,15,394.0
2840.0,20,242.0,1.5220125786163523,9.180930375259178,9,225.0,0.2999690872917028,0,8.0,0.9273858314607876,0,8.0,0.8779246440460927,1,5.0,0.8114561387488228,1,12.0,0.6874247718951919,0,0.0,0.8361288653997178,0,82.0,0.4635794225963324,3,62.0,0.6710470124934985,3,64.0,0.6104991265062522,17,466.0
2845.0,25,302.0,1.8641975308641976,9.038598338519908,11,255.0,0.14382095220561425,0,8.0,0.7082441219923655,2,12.0,0.7203867032549348,1,9.0,0.7506246596786166,1,17.0,0.8010080954318085,0,0.0,0.9628076272813888,1,72.0,0.4684428863802097,4,69.0,0.6212735350737004,2,72.0,0.7220104467606546,22,514.0
2850.0,26,336.0,2.140127388535032,8.285127821871292,10,295.0,0.2683064836148856,0,8.0,0.6566817287242412,3,31.0,0.7006080110590884,1,18.0,0.5676119644416304,0,7.0,0.689543736031697,0,0.0,1.0,2,12.0,0.5842130192941359,6,62.0,0.29164310804417864,1,66.0,0.7097427112685151,23,499.0
2855.0,34,458.0,2.880503144654088,7.781197840041372,11,310.0,0.2218021533200689,1,9.0,0.6354913162597153,2,25.0,0.6385773181413452,1,28.0,0.6319853661846586,2,4.0,0.4635379114772474,0,0.0,0.9641983447042166,0,0.0,0.60280520839994,11,113.0,0.16778937462090804,3,30.0,0.46989468220873515,31,519.0
2860.0,39,583.0,3.64375,7.928742441745085,13,330.0,0.16683664357078562,1,14.0,0.6998332319577732,3,19.0,0.6790237256477897,1,33.0,0.7488376636309956,3,17.0,0.5463235926166732,0,0.0,0.9413702554618536,1,24.0,0.5935057949799997,10,159.0,0.2502904537136231,5,48.0,0.42279421394812194,37,644.0
2865.0,35,559.0,3.3878787878787877,8.00868260033413,11,366.0,0.22213342556099547,0,0.0,0.89391579971886,3,29.0,0.5547097688859651,1,12.0,0.5889589964881553,1,8.0,0.6748618970904237,0,0.0,1.0,2,35.0,0.744191308431604,8,148.0,0.3526776078461941,4,32.0,0.39497780880821864,30,630.0
2870.0,29,545.0,3.283132530120482,7.8190858657880025,13,378.0,0.20793112457272867,0,4.0,0.8239465062648553,2,19.0,0.6346179928012325,3,28.0,0.42475730973863324,1,11.0,0.5000402912039472,0,0.0,1.0,1,76.0,0.44123526757668063,4,142.0,0.48351829319697937,3,22.0,0.38733008743264397,27,680.0
2875.0,38,605.0,3.6666666666666665,7.537480962128606,11,342.0,0.21463629804121806,0,4.0,0.8597753941419718,2,13.0,0.7292720097501764,5,49.0,0.43403270392818355,3,29.0,0.5555896367872878,0,0.0,1.0,5,88.0,0.335503182670788,5,133.0,0.4501061513662729,4,29.0,0.3769271940347927,35,687.0
2880.0,33,316.0,1.915151515151515,8.098753692212737,8,236.0,0.16212352314041142,0,4.0,0.8777755485616423,3,24.0,0.5909709576465882,2,26.0,0.4023942971268435,3,31.0,0.6529922559402905,0,0.0,1.0,5,111.0,0.2211427509718526,3,47.0,0.40278312432526625,5,24.0,0.3734174112966593,29,503.0
2885.0,25,254.0,1.5301204819277108,8.880244629113692,10,189.0,0.18272359190209067,0,7.0,0.6288426068601474,1,5.0,0.7544477433070854,0,5.0,0.8027653045681827,1,20.0,0.5548324222202127,0,4.0,0.9643369603909099,2,49.0,0.5348307824218121,5,35.0,0.34922292282583905,2,12.0,0.5774039383324763,21,326.0
2890.0,27,272.0,1.6484848484848484,9.241162968527094,11,210.0,0.17713727291627876,2,15.0,0.6675248729409111,1,1.0,0.6853480985755186,0,5.0,0.9197358485840225,2,24.0,0.5832069639214663,0,0.0,0.991257566521727,1,44.0,0.6200312442781578,6,58.0,0.1770502195696778,2,24.0,0.5367349856627113,25,381.0
2895.0,22,170.0,1.0303030303030303,8.856812039658973,8,267.0,0.2102347727380307,1,11.0,0.7187794809446139,1,6.0,0.6795928624347435,0,1.0,0.8016752550898408,2,20.0,0.45712578869922665,0,0.0,0.8849782384194814,1,12.0,0.39587659567824635,5,62.0,0.35651543082742587,2,7.0,0.5858556537073981,20,386.0
2900.0,25,166.0,1.0440251572327044,9.223581767414283,7,235.0,0.33058638199073004,0,7.0,0.884001568146757,0,0.0,0.9324781110140281,1,6.0,0.8222249319204636,5,28.0,0.4222801160882641,0,0.0,0.9644391624756192,4,29.0,0.3150679288601683,2,46.0,0.574370691552504,2,21.0,0.5876162177334735,21,372.0
2905.0,28,233.0,1.420731707317073,8.173765398935853,8,222.0,0.3050456420786397,0,7.0,0.9277457229130832,0,0.0,0.600409858792,1,9.0,0.5584959182527695,7,67.0,0.30018014391496906,0,0.0,0.9929520004464174,3,27.0,0.3046549435577508,2,39.0,0.5382435064359141,3,30.0,0.4653363566478004,24,401.0
2910.0,25,185.0,1.1349693251533743,7.893442192849429,7,174.0,0.22662437348974213,0,7.0,0.9094201637356987,1,5.0,0.509053232005833,3,22.0,0.5305130989333297,5,61.0,0.3543969918944008,0,0.0,0.8259348728606619,2,30.0,0.46383898300214826,2,4.0,0.5077242056727818,2,15.0,0.4993760338925051,22,318.0
2915.0,27,237.0,1.4539877300613497,8.429522371808641,9,181.0,0.2026132662842214,0,13.0,0.8774180683111019,0,1.0,0.9241963807654684,5,47.0,0.39832939864623085,1,42.0,0.4919346994462858,0,0.0,0.7984933131196252,3,41.0,0.5302699340700252,4,17.0,0.23478269367912172,1,14.0,0.7508194598559396,23,356.0
2920.0,30,288.0,1.7349397590361446,8.115933168407011,13,213.0,0.06128986051926938,1,15.0,0.5811687713746327,0,1.0,0.8763334010553848,3,31.0,0.45084273369773253,0,22.0,0.520339404403983,0,1.0,0.9910262714026701,0,4.0,0.6326336930089325,5,38.0,0.3140981301217541,1,13.0,0.7301909460161957,23,338.0
2925.0,25,257.0,1.5207100591715976,8.295310296740286,10,248.0,0.19969469554640898,2,18.0,0.6910304636446435,1,7.0,0.7700313950251443,0,33.0,0.7342597804582589,1,20.0,0.55362522283153,0,0.0,0.9492944018055134,1,6.0,0.5768677900137874,3,33.0,0.44423333706922297,1,9.0,0.5721205724226771,19,374.0
2930.0,25,297.0,1.757396449704142,8.360218660892873,8,212.0,0.26111484817981556,1,12.0,0.6905789606519875,1,12.0,0.7362150722415817,0,59.0,0.7697599890315967,4,40.0,0.38391430820624095,0,0.0,0.9537783595884408,2,23.0,0.476536973521209,4,56.0,0.4430991493438207,1,9.0,0.5565528296582363,21,423.0
2935.0,28,309.0,1.8070175438596492,8.061645767589898,9,193.0,0.2594382643407428,2,18.0,0.5416210611451014,1,9.0,0.8468605305160998,1,66.0,0.785109259408265,5,62.0,0.48534549286485146,0,0.0,0.7579187161610085,1,3.0,0.34320999470019214,3,44.0,0.3510374535761504,2,18.0,0.49090579051533895,24,413.0
2940.0,27,278.0,1.6162790697674418,8.496218887023902,9,188.0,0.24890107329232686,3,22.0,0.44718460407022453,0,5.0,0.8210205310240698,1,35.0,0.4871009757079677,5,68.0,0.42952153935987025,0,0.0,0.9436218700288125,0,0.0,0.6522723771522009,2,22.0,0.2898357491225724,3,31.0,0.3665586436424152,23,371.0
2945.0,28,277.0,1.6294117647058823,8.602469422046502,13,214.0,0.15923019043536196,2,19.0,0.3412428117770466,1,13.0,0.6480498034875966,3,60.0,0.5106118783725642,2,63.0,0.4013136964968371,0,0.0,0.9793386818692053,0,4.0,0.947776485826426,2,14.0,0.1855868196137004,0,4.0,0.9641502637309616,23,391.0
2950.0,28,273.0,1.6153846153846154,8.606637824033962,14,243.0,0.17797419784609284,3,31.0,0.5134765321808551,1,22.0,0.7314075784555764,3,63.0,0.5689404541525631,2,27.0,0.4453827564382105,0,0.0,0.9308058132866551,0,5.0,0.6924868693309489,2,20.0,0.5673980283856916,1,9.0,0.5299025589688505,26,420.0
2955.0,24,229.0,1.3160919540229885,8.884398292519041,10,274.0,0.10406540408677231,3,42.0,0.42701083646179655,0,8.0,0.8006598603890656,4,81.0,0.4812174468516525,2,22.0,0.4519720597012665,0,0.0,0.9184131733673117,0,1.0,0.6568209265315282,0,4.0,0.9531128743513186,2,19.0,0.6315508797345005,21,451.0
2960.0,32,314.0,1.8150289017341041,8.66236587490042,12,260.0,0.0770546321499555,2,19.0,0.6339198642597634,1,9.0,0.6435724418098594,6,76.0,0.43754784689751586,3,22.0,0.48029744606213687,0,33.0,0.9940451210331821,1,3.0,0.6722324867275302,0,4.0,0.9742502769871262,1,11.0,0.8183207111933803,26,437.0
2965.0,28,326.0,1.8953488372093024,7.972602670266129,12,278.0,0.06275228155293823,0,11.0,0.7602185690026655,1,6.0,0.7125289741481294,1,66.0,0.4857263038895564,4,49.0,0.41473363941258307,0,33.0,0.9537241198700042,2,6.0,0.3947907605307526,1,7.0,0.6104246365873929,1,2.0,0.6715832379286834,22,458.0
2970.0,25,203.0,1.180232558139535,8.096874388268462,9,289.0,0.23944050457987232,1,12.0,0.6306613244972732,1,11.0,0.8133698336144829,1,46.0,0.3998561159802827,5,38.0,0.44543417873305347,0,0.0,0.9368009564936519,0,23.0,0.3994175050322681,2,9.0,0.49314007016763267,3,10.0,0.362287901263164,22,438.0
2975.0,21,194.0,1.1345029239766082,8.28446732456091,6,259.0,0.43177508140399395,1,12.0,0.772901566211326,1,16.0,0.6511835743724229,2,24.0,0.4336140427035255,1,29.0,0.31971650066522017,0,0.0,1.0,4,45.0,0.43042966688008755,4,28.0,0.36704978662558596,1,5.0,0.6970768357892139,20,418.0
2980.0,24,215.0,1.2874251497005988,7.959123782061247,7,261.0,0.30762682565118077,0,12.0,0.8854898467611962,2,7.0,0.471683730759166,1,22.0,0.5567791979378409,4,26.0,0.3046170148512496,0,0.0,0.9667984312980362,4,64.0,0.20213685637417908,5,34.0,0.4198068114171668,0,11.0,0.8782040346667592,23,437.0
2985.0,21,171.0,1.0363636363636364,8.013147940152917,10,280.0,0.22139260731662008,1,12.0,0.7543156887781834,2,11.0,0.48089606911838617,2,53.0,0.6888870715851886,2,15.0,0.2936954356162428,0,3.0,0.9594710915649962,3,62.0,0.4429688558820972,1,12.0,0.6484578536136217,0,7.0,0.8861062779431582,21,455.0
2990.0,29,255.0,1.536144578313253,8.022821818517667,15,317.0,0.22577297281401182,0,4.0,0.9237670634736519,3,24.0,0.5034005869495051,3,77.0,0.6402999919736895,2,22.0,0.41897712423175265,0,0.0,1.0,1,16.0,0.5109918915005032,4,25.0,0.28891771927328463,0,7.0,0.5708466327627952,28,492.0
2995.0,32,338.0,2.036144578313253,7.883725979515938,15,332.0,0.20730299527956522,0,4.0,0.876684466107906,1,15.0,0.666561027343043,3,71.0,0.6935539880909135,2,40.0,0.6397638263288045,0,0.0,1.0,3,26.0,0.29197554213817983,5,49.0,0.23873244515528552,2,20.0,0.5397635425717743,31,557.0
3000.0,26,240.0,1.437125748502994,8.049396696704227,11,366.0,0.22718592879250518,1,1.0,0.7235316828950379,1,3.0,0.7920994237747536,1,22.0,0.6011707239889476,1,26.0,0.7541444801384739,0,30.0,0.8753171943189716,2,16.0,0.3582381200721079,5,37.0,0.3464825445847755,3,34.0,0.37749756306575666,25,535.0
3005.0,24,254.0,1.5119047619047619,8.941981962932367,12,348.0,0.1768188454070851,1,6.0,0.761715448801994,1,8.0,0.7680661510460935,4,24.0,0.38448626748882403,1,13.0,0.6353303802021076,0,32.0,0.9704828676842036,0,6.0,0.8504179049477583,0,20.0,0.6577332987783447,2,31.0,0.5793348586272332,21,488.0
3010.0,32,329.0,1.9819277108433735,8.022562584309382,15,417.0,0.13316135005109614,0,0.0,0.7301761809130851,0,0.0,0.8032293604275758,7,57.0,0.3711658213216884,3,19.0,0.4809516838894898,0,2.0,0.9774910197047101,1,1.0,0.47646115062704136,1,1.0,0.6347940147944847,2,12.0,0.6677031016403236,29,509.0
3015.0,25,344.0,2.0476190476190474,8.688596660715403,14,476.0,0.15140474409899993,0,0.0,0.9647301208885394,0,0.0,0.9504147022189813,5,43.0,0.36660822775885343,0,4.0,0.9643154509111248,0,0.0,0.983562010803275,0,4.0,0.8097786057134418,2,12.0,0.60296054329275,2,31.0,0.6437430171231578,23,570.0
3020.0,23,377.0,2.2848484848484847,8.338237438526972,16,527.0,0.22840661994214906,0,0.0,0.9602606179185615,0,0.0,0.8343699741271368,0,27.0,0.7169027722875132,0,4.0,0.8472481691629895,0,0.0,0.9699922149962502,0,4.0,0.6963043259344238,2,16.0,0.4889687221475078,3,24.0,0.541160436866179,21,602.0
3025.0,25,404.0,2.4634146341463414,8.32368627119811,14,519.0,0.15097765025878992,0,0.0,0.5545020803884164,0,0.0,0.9375888372362348,2,15.0,0.6758142520210537,1,6.0,0.6259317977898144,0,0.0,0.9703791562072147,2,62.0,0.5988608935023333,1,16.0,0.7211105330813468,4,43.0,0.5946693617856391,24,661.0
3030.0,29,292.0,1.7804878048780488,7.906097031856827,14,503.0,0.08869498599714652,1,5.0,0.5446040728358971,1,1.0,0.6561801347295388,2,12.0,0.4768237410953823,2,6.0,0.5959369953780009,0,0.0,1.0,2,74.0,0.5450940228399997,2,26.0,0.6110847534661805,5,72.0,0.44053340768931276,29,699.0
3035.0,25,256.0,1.6305732484076434,8.137745402630213,12,359.0,0.1381872256728742,1,10.0,0.4628435135561719,1,6.0,0.6996397388196676,1,9.0,0.6319031276151029,0,3.0,0.5025541779538014,0,1.0,0.9972660399052012,1,13.0,0.7681150636059207,2,17.0,0.656966770300697,7,106.0,0.397266664235449,25,524.0
3040.0,27,294.0,1.849056603773585,8.021128034138524,10,327.0,0.24934226641726612,0,0.0,0.9712736309625893,1,11.0,0.7100326056117782,1,10.0,0.8160311279041348,2,17.0,0.44962613791383377,0,1.0,0.9362841784976711,0,4.0,0.7704084304435764,3,17.0,0.3629475908556429,8,98.0,0.16117487068769779,25,485.0
3045.0,27,305.0,1.9182389937106918,8.025423380671805,10,306.0,0.2918393498729912,0,0.0,0.9865948888543299,2,3.0,0.46687481922021185,1,15.0,0.6887832692303121,1,12.0,0.6526080057435277,0,0.0,1.0,3,20.0,0.39118835690570725,3,31.0,0.3696738462638845,4,63.0,0.3716533880633443,24,450.0
3050.0,25,298.0,1.8509316770186335,8.1388547315288,8,249.0,0.1895769344024965,0,0.0,0.9560878020504913,2,17.0,0.6106640966355062,1,8.0,0.6581345103936338,1,12.0,0.803530911189237,0,0.0,1.0,4,59.0,0.40679806901817983,3,42.0,0.544661989797599,5,64.0,0.3609520607129461,24,451.0
3055.0,23,218.0,1.371069182389937,8.837905150436496,10,236.0,0.22266464464975022,0,0.0,0.9421574766743971,3,28.0,0.5152154183533868,2,20.0,0.7368204271636399,1,25.0,0.7451921909144924,0,0.0,0.9599087094338175,0,42.0,0.5524816273147108,1,14.0,0.6903483036107293,3,32.0,0.35585948456767447,20,397.0
3060.0,26,283.0,1.7469135802469136,8.936561661582937,11,266.0,0.16758025229304926,1,1.0,0.4681768093650717,0,5.0,0.9207234932629236,3,30.0,0.502041834527343,1,20.0,0.6915886485488935,0,0.0,0.9373816606010196,2,48.0,0.3579094352105021,3,36.0,0.5603270210021473,2,34.0,0.3891861978015502,23,440.0
3065.0,25,348.0,2.1349693251533743,8.575584683336514,11,275.0,0.1541935053145198,1,6.0,0.5851974947676278,0,4.0,0.952878792729754,5,34.0,0.304076861905857,0,8.0,0.6134216268844286,0,0.0,0.950273182357282,1,61.0,0.5915100258841292,3,47.0,0.5810751296900403,3,49.0,0.4505886203608673,24,484.0
3070.0,23,310.0,1.8674698795180722,8.91303760869071,7,297.0,0.2901981917899639,0,0.0,0.9196951640203461,0,4.0,0.8971624458765416,5,41.0,0.5547544724640795,2,15.0,0.6168867381962986,0,0.0,0.8867803969858511,1,29.0,0.6489791495784248,3,36.0,0.6394659598193682,1,24.0,0.6882336396707018,19,446.0
3075.0,24,321.0,1.8771929824561404,8.888271638045058,7,273.0,0.3123944630185277,0,4.0,0.909395537326145,1,5.0,0.8368972216406831,5,66.0,0.42752645595744965,2,8.0,0.5345568087689386,0,10.0,0.933348075578114,2,22.0,0.4852863102027616,3,34.0,0.3393406920708404,1,6.0,0.5954637298842708,21,428.0
3080.0,25,307.0,1.8058823529411765,8.090235570163472,9,226.0,0.08284081526890427,0,4.0,0.9697002478956523,1,6.0,0.7912081364315386,3,47.0,0.5246284032981037,2,12.0,0.43025923070885774,0,20.0,0.9773663822296409,1,45.0,0.5399096281552151,7,62.0,0.11821663130646572,1,13.0,0.6053136931883903,24,435.0
3085.0,22,139.0,0.8323353293413174,8.516661794696537,7,222.0,0.24613273672658012,0,4.0,0.9584285043910783,2,16.0,0.7704349621951593,0,7.0,0.7591918909562909,3,17.0,0.3653735370988621,0,10.0,0.7371408883805808,2,52.0,0.4272818056157011,6,55.0,0.23668629935592084,0,6.0,0.8967530652326634,20,389.0
3090.0,20,133.0,0.7869822485207101,8.627997543486805,7,117.0,0.2781591425273942,0,4.0,0.9206343286321084,3,3.0,0.6601875017587534,0,6.0,0.8613635725970468,1,7.0,0.4259069576373546,0,19.0,0.8737901077814002,4,69.0,0.3191448121704136,1,39.0,0.5420244390312561,0,7.0,0.9395461256775235,16,271.0
3095.0,18,150.0,0.9036144578313253,9.06122105528597,7,124.0,0.3010238462616275,0,4.0,0.6571279116104107,2,12.0,0.6941189982431176,2,10.0,0.5769303613431439,0,9.0,0.6767592216978106,0,19.0,0.9434287571345006,4,56.0,0.35892906472546127,1,17.0,0.6613861763193175,0,5.0,0.8169267890779024,16,256.0
3100.0,18,145.0,0.8841463414634146,9.094930426898436,6,141.0,0.20090713999977344,0,0.0,0.6440987770247671,3,24.0,0.6445736040645383,4,23.0,0.6003443466488846,1,12.0,0.7565133832911233,0,0.0,1.0,0,3.0,0.40985271324229733,0,4.0,0.9548923558950632,0,3.0,0.6619842739048512,14,210.0
3105.0,16,157.0,0.9457831325301205,9.053060066429522,8,158.0,0.22113768438742312,1,5.0,0.5713134183802167,1,12.0,0.7319725987368096,2,38.0,0.5222593626664306,0,8.0,0.7487752133340778,0,5.0,0.9365581468965999,0,46.0,0.3929591364848939,0,4.0,0.4780667256070223,0,0.0,0.7921036129530349,12,276.0
3110.0,27,227.0,1.392638036809816,8.66920716785073,8,155.0,0.11961931394087441,1,10.0,0.4629957978388488,0,4.0,0.8977606809161006,6,58.0,0.3298866121949336,1,10.0,0.704603433290669,0,0.0,1.0,1,52.0,0.46486881201389013,4,16.0,0.1831530719873181,0,0.0,0.9600883892814671,21,305.0
3115.0,27,207.0,1.2699386503067485,7.849830764444742,5,160.0,0.3489942931680665,0,0.0,0.9165138315563605,0,0.0,0.844660901759652,6,66.0,0.36994837682760745,2,16.0,0.4001505269362891,0,0.0,0.7708780814643943,2,58.0,0.5452804210054392,4,29.0,0.19807937285449218,0,0.0,0.9628624977218357,19,329.0
3120.0,20,221.0,1.38125,8.26926665604265,6,121.0,0.28512387087554225,0,0.0,0.9289445801656699,0,4.0,0.9646596675457627,2,68.0,0.5424843059036937,1,7.0,0.3679148165447817,0,1.0,0.9126631759004091,2,21.0,0.5978712637556537,3,37.0,0.22095621192529546,0,5.0,0.9329811312720606,14,264.0
3125.0,23,261.0,1.6415094339622642,8.72379403748354,9,125.0,0.28819033002589517,0,0.0,0.925500739631953,1,10.0,0.8152585998874344,1,55.0,0.6407999240802986,1,10.0,0.4480794569233546,0,1.0,0.9757188695438055,1,4.0,0.6507566854410415,3,52.0,0.4381791518844462,0,9.0,0.9283147335904018,16,266.0
3130.0,17,207.0,1.29375,9.044336447510904,7,151.0,0.3231039206927765,0,0.0,0.9766982980342533,1,11.0,0.7389637317992355,1,36.0,0.6912955913625983,1,10.0,0.6672301154595885,0,0.0,0.9451867903978852,1,22.0,0.6654700395223568,1,18.0,0.5681563612792645,0,8.0,0.959239411141961,12,256.0
3135.0,15,186.0,1.169811320754717,9.08205351399646,9,167.0,0.25321660821332503,0,0.0,0.5586024502911809,0,0.0,0.8672738318655254,1,21.0,0.6010473192959442,0,0.0,0.9382366039597011,0,0.0,0.9490625313112628,2,62.0,0.5684208659851355,0,0.0,0.7887308841943631,0,17.0,0.8015504108165833,12,267.0
3140.0,20,142.0,0.8987341772151899,8.100520646390304,9,153.0,0.1331330735014412,1,5.0,0.6097201293397329,1,4.0,0.8504674784668447,4,19.0,0.4619470143580038,0,8.0,0.7411500876801839,0,0.0,1.0,0,37.0,0.2625092622303542,0,0.0,0.7584767293055747,0,13.0,0.6079081761985436,15,239.0
3145.0,25,174.0,1.0807453416149069,8.38792622022256,7,165.0,0.13155639498185975,1,10.0,0.6336649272448249,1,9.0,0.8380570546277671,5,38.0,0.4199340050088553,1,11.0,0.7494192242868049,0,0.0,0.9445474453697033,2,36.0,0.27392701224598426,1,2.0,0.5037101552534119,0,0.0,0.5968296584017944,18,271.0
3150.0,28,267.0,1.608433734939759,8.730829343738268,7,146.0,0.1396654979263673,0,0.0,0.9642354841597912,0,4.0,0.9428999641518665,6,64.0,0.24302744127739362,0,12.0,0.7170759157389578,0,4.0,0.9648971603211776,3,44.0,0.23906819494643222,3,14.0,0.3778155324075307,1,9.0,0.6837910584359966,20,297.0
3155.0,23,239.0,1.4662576687116564,8.657265587956058,7,146.0,0.03556937770506319,0,0.0,0.8544656597746726,0,4.0,0.815524471150136,6,59.0,0.4720030782774137,0,4.0,0.7638075618893009,0,0.0,0.9683827067362402,1,30.0,0.3910339062149368,3,27.0,0.539363746046298,0,4.0,0.7216177929554864,17,274.0
3160.0,14,85.0,0.5345911949685535,8.765503073749084,2,138.0,0.1557030587430758,1,4.0,0.5857906887045278,1,4.0,0.3868780042159597,2,59.0,0.38470716328022714,0,4.0,0.9662795455807128,0,0.0,0.9426535090350882,1,34.0,0.400882095000528,1,10.0,0.7622964134955131,1,8.0,0.7423224506219371,9,261.0
3165.0,14,85.0,0.5448717948717948,8.985847145762161,1,95.0,0.6685798115005545,0,0.0,0.7411963928106295,2,8.0,0.4820214994443109,4,52.0,0.45055861278480736,0,4.0,0.808299223087019,0,0.0,1.0,2,57.0,0.6043552125032344,0,0.0,0.6258005830626552,3,30.0,0.4717098033132474,12,246.0
3170.0,15,85.0,0.5483870967741935,8.631517031246101,1,24.0,0.547382670682977,0,0.0,0.9902822391302987,1,8.0,0.33869756324282935,5,54.0,0.28933838784542726,1,15.0,0.6404668613384047,0,0.0,1.0,1,79.0,0.5801713812589652,1,3.0,0.5108610654563308,3,29.0,0.3890847967377424,13,212.0
3175.0,21,101.0,0.6601307189542484,8.88188781999279,2,13.0,0.5742426199671934,0,0.0,0.9740036045378417,2,19.0,0.3072773334510274,8,68.0,0.3028315671976482,2,23.0,0.6924242931861405,0,0.0,0.9488021255606314,2,92.0,0.5107853361921778,1,3.0,0.5345525839184105,1,6.0,0.6425939894753517,18,224.0
3180.0,23,161.0,1.038709677419355,8.786356478372383,1,11.0,0.6759077318711797,0,0.0,0.6921840215361799,1,8.0,0.6592297565089112,9,109.0,0.30938674291004864,1,10.0,0.6133850289820313,0,0.0,0.8673034324186102,5,112.0,0.37572423142615036,1,6.0,0.6288947833283945,2,16.0,0.47414910247787123,20,272.0
3185.0,23,188.0,1.236842105263158,8.052514381610587,3,20.0,0.21808059725966747,1,3.0,0.44368413698782083,0,4.0,0.8202683178411689,8,104.0,0.1840362345948974,2,17.0,0.42931711394411515,0,0.0,1.0,4,74.0,0.4162616665216896,1,12.0,0.7132408962872872,1,12.0,0.7864343494254873,20,246.0
3190.0,19,146.0,0.9419354838709677,8.48989796163164,3,32.0,0.1851046036124861,1,8.0,0.4964228943281635,0,4.0,0.9370719536567947,4,98.0,0.4055606111752097,3,28.0,0.4933103715174883,0,10.0,0.8898183675947059,3,48.0,0.41367107068795556,0,13.0,0.8933400453094136,0,7.0,0.8546678185319109,14,248.0
3195.0,17,73.0,0.46496815286624205,8.779212910566185,1,33.0,0.5109893701780193,0,0.0,0.896632884052238,0,8.0,0.9123246080271222,0,73.0,0.5599763346373715,1,9.0,0.6454745050585383,0,10.0,0.9955856472256231,6,50.0,0.2868220302939441,0,9.0,0.6630323088172372,2,11.0,0.6240609452285892,10,203.0
3200.0,19,102.0,0.6496815286624203,8.789244313936365,1,28.0,0.7788385757017506,0,0.0,0.6930512339212715,0,8.0,0.8874535591820407,1,43.0,0.6421168065877364,3,17.0,0.5488311110335256,0,0.0,1.0,4,44.0,0.28132736605271064,2,14.0,0.6007314989156562,3,22.0,0.41709355663699266,14,176.0
3205.0,18,132.0,0.8516129032258064,8.96701495019926,0,13.0,0.8394868009178594,1,5.0,0.6415744764855926,0,4.0,0.7009582109441691,1,33.0,0.6470430944626341,4,34.0,0.6030948729399312,0,0.0,1.0,2,94.0,0.42439823306880053,2,16.0,0.46534438456451027,3,13.0,0.4601628573304319,13,212.0
3210.0,18,146.0,0.948051948051948,9.074145079653812,2,14.0,0.2631791901880286,0,0.0,0.9211416589043304,2,12.0,0.6813977915551344,1,21.0,0.6220415475918827,3,34.0,0.5988310550881079,0,5.0,0.9685797668999931,4,107.0,0.22366869458119149,2,22.0,0.08414112349409676,1,11.0,0.7738010086747912,15,226.0
3215.0,13,104.0,0.6666666666666666,8.758474803304894,3,26.0,0.22632480062950933,0,0.0,0.9490561699842768,0,15.0,0.6975100578604982,2,13.0,0.3926452928387651,1,14.0,0.550099517789231,0,0.0,0.9961475891180014,4,90.0,0.4068146670132526,1,17.0,0.49021919366299904,1,12.0,0.6683794509451026,12,187.0
3220.0,21,137.0,0.85625,8.818398267078704,3,43.0,0.47522867421783416,0,0.0,0.744772208487676,0,28.0,0.716533158403336,5,39.0,0.4699538121153388,3,19.0,0.5503310646659882,0,0.0,0.9425002095315581,2,89.0,0.5464137552356456,1,22.0,0.6528319578952927,2,4.0,0.27122263692164994,16,244.0
3225.0,24,197.0,1.2628205128205128,8.610942790920175,2,40.0,0.5775765403476723,0,0.0,0.6217845271010646,2,31.0,0.5896260669839861,5,64.0,0.6165893835472388,4,39.0,0.45507111323199595,0,3.0,0.9596582604375892,3,63.0,0.5916681235273017,1,29.0,0.7344546119928168,3,22.0,0.4717337655439085,20,291.0
3230.0,18,164.0,1.0512820512820513,8.290221290045965,3,47.0,0.5562545600688371,1,4.0,0.4932885890102331,3,44.0,0.5678521563136297,3,26.0,0.5420886976231174,1,14.0,0.3438756580897934,0,3.0,0.9812951602667078,1,14.0,0.5421307193968288,0,2.0,0.9102470316749696,3,37.0,0.4395432598434939,15,191.0
3235.0,21,172.0,1.1096774193548387,8.843259860552632,3,65.0,0.47939424665592495,2,14.0,0.464502835485878,3,59.0,0.5987854965722959,2,32.0,0.6692339941078614,2,24.0,0.49954110751711867,0,9.0,0.9779356062297816,3,36.0,0.4799172853590089,1,3.0,0.7039312094883676,1,7.0,0.7065564172546451,17,249.0
3240.0,24,187.0,1.1987179487179487,8.417756399494989,5,76.0,0.25060137886724937,1,10.0,0.5248589680719707,3,46.0,0.5404736831681214,2,35.0,0.6557242295484825,3,32.0,0.5109340670468437,0,0.0,0.93201132099925,5,37.0,0.30763078219956624,3,16.0,0.43597834262898616,1,5.0,0.4930942185564902,23,257.0
3245.0,18,150.0,0.9803921568627451,8.171895056717974,4,93.0,0.32116308276986505,1,3.0,0.486757036225046,3,35.0,0.45174586507904385,0,12.0,0.6740037078487423,1,13.0,0.5219248492661939,0,0.0,0.9314308503310099,4,38.0,0.18851893776733245,2,17.0,0.5018821826068628,2,15.0,0.33171582940866046,17,226.0
3250.0,17,157.0,1.0129032258064516,8.636851049254055,5,115.0,0.26432316800179584,1,8.0,0.4932861755266943,2,41.0,0.6134829512004308,4,26.0,0.4616442219226681,3,23.0,0.2984946205982111,0,3.0,0.9769633172669918,0,14.0,0.4466609493958762,1,7.0,0.6660294261238543,0,28.0,0.6495986890696526,16,265.0
3255.0,24,217.0,1.3821656050955413,8.546085884659131,6,128.0,0.27553924707216104,0,0.0,0.9490997098258874,3,25.0,0.45087683759529473,6,54.0,0.4598242050702008,5,46.0,0.5513487575733137,0,0.0,0.9704059732335869,0,11.0,0.9480194080492524,1,16.0,0.6189473549300943,1,31.0,0.31996366532128956,22,311.0
3260.0,26,268.0,1.6962025316455696,8.439344007011577,7,158.0,0.32879800194560926,0,0.0,0.9349444672920649,4,39.0,0.560375774674534,2,31.0,0.5000773983960372,3,42.0,0.624043556351458,0,0.0,0.9272265036556597,0,14.0,0.792640242415105,2,26.0,0.595891374585188,4,51.0,0.3438192779641312,22,361.0
3265.0,22,293.0,1.8662420382165605,8.418316218409872,8,200.0,0.33379378113419794,0,0.0,0.034514551896793484,5,62.0,0.5602692719045002,0,0.0,0.8057805834065072,0,29.0,0.6914433334447648,0,0.0,0.9341685151817473,1,26.0,0.6667117063058721,4,14.0,0.4000839769956301,2,25.0,0.4004243249075127,20,356.0
3270.0,24,238.0,1.5063291139240507,8.169497346406354,10,124.0,0.11930358448487495,0,0.0,1.0,4,67.0,0.5279948640579704,1,6.0,0.5818427506927076,1,13.0,0.6307793983600184,0,0.0,1.0,2,34.0,0.6201207909180037,4,39.0,0.29830660986834107,0,1.0,0.6490864480055019,22,284.0
3275.0,20,136.0,0.8662420382165605,8.573345988532578,3,86.0,0.2101006724480984,0,0.0,1.0,0,57.0,0.6933280361756617,2,15.0,0.6036719402049144,3,14.0,0.5626886965395499,0,6.0,0.9427352174005067,3,19.0,0.4922964256227338,4,57.0,0.3226701380443644,1,3.0,0.7339537870392494,16,257.0
3280.0,20,123.0,0.7987012987012987,8.53310095233991,3,31.0,0.3049372525573402,0,0.0,1.0,1,17.0,0.5666079323916843,3,19.0,0.4767761160849987,5,24.0,0.2837032924453627,0,2.0,0.9750065186647265,3,25.0,0.3983589608174436,2,23.0,0.556073949536045,1,4.0,0.7092455176935578,18,145.0
3285.0,24,189.0,1.2352941176470589,8.252207434303594,2,33.0,0.3183275283259107,0,0.0,1.0,2,20.0,0.6565045560660863,4,27.0,0.5080125300654397,7,61.0,0.28668831469472783,0,6.0,0.857065177189707,4,72.0,0.4248282573533154,2,25.0,0.6470576970494665,2,12.0,0.5457160233252871,23,256.0
3290.0,17,188.0,1.2207792207792207,8.870487827122977,2,27.0,0.47565712406169236,0,0.0,0.9685909933949157,2,21.0,0.4917908968079121,4,49.0,0.5758453116137972,2,48.0,0.6841922283033911,0,4.0,0.9147553820524192,3,62.0,0.4985575656151027,2,16.0,0.5481752810595878,2,22.0,0.56513296933897,17,249.0
3295.0,16,91.0,0.5909090909090909,8.64512397761517,3,36.0,0.4208759344678163,0,0.0,0.9833761653636959,5,42.0,0.31900082699994586,4,49.0,0.5178232289131824,0,28.0,0.8123258652457402,0,0.0,0.9790790423299447,0,44.0,0.54923760329971,1,3.0,0.6252655961667729,0,0.0,0.5173200692583293,13,202.0
3300.0,19,94.0,0.5911949685534591,8.748426600823338,3,24.0,0.35095183379483885,0,0.0,0.9331826285035734,3,32.0,0.6313217898770622,1,36.0,0.6481362525481009,0,8.0,0.7027238027510994,0,1.0,0.9708453308325106,2,39.0,0.3864347562198915,3,20.0,0.5954449705603306,0,0.0,0.7736777768938261,12,160.0
3305.0,17,135.0,0.8823529411764706,8.691986532229969,4,46.0,0.44125782592164103,0,0.0,0.9785851309916437,0,15.0,0.5935525051723605,2,25.0,0.5637675055452681,0,13.0,0.4482619846519715,0,1.0,0.9694420192280899,3,56.0,0.38125753222675135,4,43.0,0.508703852749626,0,4.0,0.7192319361481925,13,203.0
3310.0,19,166.0,1.1140939597315436,8.239068143469025,5,66.0,0.35856666771431045,0,0.0,0.9655596501298858,1,10.0,0.6458587553811168,2,13.0,0.2521196193262705,0,10.0,0.49700061888511937,0,0.0,1.0,3,35.0,0.534275351026366,5,44.0,0.45616071922037843,1,8.0,0.768265725318158,17,186.0
3315.0,18,168.0,1.1428571428571428,8.479749702281437,4,61.0,0.21497722586200102,0,0.0,0.7433167783530058,2,13.0,0.6425533225803536,4,29.0,0.40840854656575004,0,8.0,0.7682802854369418,0,0.0,1.0,0,25.0,0.6959629053679334,4,49.0,0.3565237308080862,1,13.0,0.6631603941694003,15,198.0
3320.0,25,209.0,1.4315068493150684,8.321298199879601,4,42.0,0.12130817127228079,1,2.0,0.20697303354893545,5,38.0,0.5752322382392412,4,49.0,0.5758116975786043,0,16.0,0.7475587860968493,0,3.0,0.9551645039079723,0,14.0,0.3793021279542253,5,61.0,0.3252829409835306,2,16.0,0.20610770279655102,21,241.0
3325.0,28,269.0,1.8551724137931034,8.11348270221613,5,63.0,0.19102551516030566,1,3.0,0.44262274033127175,5,63.0,0.5814920502885115,2,36.0,0.7041948955610258,1,21.0,0.8220224269297791,0,3.0,0.9766257437470542,1,20.0,0.39509521991615265,6,53.0,0.10469396351323623,2,26.0,0.552395931588095,23,288.0
3330.0,25,227.0,1.5337837837837838,8.159964945983251,4,63.0,0.48036412019762775,0,0.0,0.8969015035542766,4,46.0,0.469885066833872,1,16.0,0.5418778153035786,1,26.0,0.6593323835786664,0,0.0,0.9735072930659499,1,45.0,0.5778399470294904,5,53.0,0.2250486354991467,0,0.0,0.9129844265404169,16,249.0
3335.0,26,225.0,1.5,8.294873386568712,2,48.0,0.5606367311335081,0,0.0,0.9668205034808945,3,35.0,0.6514016159125628,1,6.0,0.5490047835603974,1,10.0,0.5639786944580192,0,0.0,1.0,1,30.0,0.5136119833008619,6,73.0,0.31815051283737245,0,15.0,0.8302871938218063,14,217.0
3340.0,19,189.0,1.243421052631579,8.71997497860619,3,31.0,0.2892546839956177,0,0.0,0.9415222444948305,3,32.0,0.6877379495653222,2,8.0,0.4572678071092362,1,9.0,0.673998939784271,0,0.0,0.7783230229134229,2,48.0,0.42485672980632166,2,28.0,0.48181332638916696,1,5.0,0.6795986498160491,14,161.0
3345.0,21,230.0,1.513157894736842,8.971584257125011,5,32.0,0.36379932537635756,0,0.0,0.9219902439540093,1,15.0,0.6580000991053432,2,18.0,0.470161366489928,2,22.0,0.5085144546008461,0,0.0,0.9647976746603304,3,93.0,0.34438559666793434,4,44.0,0.49945052068422935,0,4.0,0.7184470493388032,17,228.0
3350.0,23,275.0,1.8333333333333333,9.16862035110408,2,42.0,0.4824161054403367,0,0.0,0.9030886783718834,1,13.0,0.7527685046632901,2,33.0,0.5470384193641696,1,17.0,0.6002615841135691,0,0.0,0.6575925811150124,4,104.0,0.39721919757865215,5,65.0,0.4907270040540338,2,9.0,0.21786596860925053,17,283.0
3355.0,27,307.0,2.033112582781457,8.543775186067476,5,46.0,0.26649914158509896,0,0.0,1.0,1,18.0,0.7354458169722017,4,55.0,0.4699999932833559,2,16.0,0.6771362390489893,0,0.0,0.732288761397402,3,70.0,0.4578632976623177,3,36.0,0.47569535747371366,4,24.0,0.1845718029430748,22,265.0
3360.0,18,190.0,1.2582781456953642,8.791356440058244,4,56.0,0.39140023269850643,0,0.0,1.0,1,5.0,0.7890055783219782,2,37.0,0.5366135442377605,2,26.0,0.4073933200363499,0,0.0,0.8119952844529301,2,60.0,0.5216146054508476,3,38.0,0.45863993550849874,2,17.0,0.3111370279486273,16,239.0
3365.0,21,121.0,0.8013245033112583,9.283753668362408,2,44.0,0.499740138384754,0,0.0,1.0,1,10.0,0.7871808517811556,2,14.0,0.5636769153334104,4,33.0,0.44501554393942033,0,0.0,0.9633047298643588,4,132.0,0.3047713188132384,4,56.0,0.29806499859697516,0,0.0,0.8104592397924034,17,289.0
3370.0,18,122.0,0.8356164383561644,9.412165555151853,2,29.0,0.43546181276838664,0,4.0,0.9454242726120698,1,16.0,0.7732939179991865,3,17.0,0.492234757890557,0,24.0,0.5856010174947879,0,0.0,1.0,4,112.0,0.4005668329884661,3,43.0,0.4359485866068464,1,5.0,0.6249365349337129,14,250.0
3375.0,11,96.0,0.64,9.98191855678209,4,50.0,0.3488199660708199,0,4.0,0.9931997173727689,0,5.0,0.9238310422424738,1,10.0,0.6817441795344122,0,8.0,0.6392464769061232,0,2.0,0.9434337418638458,1,97.0,0.3230459450429801,1,18.0,0.6133152985409126,1,14.0,0.5912259541525556,8,208.0
3380.0,18,112.0,0.7516778523489933,9.663202397133821,5,56.0,0.3155571916678082,0,4.0,0.9887791485093673,0,5.0,0.8394963768572209,3,17.0,0.7013881196911965,1,9.0,0.4201974486110754,0,2.0,0.9082733540866269,3,35.0,0.4016530638325579,3,13.0,0.4179085872437935,0,8.0,0.9406543927677808,15,149.0
3385.0,17,69.0,0.46621621621621623,8.502438472864023,2,63.0,0.4940411617547503,0,4.0,0.9303909795288878,1,10.0,0.559367832642356,3,32.0,0.3796756048532332,4,25.0,0.37751349125118255,0,3.0,0.7472052676385758,2,78.0,0.39115059093912724,1,1.0,0.495962862132368,0,4.0,0.9187321536065423,13,220.0
3390.0,16,104.0,0.7027027027027027,8.243151807681324,2,51.0,0.4348127808756297,0,4.0,0.7574269333486007,0,1.0,0.7674647754418535,3,25.0,0.35342339140939916,6,55.0,0.2585281370616194,0,23.0,0.9496982411635785,1,67.0,0.36861806983065426,2,9.0,0.5984524636457009,0,0.0,0.948008474610661,14,235.0
3395.0,16,100.0,0.6666666666666666,8.386899219027026,1,22.0,0.4120703036463294,2,8.0,0.3195168860113095,1,7.0,0.7963777561325793,0,4.0,0.44328239710864653,5,61.0,0.44639237705335993,0,26.0,0.7832377340320803,3,77.0,0.15466579292851798,1,15.0,0.7255242245476667,0,0.0,0.7500777897344562,13,220.0
3400.0,18,93.0,0.6283783783783784,8.695827003317037,4,28.0,0.21805571593059234,2,18.0,0.3102833672212236,1,12.0,0.8175297815135868,2,4.0,0.39095779288618027,1,45.0,0.5609449332297294,0,3.0,0.8878638168493662,2,67.0,0.40091611281184514,0,0.0,0.7103998851065262,1,9.0,0.5930041772268245,13,186.0
3405.0,22,126.0,0.8289473684210527,8.581945350747935,7,56.0,0.16141171888647202,0,0.0,0.5510266607456219,1,10.0,0.6465031995560002,3,16.0,0.5330749200919108,2,37.0,0.4248037139091209,0,0.0,1.0,1,6.0,0.45744650139023435,2,5.0,0.46110589303777844,2,22.0,0.6653122389507552,18,152.0
3410.0,28,157.0,1.0129032258064516,8.500101315719563,7,74.0,0.18583235515382715,1,4.0,0.45531061930325967,5,23.0,0.4725819155015186,2,28.0,0.7314927005729717,1,25.0,0.3888800326557431,0,5.0,0.9517484491373571,2,15.0,4.639771492682607e-05,2,15.0,0.47200154047842086,2,36.0,0.5756200058277718,22,225.0
3415.0,23,161.0,1.0522875816993464,8.48982574596419,2,81.0,0.2810590542100209,1,9.0,0.3963583148436116,5,48.0,0.3906321794368997,4,40.0,0.47915259322682613,4,37.0,0.5178806437358286,0,6.0,0.821878956640269,0,1.0,0.9362232917430249,3,19.0,0.41681177288029525,1,57.0,0.7274974728942977,20,298.0
3420.0,25,209.0,1.375,8.30744637366067,2,51.0,0.5629620608443132,0,0.0,0.8629721512939529,6,80.0,0.29009988439247,2,27.0,0.47945785317341266,5,58.0,0.39890113195387233,0,9.0,0.9598051958245928,0,5.0,0.8022588761524134,5,32.0,0.4086413064181056,3,66.0,0.4043633106873159,23,328.0
3425.0,25,200.0,1.3245033112582782,8.422036366443697,3,38.0,0.1868997287647565,0,0.0,0.9285785911658891,3,40.0,0.5543363495683138,1,17.0,0.6776463410240858,5,64.0,0.3936913248214493,0,45.0,0.9635623482576374,0,5.0,0.9509096231219668,4,49.0,0.4564451437867631,6,97.0,0.2841831652489417,22,355.0
3430.0,21,143.0,0.9407894736842105,9.021126461169597,4,48.0,0.13337742553870038,0,0.0,0.9121333233001451,1,27.0,0.6462318407953702,3,24.0,0.5971971984479063,2,52.0,0.46641657646816254,0,30.0,0.9653956547137129,0,12.0,0.8453761500358936,2,20.0,0.4356027541273846,6,95.0,0.2226298720441399,18,308.0
3435.0,20,164.0,1.0649350649350648,9.321646355159896,5,75.0,0.26788680728206293,0,0.0,0.6686925927681764,1,11.0,0.7728495280933034,5,27.0,0.4087541176457026,2,25.0,0.5216190561072267,0,10.0,0.9901540565047892,1,51.0,0.700121512578463,2,34.0,0.2213046371453726,0,58.0,0.6346665824020999,16,291.0
3440.0,19,158.0,1.0063694267515924,8.949659493433455,3,71.0,0.5210249913246707,1,9.0,0.6904973773626066,1,2.0,0.8001073730235487,4,42.0,0.5145156271826198,2,19.0,0.561579252541414,0,1.0,0.9660763583896741,1,51.0,0.5802370348385549,3,45.0,0.30151985969929607,1,6.0,0.7123300263901675,16,246.0
3445.0,22,192.0,1.2307692307692308,9.031875634160178,2,71.0,0.5488140173479311,1,14.0,0.8375306041614237,0,0.0,0.9435381776494624,6,49.0,0.3909193676276461,2,23.0,0.6616462605059428,0,0.0,0.86568934215527,2,47.0,0.4800295069409072,2,32.0,0.651923400206752,2,12.0,0.5075882806993989,17,248.0
3450.0,24,214.0,1.3630573248407643,8.08822869613774,3,73.0,0.4791410327862165,1,7.0,0.6620157731690666,0,4.0,0.9528420781058331,8,49.0,0.3133155891145623,3,39.0,0.42792101698326906,0,0.0,0.9487735659386859,3,52.0,0.20785424474977732,2,42.0,0.6185872297627375,1,4.0,0.512719129319236,21,270.0
3455.0,24,231.0,1.4528301886792452,8.466116305976515,4,52.0,0.2469935193868568,2,18.0,0.6142802343014939,0,4.0,0.8571222157081259,2,39.0,0.5047913365217753,3,32.0,0.31183670371569017,0,0.0,0.9395466204209306,3,80.0,0.2360419021078622,4,62.0,0.5189841514492588,3,23.0,0.5099900556631518,21,310.0
3460.0,19,134.0,0.8375,8.715575323193601,1,25.0,0.520040415546695,2,28.0,0.6005034927564118,1,5.0,0.7554428853491052,3,34.0,0.35935784284931827,1,32.0,0.4753990733962786,0,7.0,0.9067223239197569,3,113.0,0.4124451148951469,3,23.0,0.3259613550942096,4,39.0,0.4403383613443934,18,306.0
3465.0,16,79.0,0.5064102564102564,8.574080389520768,3,16.0,0.465562677129281,1,9.0,0.804743220218313,3,13.0,0.5405435599386735,3,19.0,0.48065825605239243,1,27.0,0.5639237486810214,0,27.0,0.9741416572280595,1,71.0,0.5900461295208896,2,25.0,0.33523522160162506,1,23.0,0.6887034576289461,15,230.0
3470.0,11,51.0,0.3333333333333333,9.042036733658326,4,16.0,0.3651195727010798,0,4.0,0.9065239036912198,0,11.0,0.6137092524442803,1,14.0,0.629996524448348,1,14.0,0.6315997421874453,0,37.0,0.7827874671320351,1,77.0,0.5238236457390243,2,29.0,0.3441746432417207,2,11.0,0.6291628834577838,11,213.0
3475.0,16,108.0,0.7058823529411765,9.727396374634607,5,32.0,0.24757891648008448,0,4.0,0.6180466452892295,1,8.0,0.6089649487985226,2,16.0,0.5358469915462191,1,19.0,0.7708045981352852,0,13.0,0.941921437242583,1,35.0,0.45708260388942534,3,39.0,0.5128072637631386,2,22.0,0.7183215370016186,15,188.0
3480.0,14,107.0,0.6903225806451613,9.406453195372649,5,58.0,0.2917769455310075,1,6.0,0.4636446609577322,2,16.0,0.6273415284310259,1,2.0,0.6276158344073536,1,20.0,0.7852056638167977,0,0.0,1.0,1,39.0,0.4581091740385105,1,5.0,0.7644527496541199,0,5.0,0.77226401861721,12,151.0
3485.0,16,103.0,0.6645161290322581,8.969278373240254,4,47.0,0.2773751227271783,0,4.0,0.4731457915607388,1,16.0,0.7523772332143358,1,3.0,0.6533790825421237,1,11.0,0.6096678561559228,0,0.0,1.0,2,45.0,0.47395135674970634,2,11.0,0.6565811280295903,2,14.0,0.4727718311997547,13,151.0
3490.0,24,141.0,0.9096774193548387,8.718373097137802,3,65.0,0.38530502316580545,1,7.0,0.47601225671823527,0,8.0,0.916985710018111,5,18.0,0.4371483133266409,3,17.0,0.48499108731041907,0,0.0,0.9347118382581936,2,33.0,0.2649061082522847,3,24.0,0.46856351403987356,3,32.0,0.3682986124015907,20,204.0
3495.0,22,171.0,1.089171974522293,8.748782337107222,3,72.0,0.46158346934211014,0,0.0,0.6981368615201882,0,8.0,0.8711394163509075,4,21.0,0.5223222646236446,3,32.0,0.4106958542885337,0,0.0,0.9364620812153649,3,13.0,0.3845894975843172,5,34.0,0.49102072716126294,1,17.0,0.6342970379213368,19,197.0
3500.0,21,177.0,1.120253164556962,8.468777485632152,4,58.0,0.37144812288679463,1,1.0,0.48130917469884554,1,13.0,0.7976212706790032,0,4.0,0.8286346525470212,3,29.0,0.3242891198395837,0,0.0,0.930571279040479,4,30.0,0.12349228399093287,6,63.0,0.3497877068728048,0,19.0,0.8792080267969393,19,217.0
3505.0,23,199.0,1.2922077922077921,8.596946070770116,3,46.0,0.38767661489004906,1,6.0,0.00539107196153875,1,25.0,0.6211170838512406,2,13.0,0.611272154549787,2,31.0,0.4974561029792497,0,0.0,0.9875230610756159,2,34.0,0.4066244202939373,8,104.0,0.2770946785505832,2,31.0,0.6383063033776781,21,290.0
3510.0,22,212.0,1.4228187919463087,7.899670670067239,4,50.0,0.39978302572257146,1,5.0,0.0,2,33.0,0.38526170585455394,2,8.0,0.6268258881287415,2,29.0,0.5782849007043289,0,0.0,1.0,0,17.0,0.6879329249561017,8,102.0,0.21208567342218473,1,30.0,0.8116986139184237,20,274.0
3515.0,19,97.0,0.6598639455782312,8.349159905026369,3,38.0,0.2558177232360659,0,0.0,1.0,2,25.0,0.6067196938636236,1,1.0,0.6294643275412936,1,14.0,0.38439159515869203,0,0.0,1.0,1,5.0,0.6585125184539005,3,75.0,0.5528212131068945,3,35.0,0.3097645742060308,14,193.0
3520.0,22,176.0,1.1812080536912752,9.188377397933708,3,49.0,0.2615302934994646,0,0.0,1.0,0,24.0,0.8608108946303216,2,14.0,0.41482136888931,4,30.0,0.5418146405248492,0,0.0,1.0,3,10.0,0.3086302192775485,3,40.0,0.5749522808169095,4,55.0,0.39831213640868324,19,222.0
3525.0,28,245.0,1.6442953020134228,8.942927029163469,4,64.0,0.2916059320295645,0,0.0,0.980460950439998,0,7.0,0.8291315259892675,0,4.0,0.9218163304157725,4,51.0,0.5080476817488481,0,0.0,0.5662809349271394,4,29.0,0.2947965764153683,6,34.0,0.4426450015321187,3,41.0,0.5803740058574194,21,230.0
3530.0,30,273.0,1.8827586206896552,8.400649359043827,4,69.0,0.3070924295517271,0,0.0,0.8659926411120278,1,7.0,0.646636584142285,0,4.0,0.9845612703745934,6,76.0,0.3478815679823519,0,0.0,0.9662952318053735,4,51.0,0.32696176397850696,8,51.0,0.0919103222504369,1,33.0,0.7791765109844611,24,291.0
3535.0,32,287.0,1.9793103448275862,7.144458793350111,3,75.0,0.4202628432674592,0,0.0,0.4699056390736877,3,22.0,0.6153745914522043,0,0.0,0.6853408279767809,4,41.0,0.2648735998634531,0,0.0,0.9617140758226641,2,24.0,0.37681363131745815,11,104.0,0.09371282370725988,2,27.0,0.6327901212128022,25,293.0
3540.0,20,224.0,1.5033557046979866,7.753498152398901,4,93.0,0.37680889737337864,0,0.0,0.9761336683111301,3,37.0,0.6922718378853963,0,5.0,0.8295638057442075,1,17.0,0.24339350648191943,0,0.0,0.8692558790730494,1,8.0,0.600169330342211,6,73.0,0.16975570229546263,2,14.0,0.6741323141634987,17,247.0
3545.0,18,188.0,1.2533333333333334,8.99185727788243,4,57.0,0.33341694122524873,0,0.0,0.4829751224819749,1,19.0,0.7651083983595905,2,5.0,0.4765374378051849,3,29.0,0.42440822425186087,0,0.0,1.0,2,15.0,0.5756665282543391,2,62.0,0.5376922739065274,0,35.0,0.7874326312074001,14,222.0
3550.0,19,229.0,1.5369127516778522,9.26444960244437,3,62.0,0.3475530575075234,0,0.0,0.9830746097659279,1,7.0,0.8452543424853554,3,23.0,0.19498255563288977,1,18.0,0.7131208753548379,0,0.0,1.0,1,4.0,0.19591041430959533,2,24.0,0.6643562854680998,1,30.0,0.7285110536281748,12,168.0
3555.0,12,196.0,1.3517241379310345,9.701386411339543,4,84.0,0.45889583042413323,0,0.0,0.9479727247956784,1,12.0,0.7515266979100276,1,19.0,0.6189033500686023,1,12.0,0.7924745596895431,0,1.0,0.9978230465898906,1,9.0,0.5448673649295306,2,34.0,0.6320177961447765,0,8.0,0.8615787798524849,10,179.0
3560.0,13,130.0,0.9219858156028369,9.443179863364907,5,116.0,0.43988582282687594,0,4.0,0.9588902745408134,0,4.0,0.6912850222456883,0,8.0,0.9453075019115038,3,17.0,0.5335015737862441,0,1.0,0.9722731878517844,1,42.0,0.7118415391610647,1,6.0,0.5148630105911042,0,11.0,0.8039897792659358,10,209.0
3565.0,13,128.0,0.920863309352518,9.042199933860813,5,109.0,0.4635497109354306,0,4.0,0.9516858484850247,1,5.0,0.5850129663561635,0,8.0,0.875991439147368,0,12.0,0.37717830297057614,0,0.0,0.9303838102744559,0,32.0,0.6386880914770198,3,16.0,0.4066047889961259,1,9.0,0.7920576780178982,10,195.0
3570.0,22,130.0,0.9219858156028369,8.100167186762125,4,72.0,0.3599046204451718,0,4.0,0.9386020928092496,2,15.0,0.45585660935291267,2,20.0,0.6345099713612065,2,17.0,0.5267877382227014,0,0.0,0.955119101734148,1,33.0,0.4564592756124281,3,31.0,0.30087672741026966,1,7.0,0.4939305125522668,15,199.0
3575.0,32,220.0,1.5277777777777777,7.567646261587252,7,83.0,0.27438975372098806,0,4.0,0.9339019853218046,1,5.0,0.77450611697723,1,13.0,0.6564847896729323,3,31.0,0.48813759429308184,0,10.0,0.9900468916128088,4,60.0,0.2509371930691911,2,21.0,0.5709141168492249,3,18.0,0.4498091418162229,21,245.0
3580.0,20,205.0,1.385135135135135,7.8942155527484745,9,99.0,0.22878332026919546,0,4.0,0.9870543109424617,0,0.0,0.9462822878346084,0,5.0,0.7899872761381038,1,18.0,0.592066219849347,0,0.0,0.9153886266386366,0,23.0,0.3110839609895258,0,4.0,0.672730409500615,3,33.0,0.4680389567729333,13,186.0
3585.0,20,165.0,1.13013698630137,8.31523267171626,7,141.0,0.340353711448529,0,4.0,0.9444812674275433,1,1.0,0.7142178658421022,0,4.0,0.8882769581484288,0,9.0,0.6638020881321808,0,0.0,0.9426119982268883,1,10.0,0.5120833143392906,1,6.0,0.43719471821723643,2,17.0,0.5773153702202167,12,192.0
3590.0,16,196.0,1.3243243243243243,8.976370536229915,5,125.0,0.3232221144775034,0,0.0,1.0,0,0.0,0.8562683090672918,1,5.0,0.7681909297299596,0,4.0,0.8772107433575198,0,1.0,0.9750408125851766,1,10.0,0.5720209343065794,0,8.0,0.9069831877068859,1,50.0,0.5868624651032665,8,203.0
3595.0,20,254.0,1.7162162162162162,8.441250456680374,6,125.0,0.22617316085533828,0,0.0,0.9183896708899871,1,2.0,0.7499395582943985,1,10.0,0.6427701915375775,0,4.0,0.6680906735458957,0,0.0,0.993580426033671,0,0.0,0.5251278892692272,1,15.0,0.7520688589360082,2,37.0,0.6093751382089558,11,193.0
3600.0,23,266.0,1.738562091503268,8.239264192548962,10,144.0,0.21087485253430294,0,0.0,0.9468803850580246,1,7.0,0.6600368271044409,2,20.0,0.3869219984772958,1,13.0,0.43563650361148254,0,36.0,0.9757474010862687,0,1.0,0.5774815923183458,1,20.0,0.7346994469802927,0,21.0,0.6978475508510837,15,262.0
